Order,Family,Genus,Species,Binomial,ActivityCycle,AdultBodyMass_g,AdultForearmLen_mm,AdultHeadBodyLen_mm,AgeatEyeOpening_d,AgeatFirstBirth_d,BasalMetRate_mLO2hr,BasalMetRateMass_g,DietBreadth,DispersalAge_d,GestationLen_d,HabitatBreadth,HomeRange_km2,HomeRange_Indiv_km2,InterbirthInterval_d,LitterSize,LittersPerYear,MaxLongevity_m,NeonateBodyMass_g,NeonateHeadBodyLen_mm,PopulationDensity_n/km2,PopulationGrpSize,SexualMaturityAge_d,SocialGrpSize,TeatNumber,Terrestriality,TrophicLevel,WeaningAge_d,WeaningBodyMass_g,WeaningHeadBodyLen_mm,Unnamed: 35,AdultBodyMass_g_EXT,LittersPerYear_EXT,NeonateBodyMass_g_EXT,WeaningBodyMass_g_EXT,GR_Area_km2,GR_MaxLat_dd,GR_MinLat_dd,GR_MidRangeLat_dd,GR_MaxLong_dd,GR_MinLong_dd,GR_MidRangeLong_dd,HuPopDen_Min_n/km2,HuPopDen_Mean_n/km2,HuPopDen_5p_n/km2,HuPopDen_Change,Precip_Mean_mm,Temp_Mean_01degC,AET_Mean_mm,PET_Mean_mm
Primates,Cheirogaleidae,Phaner,pallescens,Phaner pallescens,-999,-999.0,-999.0,-999.0,-999.0,-999.0,-999.0,-999.0,-999,-999.0,-999.0,-999,-999.0,-999.0,-999.0,-999.0,-999.0,-999.0,-999.0,-999.0,-999.0,-999.0,-999.0,-999.0,-999,-999,-999,-999.0,-999.0,-999,-999,-999.0,-999.0,-999.0,-999.0,43081.65,-15.2,-23.1,-19.15,47.07,43.75,45.41,2,9.07,3.0,0.19,83.91,244.48,870.02,1577.4
Carnivora,Mustelidae,Mustela,altaica,Mustela altaica,2,180.24,-999.0,243.52,-999.0,-999.0,-999.0,-999.0,1,56.0,40.0,1,-999.0,-999.0,365.0,5.44,-999.0,-999.0,-999.0,-999.0,-999.0,-999.0,-999.0,-999.0,-999,1,3,56.0,-999.0,-999,1113;1297;2655,-999.0,1.1,-999.0,-999.0,7652386.33,57.24,24.92,41.08,135.91,70.34,103.12,0,66.51,0.0,0.05,50.88,-6.12,451.07,714.7
Carnivora,Felidae,Felis,bieti,Felis bieti,-999,5486.95,-999.0,783.95,-999.0,-999.0,-999.0,-999.0,-999,-999.0,-999.0,1,-999.0,-999.0,-999.0,-999.0,-999.0,-999.0,-999.0,-999.0,-999.0,-999.0,-999.0,-999.0,-999,1,-999,-999.0,-999.0,-999,1113;2655,-999.0,-999.0,-999.0,-999.0,383107.61,41.17,32.99,37.08,104.32,96.28,100.3,0,33.45,0.0,0.06,30.11,-4.92,335.49,745.65
Rodentia,Nesomyidae,Hypogeomys,antimena,Hypogeomys antimena,1,1175.93,-999.0,306.34,-999.0,-999.0,-999.0,-999.0,5,-999.0,-999.0,2,0.02,0.02,-999.0,1.26,-999.0,-999.0,-999.0,-999.0,63.33,2.0,729.99,2.0,-999,1,1,-999.0,-999.0,-999,675;899;1045;1048;1297;1573;2152;2333;2655;2672,-999.0,-999.0,-999.0,-999.0,4191.4,-19.68,-20.44,-20.06,45.17,44.45,44.81,4,14.15,4.0,0.2,78.01,247.6,933.42,1567.19
Artiodactyla,Bovidae,Taurotragus,derbianus,Taurotragus derbianus,-999,646024.25,-999.0,2522.02,-999.0,-999.0,-999.0,-999.0,1,-999.0,-999.0,1,-999.0,-999.0,-999.0,-999.0,-999.0,194.04,-999.0,-999.0,0.74,50.0,755.15,-999.0,-999,1,1,-999.0,-999.0,-999,511;869;1525;1848;2655;2693,-999.0,-999.0,-999.0,-999.0,937936.53,14.03,3.48,8.76,31.51,-14.48,8.51,0,9.11,0.0,0.06,109.6,255.49,1024.39,1636.81
Rodentia,Cricetidae,Neacomys,spinosus,Neacomys spinosus,1,19.0,-999.0,-999.0,-999.0,-999.0,-999.0,-999.0,3,-999.0,-999.0,1,-999.0,-999.0,-999.0,-999.0,-999.0,-999.0,-999.0,-999.0,-999.0,-999.0,-999.0,1.0,-999,1,2,-999.0,-999.0,-999,905;2151;2655,-999.0,-999.0,-999.0,-999.0,3572207.77,1.92,-20.25,-9.16,-49.37,-78.67,-64.02,0,3.08,0.0,0.14,182.12,246.77,1406.15,1537.98
Chiroptera,Vespertilionidae,Myotis,ruber,Myotis ruber,-999,4.99,40.0,-999.0,-999.0,-999.0,-999.0,-999.0,-999,-999.0,-999.0,1,-999.0,-999.0,-999.0,-999.0,-999.0,-999.0,-999.0,-999.0,-999.0,-999.0,-999.0,-999.0,-999,2,-999,-999.0,-999.0,-999,1658;2151;2622;2655,-999.0,-999.0,-999.0,-999.0,1758280.25,-16.8,-29.88,-23.34,-39.69,-59.32,-49.5,0,65.5,2.0,0.07,123.94,206.06,1203.77,1328.84
Diprotodontia,Pseudocheiridae,Pseudochirulus,mayeri,Pseudochirulus mayeri,-999,151.75,-999.0,198.81,-999.0,-999.0,-999.0,-999.0,3,-999.0,-999.0,1,-999.0,-999.0,-999.0,1.26,-999.0,-999.0,-999.0,-999.0,-999.0,-999.0,-999.0,-999.0,4,2,1,-999.0,-999.0,-999,975;977;1760;1848;1991;2152;2655,-999.0,-999.0,-999.0,-999.0,71728.11,-3.41,-6.45,-4.93,144.31,135.67,139.99,1,8.38,2.0,0.18,257.96,181.47,1704.2,1726.38
Diprotodontia,Phalangeridae,Phalanger,gymnotis,Phalanger gymnotis,1,2597.89,-999.0,453.72,-999.0,-999.0,-999.0,-999.0,4,-999.0,12.99,3,-999.0,-999.0,-999.0,1.01,-999.0,144.0,-999.0,-999.0,-999.0,-999.0,-999.0,-999.0,-999,2,2,270.0,-999.0,-999,955;975;977;1093;1297;1848;1991;2152;2655,-999.0,-999.0,-999.0,-999.0,260036.85,-1.12,-10.18,-5.65,149.65,133.73,141.69,1,9.7,1.0,0.14,267.02,224.23,1674.53,1693.38
Soricomorpha,Talpidae,Mogera,tokudae,Mogera tokudae,2,133.48,-999.0,167.5,-999.0,-999.0,-999.0,-999.0,2,-999.0,40.0,1,-999.0,-999.0,-999.0,3.26,1.0,-999.0,-999.0,-999.0,-999.0,1.0,-999.0,-999.0,-999,1,2,-999.0,-999.0,-999,1280;2131;2529;2741;3114,-999.0,-999.0,-999.0,-999.0,2190.11,38.33,37.48,37.9,139.23,138.21,138.72,196,196.66,196.0,0.005110802,181.1,113.99,805.0,805.0
Rodentia,Sciuridae,Tamias,palmeri,Tamias palmeri,3,60.74,-999.0,125.02,25.5,-999.0,113.12,69.4,5,-999.0,33.21,1,-999.0,-999.0,-999.0,3.93,1.0,-999.0,3.29,-999.0,-999.0,-999.0,-999.0,-999.0,-999,2,2,81.85,21.22,-999,318;379;1297;1353;1781;1822;1977;2655,-999.0,-999.0,-999.0,-999.0,2237.62,36.64,36.03,36.33,-115.42,-116.22,-115.82,1,73.78,1.0,0.36,4.79,142.2,161.13,1129.45
Chiroptera,Rhinolophidae,Rhinolophus,canuti,Rhinolophus canuti,-999,-999.0,49.5,-999.0,-999.0,-999.0,-999.0,-999.0,1,-999.0,-999.0,1,-999.0,-999.0,-999.0,-999.0,-999.0,-999.0,-999.0,-999.0,-999.0,-999.0,-999.0,-999.0,-999,2,3,-999.0,-999.0,-999,679;1658;2151,17.94,-999.0,-999.0,-999.0,54571.58,-6.55,-9.26,-7.9,126.67,107.11,116.89,29,651.34,39.0,0.05,181.58,241.43,1333.53,1575.59
Cetacea,Balaenopteridae,Balaenoptera,bonaerensis,Balaenoptera bonaerensis,-999,-999.0,-999.0,-999.0,-999.0,-999.0,-999.0,-999.0,-999,-999.0,-999.0,-999,-999.0,-999.0,-999.0,-999.0,-999.0,-999.0,-999.0,-999.0,-999.0,-999.0,-999.0,-999.0,-999,-999,-999,-999.0,-999.0,-999,-999,-999.0,-999.0,-999.0,-999.0,-999.0,-999.0,-999.0,-999.0,-999.0,-999.0,-999.0,-999,-999.0,-999.0,-999.0,-999.0,-999.0,-999.0,-999.0
Chiroptera,Phyllostomidae,Phylloderma,stenops,Phylloderma stenops,-999,55.82,71.9,-999.0,-999.0,-999.0,-999.0,-999.0,2,-999.0,-999.0,1,-999.0,-999.0,-999.0,0.98,-999.0,-999.0,-999.0,-999.0,-999.0,-999.0,-999.0,-999.0,-999,2,2,-999.0,-999.0,-999,108;196;889;1297;1658;2151;2622;2655,-999.0,-999.0,-999.0,-999.0,10120814.01,17.56,-29.07,-5.75,-34.79,-94.02,-64.4,0,28.29,0.0,0.12,163.13,241.38,1349.01,1566.0
Carnivora,Felidae,Leopardus,wiedii,Leopardus wiedii,2,3270.81,-999.0,598.41,13.5,-999.0,918.6,3281.67,1,-999.0,82.2,2,8.54,8.01,-999.0,1.5,-999.0,240.0,157.42,-999.0,-999.0,-999.0,1052.28,-999.0,-999,2,3,93.4,-999.0,-999,367;543;890;1113;1297;1573;2151;2431;2655,-999.0,-999.0,-999.0,-999.0,12404067.35,26.61,-33.38,-3.38,-38.85,-109.44,-74.15,0,24.7,0.0,0.12,153.31,237.03,1310.04,1540.11
Chiroptera,Hipposideridae,Hipposideros,inexpectatus,Hipposideros inexpectatus,-999,-999.0,100.49,-999.0,-999.0,-999.0,-999.0,-999.0,1,-999.0,-999.0,1,-999.0,-999.0,-999.0,-999.0,-999.0,-999.0,-999.0,-999.0,-999.0,-999.0,-999.0,-999.0,-999,2,3,-999.0,-999.0,-999,679;1658;2151,136.34,-999.0,-999.0,-999.0,8430.51,-0.97,-1.84,-1.4,122.21,120.71,121.46,17,20.55,17.0,0.11,231.85,205.57,1800.66,1887.16
Carnivora,Felidae,Catopuma,temminckii,Catopuma temminckii,-999,7726.46,-999.0,887.35,-999.0,-999.0,-999.0,-999.0,1,-999.0,99.07,1,-999.0,-999.0,-999.0,1.5,-999.0,216.0,165.83,200.0,-999.0,-999.0,-999.0,-999.0,-999,1,3,-999.0,-999.0,-999,543;1113;1297;2655,-999.0,-999.0,-999.0,-999.0,3437288.13,29.71,-5.94,11.88,120.98,87.31,104.15,1,147.92,5.0,0.09,156.56,197.24,1175.95,1416.65
Chiroptera,Thyropteridae,Thyroptera,discifera,Thyroptera discifera,-999,3.13,33.5,-999.0,-999.0,-999.0,-999.0,-999.0,-999,-999.0,-999.0,1,-999.0,-999.0,-999.0,-999.0,-999.0,-999.0,-999.0,-999.0,-999.0,-999.0,-999.0,-999.0,-999,2,-999,-999.0,-999.0,-999,1658;2143;2151;2655,-999.0,-999.0,-999.0,-999.0,6234471.86,12.46,-14.88,-1.21,-49.87,-84.34,-67.11,0,15.05,0.0,0.12,178.23,247.27,1454.24,1605.83
Chiroptera,Vespertilionidae,Scotophilus,kuhlii,Scotophilus kuhlii,-999,20.31,51.4,-999.0,-999.0,365.0,-999.0,-999.0,1,-999.0,110.0,1,-999.0,-999.0,-999.0,1.5,1.0,-999.0,6.5,-999.0,-999.0,115.0,242.64,-999.0,-999,2,3,38.35,-999.0,-999,196;1138;1139;1297;1439;1621;1658;2151;2655;2719,-999.0,-999.0,-999.0,-999.0,-999.0,-999.0,-999.0,-999.0,-999.0,-999.0,-999.0,-999,-999.0,-999.0,-999.0,-999.0,-999.0,-999.0,-999.0
Rodentia,Caviidae,Microcavia,australis,Microcavia australis,3,261.49,-999.0,200.0,-999.0,-999.0,-999.0,-999.0,5,-999.0,54.91,3,0.002938105,0.003434799,54.6,2.48,4.5,-999.0,30.39,95.92,2116.99,-999.0,89.57,-999.0,-999,2,1,20.86,-999.0,-999,730;890;1297;1849;2151;2456;2478;2479;2655;2855,-999.0,-999.0,-999.0,-999.0,1516378.14,-22.18,-53.54,-37.86,-60.91,-73.51,-67.21,0,5.92,0.0,0.1,34.24,102.79,410.88,818.5
Afrosoricida,Tenrecidae,Microgale,taiva,Microgale taiva,-999,12.4,-999.0,-999.0,-999.0,-999.0,-999.0,-999.0,-999,-999.0,-999.0,-999,-999.0,-999.0,-999.0,-999.0,-999.0,-999.0,-999.0,-999.0,-999.0,-999.0,-999.0,-999.0,-999,-999,-999,-999.0,-999.0,-999,2655,-999.0,-999.0,-999.0,-999.0,14300.46,-20.54,-23.08,-21.81,47.89,46.77,47.33,8,46.64,8.0,0.17,177.7,197.09,1339.27,1498.65
Artiodactyla,Bovidae,Saiga,tatarica,Saiga tatarica,3,37734.01,-999.0,1160.0,-999.0,-999.0,-999.0,-999.0,2,-999.0,148.49,2,-999.0,-999.0,365.0,1.5,-999.0,144.0,3326.46,-999.0,0.75,517.5,332.65,27.5,-999,2,1,83.64,-999.0,-999,511;543;730;814;1015;1297;1525;1848;2306;2555;2655;2669;2986,-999.0,1.1,-999.0,-999.0,2926916.31,51.61,41.32,46.47,90.5,41.49,65.99,0,9.45,0.0,0.01,19.21,59.9,258.58,612.01
Rodentia,Echimyidae,Proechimys,chrysaeolus,Proechimys chrysaeolus,-999,284.99,-999.0,-999.0,-999.0,-999.0,-999.0,-999.0,-999,-999.0,-999.0,-999,-999.0,-999.0,-999.0,-999.0,-999.0,-999.0,-999.0,-999.0,-999.0,-999.0,-999.0,-999.0,-999,-999,-999,-999.0,-999.0,-999,2655,-999.0,-999.0,-999.0,-999.0,-999.0,-999.0,-999.0,-999.0,-999.0,-999.0,-999.0,-999,-999.0,-999.0,-999.0,-999.0,-999.0,-999.0,-999.0
Carnivora,Herpestidae,Crossarchus,ansorgei,Crossarchus ansorgei,3,700.0,-999.0,325.52,-999.0,-999.0,-999.0,-999.0,6,-999.0,-999.0,1,-999.0,-999.0,-999.0,-999.0,-999.0,-999.0,-999.0,-999.0,-999.0,-999.0,-999.0,-999.0,-999,1,2,-999.0,-999.0,-999,1113;2655,-999.0,-999.0,-999.0,-999.0,604251.42,2.22,-9.57,-3.67,26.04,14.07,20.06,2,9.34,3.0,0.17,154.3,250.03,1488.79,1592.05
Scandentia,Tupaiidae,Tupaia,longipes,Tupaia longipes,3,168.05,-999.0,185.0,-999.0,-999.0,-999.0,-999.0,5,-999.0,-999.0,2,-999.0,-999.0,-999.0,1.5,-999.0,144.0,-999.0,-999.0,-999.0,-999.0,-999.0,-999.0,-999,2,2,-999.0,-999.0,-999,1015;2152,-999.0,-999.0,-999.0,-999.0,714870.49,7.03,-4.18,1.42,118.99,108.9,113.95,1,27.1,3.0,0.18,260.99,244.55,1680.64,1711.03
Rodentia,Ctenomyidae,Ctenomys,emilianus,Ctenomys emilianus,-999,285.29,-999.0,-999.0,-999.0,-999.0,-999.0,-999.0,3,-999.0,-999.0,1,-999.0,-999.0,-999.0,-999.0,-999.0,-999.0,-999.0,-999.0,-999.0,-999.0,-999.0,-999.0,-999,1,1,-999.0,-999.0,-999,2151;2655,-999.0,-999.0,-999.0,-999.0,9676.88,-36.66,-38.35,-37.51,-69.84,-70.79,-70.32,1,1.3,1.0,0.05,20.64,66.13,418.34,927.26
Rodentia,Dipodidae,Zapus,hudsonius,Zapus hudsonius,-999,18.43,-999.0,85.89,25.0,60.83,45.0,30.0,3,-999.0,18.24,2,0.00185499,0.002280076,-999.0,5.36,2.0,60.0,0.78,-999.0,882.0,-999.0,61.87,1.0,-999,1,2,25.0,-999.0,-999,374;543;730;1297;1822;1849;2135;2151;2338;2347;2655;3003;3005,-999.0,-999.0,-999.0,-999.0,8541120.18,65.02,31.67,48.34,-55.61,-163.38,-109.5,0,23.76,0.0,0.02,58.16,25.09,480.77,542.36
Primates,Cercopithecidae,Trachypithecus,laotum,Trachypithecus laotum,3,-999.0,-999.0,-999.0,-999.0,-999.0,-999.0,-999.0,-999,-999.0,-999.0,-999,-999.0,-999.0,-999.0,-999.0,-999.0,-999.0,-999.0,-999.0,-999.0,-999.0,-999.0,-999.0,-999,-999,-999,-999.0,-999.0,-999,1544,-999.0,-999.0,-999.0,-999.0,3111.96,18.22,17.64,17.93,105.04,104.28,104.66,9,28.81,9.0,0.09,169.2,226.01,1085.89,1312.18
Artiodactyla,Bovidae,Tragelaphus,spekii,Tragelaphus spekii,2,75554.25,-999.0,1520.84,-999.0,608.33,-999.0,-999.0,2,-999.0,241.15,2,-999.0,-999.0,352.83,1.0,-999.0,258.0,4000.0,-999.0,1.66,-999.0,619.06,6.0,-999,1,1,-999.0,-999.0,-999,543;730;869;904;1297;1525;1844;1848;2629;2655;2693;2986,-999.0,1.12,-999.0,-999.0,5256068.76,14.37,-20.93,-3.27,35.23,-16.82,9.2,0,30.39,1.0,0.14,124.21,236.28,1157.01,1543.12
Diprotodontia,Burramyidae,Cercartetus,concinnus,Cercartetus concinnus,1,15.96,-999.0,-999.0,-999.0,410.62,22.32,18.6,-999,-999.0,52.14,2,-999.0,-999.0,122.0,4.6,1.0,-999.0,0.01,-999.0,-999.0,-999.0,-999.0,-999.0,6,2,-999,49.99,-999.0,-999,511;955;1297;1760;1822;2484;2644;2655;2880;2969,-999.0,-999.0,-999.0,-999.0,611282.88,-29.99,-37.65,-33.82,142.31,114.97,128.64,0,5.63,0.0,0.03,34.84,162.41,363.02,1088.35
Lagomorpha,Leporidae,Caprolagus,hispidus,Caprolagus hispidus,1,2496.99,-999.0,460.23,-999.0,-999.0,-999.0,-999.0,3,-999.0,40.0,2,0.004121254,0.00441631,-999.0,3.46,2.81,-999.0,-999.0,-999.0,-999.0,-999.0,-999.0,2.0,-999,1,1,-999.0,-999.0,-999,95;511;899;1106;1297;2655,-999.0,-999.0,-999.0,-999.0,44515.42,29.25,26.07,27.66,92.77,80.0,86.39,94,341.45,117.0,0.11,128.92,236.21,939.6,1234.6
Primates,Indriidae,Propithecus,tattersalli,Propithecus tattersalli,3,3531.39,-999.0,475.0,-999.0,1642.5,-999.0,-999.0,4,-999.0,-999.0,2,0.06,-999.0,-999.0,-999.0,-999.0,-999.0,97.47,-999.0,65.0,-999.0,-999.0,4.1,2,2,1,152.13,-999.0,-999,899;1048;1544;1545;1546;1547;1848;2041;2151;2344;2655,-999.0,-999.0,-999.0,-999.0,563.17,-12.93,-13.24,-13.08,49.79,49.53,49.66,9,10.99,9.0,0.15,104.49,251.51,1149.0,1476.0
Cetacea,Physeteridae,Physeter,catodon,Physeter catodon,-999,14540959.82,-999.0,12175.38,-999.0,-999.0,-999.0,-999.0,3,-999.0,472.99,1,-999.0,-999.0,1277.5,0.99,0.25,924.0,903214.26,-999.0,-999.0,11.0,3935.04,25.0,-999,-999,2,395.41,-999.0,6500,29;121;172;218;511;543;679;1004;1015;1297;2151;2655,-999.0,-999.0,-999.0,1341813.8,-999.0,-999.0,-999.0,-999.0,-999.0,-999.0,-999.0,-999,-999.0,-999.0,-999.0,-999.0,-999.0,-999.0,-999.0
Primates,Cercopithecidae,Piliocolobus,badius,Piliocolobus badius,2,8430.4,-999.0,574.45,-999.0,1489.2,-999.0,-999.0,3,-999.0,151.41,1,0.42,0.71,660.65,1.0,0.5,-999.0,-999.0,-999.0,130.65,33.6,1473.2,34.0,-999,2,2,783.93,-999.0,-999,208;730;741;1015;1297;1347;1544;1547;1848;2151;2344;2463;2493;2655;2660,-999.0,-999.0,-999.0,-999.0,590235.33,15.04,4.35,9.69,0.68,-16.82,-8.07,3,68.84,7.0,0.09,161.46,260.82,1122.36,1554.69
Primates,Cercopithecidae,Trachypithecus,poliocephalus,Trachypithecus poliocephalus,3,-999.0,-999.0,-999.0,-999.0,-999.0,-999.0,-999.0,-999,-999.0,-999.0,-999,-999.0,-999.0,-999.0,-999.0,-999.0,-999.0,-999.0,-999.0,-999.0,-999.0,-999.0,-999.0,-999,-999,-999,-999.0,-999.0,-999,1544,-999.0,-999.0,-999.0,-999.0,2402.32,22.06,20.71,21.38,107.93,106.9,107.42,75,340.0,75.0,0.06,155.82,211.61,1199.87,1266.6
Primates,Cebidae,Callithrix,acariensis,Callithrix acariensis,-999,-999.0,-999.0,-999.0,-999.0,-999.0,-999.0,-999.0,-999,-999.0,-999.0,-999,-999.0,-999.0,-999.0,-999.0,-999.0,-999.0,-999.0,-999.0,-999.0,-999.0,-999.0,-999.0,-999,-999,-999,-999.0,-999.0,-999,-999,-999.0,-999.0,-999.0,-999.0,79622.42,-8.06,-11.18,-9.62,-61.58,-65.11,-63.34,1,7.5,1.0,0.43,178.99,246.16,1329.16,1576.85
Primates,Tarsiidae,Tarsius,sangirensis,Tarsius sangirensis,-999,165.0,-999.0,-999.0,-999.0,-999.0,-999.0,-999.0,-999,-999.0,-999.0,-999,-999.0,-999.0,-999.0,1.02,-999.0,-999.0,-999.0,-999.0,-999.0,-999.0,-999.0,-999.0,-999,-999,-999,-999.0,-999.0,-999,2138;2151,-999.0,-999.0,-999.0,-999.0,560.08,3.74,3.37,3.55,125.67,125.39,125.53,109,109.0,109.0,0.0,-999.0,-999.0,-999.0,-999.0
Diprotodontia,Macropodidae,Onychogalea,lunata,Onychogalea lunata,-999,3499.99,-999.0,-999.0,-999.0,-999.0,-999.0,-999.0,-999,-999.0,-999.0,1,-999.0,-999.0,-999.0,1.0,-999.0,-999.0,-999.0,-999.0,-999.0,-999.0,-999.0,-999.0,-999,1,-999,-999.0,-999.0,-999,1760;1848;2655,-999.0,-999.0,-999.0,-999.0,-999.0,-999.0,-999.0,-999.0,-999.0,-999.0,-999.0,-999,-999.0,-999.0,-999.0,-999.0,-999.0,-999.0,-999.0
Rodentia,Gliridae,Graphiurus,rupicola,Graphiurus rupicola,-999,-999.0,-999.0,-999.0,-999.0,-999.0,-999.0,-999.0,-999,-999.0,-999.0,-999,-999.0,-999.0,-999.0,-999.0,-999.0,-999.0,-999.0,-999.0,-999.0,-999.0,-999.0,-999.0,-999,-999,-999,-999.0,-999.0,-999,-999,-999.0,-999.0,-999.0,-999.0,164009.28,-17.74,-28.33,-23.03,18.46,13.22,15.84,0,1.92,0.0,0.07,16.6,167.06,282.37,1212.59
Dasyuromorphia,Dasyuridae,Myoictis,wallacii,Myoictis wallacii,-999,-999.0,-999.0,-999.0,-999.0,-999.0,-999.0,-999.0,-999,-999.0,-999.0,-999,-999.0,-999.0,-999.0,-999.0,-999.0,-999.0,-999.0,-999.0,-999.0,-999.0,-999.0,-999.0,-999,-999,-999,-999.0,-999.0,-999,-999,-999.0,-999.0,-999.0,-999.0,135495.28,-4.57,-8.86,-6.71,143.07,134.09,138.58,1,4.23,1.0,0.22,222.08,267.77,1632.57,1660.74
Chiroptera,Mystacinidae,Mystacina,tuberculata,Mystacina tuberculata,1,13.14,42.5,-999.0,0.0,-999.0,-999.0,-999.0,4,-999.0,-999.0,2,-999.0,-999.0,-999.0,0.99,1.0,-999.0,3.2,-999.0,-999.0,-999.0,-999.0,-999.0,-999,2,2,-999.0,-999.0,-999,380;731;899;905;969;1297;1658;2143;2151;2655,-999.0,-999.0,-999.0,-999.0,47521.83,-35.16,-46.79,-40.97,178.55,167.59,173.07,0,12.52,1.0,0.04,86.52,107.13,810.44,844.71
Chiroptera,Pteropodidae,Pteropus,vampyrus,Pteropus vampyrus,-999,1027.54,200.0,-999.0,-999.0,-999.0,-999.0,-999.0,2,-999.0,-999.0,1,-999.0,-999.0,-999.0,0.99,1.0,-999.0,-999.0,-999.0,-999.0,1500.0,-999.0,-999.0,-999,2,1,104.69,-999.0,-999,78;196;212;360;1297;1439;1621;1658;2017;2151;2295;2655;2719;2885;2910,-999.0,-999.0,-999.0,-999.0,2034681.18,18.65,-10.62,4.01,127.3,95.18,111.24,0,165.58,4.0,0.13,217.99,249.98,1525.79,1714.19
Chiroptera,Hipposideridae,Anthops,ornatus,Anthops ornatus,-999,-999.0,49.5,-999.0,-999.0,-999.0,-999.0,-999.0,-999,-999.0,-999.0,1,-999.0,-999.0,-999.0,-999.0,-999.0,-999.0,-999.0,-999.0,-999.0,-999.0,-999.0,-999.0,-999,2,-999,-999.0,-999.0,-999,1658;2151,17.94,-999.0,-999.0,-999.0,15373.46,-6.08,-9.94,-8.01,160.83,155.23,158.03,13,14.22,13.0,0.16,189.75,262.79,-999.0,-999.0
Rodentia,Cricetidae,Dicrostonyx,hudsonius,Dicrostonyx hudsonius,-999,57.0,-999.0,-999.0,-999.0,-999.0,-999.0,-999.0,-999,-999.0,20.0,-999,-999.0,-999.0,-999.0,3.49,1.5,-999.0,-999.0,-999.0,-999.0,-999.0,-999.0,-999.0,-999,-999,-999,-999.0,-999.0,-999,1297;2655,-999.0,-999.0,-999.0,-999.0,487889.71,62.58,53.17,57.87,-57.32,-79.76,-68.54,0,0.06,0.0,0.07,43.94,-66.42,246.01,234.72
Diprotodontia,Pseudocheiridae,Pseudochirops,corinnae,Pseudochirops corinnae,2,1123.0,-999.0,333.96,-999.0,-999.0,-999.0,-999.0,2,-999.0,-999.0,1,-999.0,-999.0,-999.0,1.02,-999.0,-999.0,-999.0,-999.0,-999.0,-999.0,-999.0,-999.0,-999,2,1,-999.0,-999.0,-999,661;975;977;1760;1848;1991;2152;2655,-999.0,-999.0,-999.0,-999.0,209842.04,-3.29,-10.15,-6.72,149.73,136.3,143.02,1,10.57,2.0,0.12,272.67,199.11,1683.56,1705.42
Chiroptera,Molossidae,Myopterus,whitleyi,Myopterus whitleyi,-999,11.55,34.99,-999.0,-999.0,-999.0,-999.0,-999.0,-999,-999.0,-999.0,1,-999.0,-999.0,-999.0,-999.0,-999.0,-999.0,-999.0,-999.0,-999.0,-999.0,-999.0,-999.0,-999,2,-999,-999.0,-999.0,-999,1658;2143;2151;2622;2655,-999.0,-999.0,-999.0,-999.0,1143474.09,7.98,-5.87,1.05,32.6,-2.34,15.12,0,62.67,1.0,0.13,144.9,243.69,1363.9,1548.36
Chiroptera,Molossidae,Molossus,sinaloae,Molossus sinaloae,-999,21.09,47.06,-999.0,-999.0,-999.0,-999.0,-999.0,1,-999.0,-999.0,1,-999.0,-999.0,-999.0,1.03,1.0,-999.0,3.79,34.11,-999.0,-999.0,-999.0,-999.0,-999,2,3,47.25,-999.0,-999,196;419;1297;1310;1658;2143;2151;2622;2655,-999.0,-999.0,-999.0,-999.0,2026991.98,23.6,1.4,12.5,-53.31,-106.48,-79.9,0,66.5,1.0,0.12,139.93,231.25,1306.24,1647.1
Rodentia,Erethizontidae,Sphiggurus,mexicanus,Sphiggurus mexicanus,1,2000.0,-999.0,-999.0,-999.0,-999.0,-999.0,-999.0,2,-999.0,-999.0,1,-999.0,-999.0,-999.0,0.98,-999.0,-999.0,-999.0,-999.0,-999.0,-999.0,-999.0,2.0,12,2,1,-999.0,-999.0,-999,905;1297;2151;2655,-999.0,-999.0,-999.0,-999.0,741576.19,22.59,8.02,15.31,-81.58,-99.49,-90.54,3,64.23,5.0,0.13,133.12,230.49,1233.22,1602.82
Primates,Cheirogaleidae,Cheirogaleus,major,Cheirogaleus major,1,446.02,-999.0,225.0,-999.0,-999.0,-999.0,-999.0,5,-999.0,70.0,1,0.02,0.04,-999.0,2.26,-999.0,180.0,18.08,76.69,67.99,1.0,420.91,1.0,4,2,2,47.14,-999.0,-999,208;543;1046;1048;1261;1297;1544;1545;1547;1848;2151;2344;2511;2655;2660;2986,-999.0,-999.0,-999.0,-999.0,112950.33,-12.36,-25.16,-18.76,50.45,46.63,48.54,5,36.69,8.0,0.18,167.63,202.98,1320.17,1592.72
Chiroptera,Rhinolophidae,Rhinolophus,lepidus,Rhinolophus lepidus,-999,5.46,40.0,-999.0,-999.0,-999.0,-999.0,-999.0,1,-999.0,-999.0,1,-999.0,-999.0,-999.0,1.0,-999.0,-999.0,-999.0,-999.0,-999.0,-999.0,-999.0,-999.0,-999,2,3,-999.0,-999.0,-999,196;679;1297;1658;2151;2655;2719,-999.0,-999.0,-999.0,-999.0,3486146.34,36.63,-0.44,18.09,102.93,64.84,83.88,1,284.24,14.0,0.1,104.9,216.1,826.49,1384.63
Chiroptera,Pteropodidae,Pteropus,pilosus,Pteropus pilosus,-999,-999.0,151.41,-999.0,-999.0,-999.0,-999.0,-999.0,-999,-999.0,-999.0,1,-999.0,-999.0,-999.0,-999.0,-999.0,-999.0,-999.0,-999.0,-999.0,-999.0,-999.0,-999.0,-999,2,-999,-999.0,-999.0,-999,78;1658;2151,441.09,-999.0,-999.0,-999.0,-999.0,-999.0,-999.0,-999.0,-999.0,-999.0,-999.0,-999,-999.0,-999.0,-999.0,-999.0,-999.0,-999.0,-999.0
Chiroptera,Hipposideridae,Hipposideros,stenotis,Hipposideros stenotis,-999,12.0,43.5,-999.0,-999.0,-999.0,-999.0,-999.0,-999,-999.0,-999.0,1,-999.0,-999.0,-999.0,-999.0,-999.0,-999.0,-999.0,-999.0,-999.0,-999.0,-999.0,-999.0,-999,2,-999,-999.0,-999.0,-999,1658;2151;2622;2655,-999.0,-999.0,-999.0,-999.0,492128.37,-11.11,-19.69,-15.4,139.25,123.42,131.33,0,0.89,0.0,0.00312464,73.89,266.84,789.95,1759.11
Rodentia,Cricetidae,Oecomys,phaeotis,Oecomys phaeotis,-999,73.4,-999.0,-999.0,-999.0,-999.0,-999.0,-999.0,-999,-999.0,-999.0,-999,-999.0,-999.0,-999.0,-999.0,-999.0,-999.0,-999.0,-999.0,-999.0,-999.0,-999.0,-999.0,-999,-999,-999,-999.0,-999.0,-999,2655,-999.0,-999.0,-999.0,-999.0,102039.14,-8.86,-14.49,-11.68,-69.08,-75.79,-72.43,1,7.24,1.0,0.08,207.59,201.8,1302.38,1467.62
Rodentia,Muridae,Stenocephalemys,ruppi,Stenocephalemys ruppi,-999,48.99,-999.0,-999.0,-999.0,-999.0,-999.0,-999.0,-999,-999.0,-999.0,-999,-999.0,-999.0,-999.0,-999.0,-999.0,-999.0,-999.0,-999.0,-999.0,-999.0,-999.0,-999.0,-999,-999,-999,-999.0,-999.0,-999,2655,-999.0,-999.0,-999.0,-999.0,10289.98,6.72,5.37,6.05,37.85,36.9,37.37,38,102.66,38.0,0.14,68.48,199.9,1152.73,1267.26
Rodentia,Ctenomyidae,Ctenomys,yolandae,Ctenomys yolandae,-999,-999.0,-999.0,-999.0,-999.0,-999.0,-999.0,-999.0,3,-999.0,-999.0,1,-999.0,-999.0,-999.0,-999.0,-999.0,-999.0,-999.0,-999.0,-999.0,-999.0,-999.0,-999.0,-999,1,1,-999.0,-999.0,-999,2151,-999.0,-999.0,-999.0,-999.0,-999.0,-999.0,-999.0,-999.0,-999.0,-999.0,-999.0,-999,-999.0,-999.0,-999.0,-999.0,-999.0,-999.0,-999.0
Chiroptera,Pteropodidae,Balionycteris,maculata,Balionycteris maculata,-999,14.43,40.96,-999.0,-999.0,-999.0,-999.0,-999.0,1,-999.0,-999.0,1,-999.0,-999.0,-999.0,1.0,-999.0,-999.0,-999.0,-999.0,-999.0,-999.0,-999.0,-999.0,-999,2,1,-999.0,-999.0,-999,196;360;1343;1658;2017;2143;2151;2655;2719,-999.0,-999.0,-999.0,-999.0,870187.37,7.09,-5.94,0.57,119.26,95.18,107.22,1,90.03,4.0,0.14,244.15,249.46,1690.56,1755.34
Rodentia,Nesomyidae,Dendromus,melanotis,Dendromus melanotis,-999,9.1,-999.0,-999.0,-999.0,-999.0,-999.0,-999.0,-999,-999.0,25.0,-999,-999.0,-999.0,-999.0,3.97,-999.0,-999.0,-999.0,-999.0,-999.0,-999.0,-999.0,-999.0,-999,-999,-999,-999.0,-999.0,-999,1297;2655,-999.0,-999.0,-999.0,-999.0,11031261.31,11.54,-34.44,-11.44,40.84,-9.29,15.77,0,34.99,1.0,0.15,96.4,224.97,994.37,1484.01
Rodentia,Octodontidae,Salinoctomys,loschalchalerosorum,Salinoctomys loschalchalerosorum,-999,-999.0,-999.0,-999.0,-999.0,-999.0,-999.0,-999.0,-999,-999.0,-999.0,-999,-999.0,-999.0,-999.0,-999.0,-999.0,-999.0,-999.0,-999.0,-999.0,-999.0,-999.0,-999.0,-999,-999,-999,-999.0,-999.0,-999,-999,-999.0,-999.0,-999.0,-999.0,-999.0,-999.0,-999.0,-999.0,-999.0,-999.0,-999.0,-999,-999.0,-999.0,-999.0,-999.0,-999.0,-999.0,-999.0
Didelphimorphia,Didelphidae,Monodelphis,kunsi,Monodelphis kunsi,1,11.3,-999.0,70.38,-999.0,-999.0,-999.0,-999.0,1,-999.0,-999.0,1,-999.0,-999.0,-999.0,-999.0,-999.0,-999.0,-999.0,-999.0,-999.0,-999.0,-999.0,-999.0,-999,1,3,-999.0,-999.0,-999,890;1760;2312;2655,-999.0,-999.0,-999.0,-999.0,298062.7,-12.34,-23.49,-17.92,-46.06,-67.05,-56.55,0,11.46,1.0,0.15,109.66,227.39,1201.13,1469.53
Primates,Tarsiidae,Tarsius,tarsier,Tarsius tarsier,1,168.04,-999.0,120.21,-999.0,518.3,149.0,173.0,3,-999.0,181.69,-999,0.02,0.02,262.4,1.0,-999.0,144.0,23.99,-999.0,200.0,-999.0,596.29,3.25,-999,-999,2,67.61,-999.0,-999,208;223;543;704;1202;1203;1204;1205;1297;1544;1547;1848;2137;2139;2151;2344;2489;2493;2655;2660;2986,-999.0,1.3,-999.0,-999.0,170743.47,1.75,-5.7,-1.97,125.24,118.75,121.99,17,95.54,17.0,0.08,229.41,215.47,1812.6,1909.15
Dasyuromorphia,Dasyuridae,Sminthopsis,crassicaudata,Sminthopsis crassicaudata,2,15.98,-999.0,-999.0,-999.0,144.0,19.56,14.95,2,-999.0,16.0,1,-999.0,-999.0,97.0,6.52,2.0,51.6,0.01,-999.0,49.99,-999.0,148.31,-999.0,-999,1,3,70.0,6.5,-999,543;796;955;1052;1297;1412;1760;1822;2031;2483;2484;2655,-999.0,-999.0,-999.0,-999.0,4827312.09,-18.73,-38.85,-28.79,150.93,113.14,132.03,0,2.09,0.0,0.02,28.14,195.34,350.47,1244.37
Didelphimorphia,Didelphidae,Marmosops,fuscatus,Marmosops fuscatus,1,45.15,-999.0,130.85,-999.0,-999.0,-999.0,-999.0,2,-999.0,-999.0,2,-999.0,-999.0,-999.0,5.47,2.0,-999.0,-999.0,-999.0,88.57,-999.0,185.61,-999.0,-999,2,2,-999.0,-999.0,-999,680;730;889;905;1297;2655,-999.0,-999.0,-999.0,-999.0,117128.88,11.33,5.29,8.31,-60.51,-73.32,-66.91,4,116.26,8.0,0.1,99.22,218.42,1339.28,1712.56
Primates,Cercopithecidae,Pygathrix,nemaeus,Pygathrix nemaeus,3,9411.1,-999.0,623.37,-999.0,-999.0,-999.0,-999.0,2,-999.0,182.88,-999,-999.0,-999.0,430.7,1.01,-999.0,300.0,191.94,-999.0,-999.0,9.3,-999.0,9.3,-999,-999,1,-999.0,-999.0,-999,208;543;741;899;1297;1347;1544;1547;1848;2344;2493;2655;2660,-999.0,1.01,-999.0,-999.0,150210.65,19.55,13.71,16.63,109.2,102.98,106.09,5,123.68,9.0,0.13,189.53,225.37,1211.19,1472.05
Chiroptera,Vespertilionidae,Eptesicus,platyops,Eptesicus platyops,-999,-999.0,-999.0,-999.0,-999.0,-999.0,-999.0,-999.0,-999,-999.0,-999.0,1,-999.0,-999.0,-999.0,-999.0,-999.0,-999.0,-999.0,-999.0,-999.0,-999.0,-999.0,-999.0,-999,2,-999,-999.0,-999.0,-999,2151,-999.0,-999.0,-999.0,-999.0,174149.89,15.53,3.2,9.37,8.93,-17.53,-4.29,5,305.18,10.0,0.14,125.05,265.53,990.29,1588.29
Rodentia,Gliridae,Selevinia,betpakdalaensis,Selevinia betpakdalaensis,2,17.12,-999.0,84.99,-999.0,-999.0,-999.0,-999.0,1,-999.0,-999.0,2,-999.0,-999.0,-999.0,6.9,-999.0,-999.0,-999.0,-999.0,-999.0,-999.0,-999.0,-999.0,-999,1,3,-999.0,-999.0,-999,1297;2151,-999.0,-999.0,-999.0,-999.0,164721.4,47.34,45.51,46.42,83.13,66.27,74.7,0,3.08,0.0,0.000359148,25.79,77.64,240.21,572.29
Carnivora,Mustelidae,Galictis,cuja,Galictis cuja,2,1000.0,-999.0,423.29,-999.0,-999.0,-999.0,-999.0,1,-999.0,-999.0,1,-999.0,-999.0,-999.0,-999.0,-999.0,87.0,-999.0,-999.0,-999.0,-999.0,-999.0,-999.0,-999,1,3,-999.0,-999.0,-999,890;1113;2151;2655,-999.0,-999.0,-999.0,-999.0,4564918.07,-14.23,-43.79,-29.01,-41.94,-74.35,-58.14,0,34.44,0.0,0.07,76.07,152.93,811.92,1122.34
Chiroptera,Pteropodidae,Rousettus,bidens,Rousettus bidens,-999,-999.0,97.0,-999.0,-999.0,-999.0,-999.0,-999.0,-999,-999.0,-999.0,1,-999.0,-999.0,-999.0,0.98,-999.0,-999.0,-999.0,-999.0,-999.0,1.0,-999.0,-999.0,-999,2,-999,-999.0,-999.0,-999,1297;1658;2017;2151,123.22,-999.0,-999.0,-999.0,9406.49,1.56,0.41,0.99,125.29,122.95,124.12,48,153.12,48.0,0.04,230.16,227.5,-999.0,-999.0
Monotremata,Tachyglossidae,Zaglossus,bartoni,Zaglossus bartoni,-999,-999.0,-999.0,-999.0,-999.0,-999.0,-999.0,-999.0,-999,-999.0,-999.0,-999,-999.0,-999.0,-999.0,-999.0,-999.0,-999.0,-999.0,-999.0,-999.0,-999.0,-999.0,-999.0,-999,-999,-999,-999.0,-999.0,-999,-999,-999.0,-999.0,-999.0,-999.0,131753.83,-3.54,-9.9,-6.72,149.38,136.48,142.93,1,12.06,2.0,0.14,277.69,180.29,1679.27,1694.36
Carnivora,Eupleridae,Fossa,fossana,Fossa fossana,1,1853.98,-999.0,456.88,0.0,-999.0,812.6,2030.0,6,365.0,88.38,2,0.75,0.9,365.0,1.0,-999.0,132.0,70.0,-999.0,3.41,2.0,533.97,-999.0,2,2,2,66.84,-999.0,-999,367;543;730;1015;1048;1113;1297;1740;1822;2151;2333;2655;2843;2932;2993,-999.0,1.1,-999.0,-999.0,106522.05,-12.41,-25.2,-18.81,50.44,46.55,48.5,6,37.33,8.0,0.18,168.03,202.81,1329.68,1596.55
Artiodactyla,Suidae,Babyrousa,babyrussa,Babyrousa babyrussa,3,92950.09,-999.0,950.0,-999.0,-999.0,-999.0,-999.0,6,-999.0,156.5,1,-999.0,-999.0,-999.0,1.73,1.5,288.0,715.0,-999.0,-999.0,-999.0,362.5,4.5,4,1,2,212.91,-999.0,-999,511;543;645;899;1297;1848;2180;2228;2655,-999.0,-999.0,-999.0,-999.0,13309.7,-1.62,-3.84,-2.73,127.26,124.33,125.8,5,12.93,5.0,0.01,281.24,223.0,-999.0,-999.0
Primates,Pitheciidae,Cacajao,calvus,Cacajao calvus,3,3421.04,-999.0,540.55,-999.0,1306.7,-999.0,-999.0,4,-999.0,180.0,1,-999.0,-999.0,775.62,1.01,-999.0,324.0,-999.0,-999.0,15.1,-999.0,1262.74,23.7,-999,2,2,339.29,-999.0,-999,208;543;890;996;1015;1297;1544;1547;1848;2151;2251;2344;2655;2660;2986,-999.0,0.75,-999.0,-999.0,103819.04,-1.84,-9.62,-5.73,-65.4,-74.59,-69.99,0,2.02,0.0,0.08,211.86,255.26,1515.98,1535.61
Rodentia,Calomyscidae,Calomyscus,baluchi,Calomyscus baluchi,-999,-999.0,-999.0,-999.0,-999.0,-999.0,-999.0,-999.0,-999,-999.0,-999.0,-999,-999.0,-999.0,-999.0,-999.0,-999.0,-999.0,-999.0,-999.0,-999.0,-999.0,-999.0,-999.0,-999,-999,-999,-999.0,-999.0,-999,-999,-999.0,-999.0,-999.0,-999.0,29169.13,35.11,29.1,32.11,69.67,67.12,68.4,27,96.98,28.0,0.31,31.18,63.53,319.05,1137.82
Artiodactyla,Cervidae,Hydropotes,inermis,Hydropotes inermis,-999,12760.04,-999.0,-999.0,-999.0,-999.0,-999.0,-999.0,-999,-999.0,175.49,-999,-999.0,-999.0,-999.0,3.0,-999.0,144.0,1016.19,-999.0,-999.0,-999.0,292.63,-999.0,-999,-999,-999,-999.0,-999.0,-999,200;543;653;1297;2525;2655;2986;3010,-999.0,-999.0,-999.0,-999.0,1140413.15,34.93,22.89,28.91,122.13,106.81,114.47,63,373.91,109.0,0.06,112.88,159.82,1031.61,1072.99
Chiroptera,Pteropodidae,Pteropus,seychellensis,Pteropus seychellensis,-999,492.2,153.17,-999.0,-999.0,-999.0,-999.0,-999.0,-999,-999.0,156.43,1,-999.0,-999.0,-999.0,1.0,1.0,-999.0,-999.0,-999.0,-999.0,325.0,-999.0,-999.0,-999,2,-999,-999.0,-999.0,-999,271;599;1658;2017;2151;2402;2655;3120,-999.0,-999.0,-999.0,-999.0,706.03,-4.56,-9.46,-7.01,55.53,39.58,47.56,0,187.02,0.0,0.09,-999.0,-999.0,-999.0,-999.0
Rodentia,Nesomyidae,Cricetomys,gambianus,Cricetomys gambianus,-999,1267.52,-999.0,362.64,23.0,212.91,1022.38,1521.4,-999,-999.0,31.45,-999,-999.0,-999.0,-999.0,3.11,2.0,-999.0,22.68,78.0,-999.0,-999.0,177.08,-999.0,-999,-999,-999,34.54,-999.0,-999,36;416;922;1213;1244;1297;1822;2061;2655,-999.0,-999.0,-999.0,-999.0,-999.0,-999.0,-999.0,-999.0,-999.0,-999.0,-999.0,-999,-999.0,-999.0,-999.0,-999.0,-999.0,-999.0,-999.0
Chiroptera,Pteropodidae,Pteropus,tuberculatus,Pteropus tuberculatus,-999,-999.0,120.0,-999.0,-999.0,-999.0,-999.0,-999.0,-999,-999.0,-999.0,1,-999.0,-999.0,-999.0,-999.0,-999.0,-999.0,-999.0,-999.0,-999.0,-999.0,-999.0,-999.0,-999,2,-999,-999.0,-999.0,-999,978;1658;2151,226.64,-999.0,-999.0,-999.0,182.24,-11.58,-11.72,-11.65,166.98,166.77,166.87,13,13.0,13.0,0.18,-999.0,-999.0,-999.0,-999.0
Rodentia,Muridae,Gerbilliscus,nigricaudus,Gerbilliscus nigricaudus,-999,123.0,-999.0,-999.0,-999.0,-999.0,-999.0,-999.0,-999,-999.0,-999.0,-999,-999.0,-999.0,72.0,4.44,5.0,-999.0,-999.0,-999.0,-999.0,-999.0,-999.0,-999.0,-999,-999,-999,-999.0,-999.0,-999,1297;2655,-999.0,-999.0,-999.0,-999.0,1043171.39,4.76,-7.87,-1.55,42.97,33.18,38.07,1,53.35,1.0,0.12,58.92,240.15,825.33,1590.06
Chiroptera,Vespertilionidae,Scotoecus,hindei,Scotoecus hindei,-999,10.41,-999.0,-999.0,-999.0,-999.0,-999.0,-999.0,-999,-999.0,-999.0,-999,-999.0,-999.0,-999.0,-999.0,-999.0,-999.0,-999.0,-999.0,-999.0,-999.0,-999.0,-999.0,-999,-999,-999,-999.0,-999.0,-999,1257,-999.0,-999.0,-999.0,-999.0,7284863.48,11.98,-17.67,-2.84,51.41,2.95,27.18,0,38.25,1.0,0.12,88.33,236.79,933.4,1583.53
Chiroptera,Megadermatidae,Megaderma,spasma,Megaderma spasma,-999,24.71,56.49,-999.0,-999.0,-999.0,-999.0,-999.0,2,-999.0,80.0,1,-999.0,-999.0,-999.0,1.41,-999.0,-999.0,-999.0,-999.0,-999.0,-999.0,-999.0,-999.0,-999,2,3,31.5,-999.0,-999,83;196;679;1297;1439;1621;1658;1970;2144;2151;2655;2719;3023,-999.0,-999.0,-999.0,-999.0,6183811.28,28.28,-8.78,9.75,128.9,69.58,99.24,1,227.44,9.0,0.1,157.0,245.59,1107.31,1546.31
Carnivora,Canidae,Vulpes,cana,Vulpes cana,1,988.5,-999.0,425.92,-999.0,-999.0,-999.0,-999.0,6,150.0,57.35,1,1.17,1.52,-999.0,2.0,-999.0,120.0,29.0,-999.0,1.25,-999.0,380.55,-999.0,-999,1,2,44.74,-999.0,-999,543;966;1113;2655,-999.0,-999.0,-999.0,-999.0,2162391.85,40.82,13.29,27.06,68.31,29.73,49.02,0,33.51,1.0,0.15,19.76,165.74,240.12,1247.38
Soricomorpha,Soricidae,Suncus,malayanus,Suncus malayanus,-999,4.99,-999.0,-999.0,-999.0,-999.0,-999.0,-999.0,-999,-999.0,-999.0,-999,-999.0,-999.0,-999.0,-999.0,-999.0,-999.0,-999.0,-999.0,-999.0,-999.0,-999.0,-999.0,-999,-999,-999,-999.0,-999.0,-999,2655,-999.0,-999.0,-999.0,-999.0,70847.37,6.45,2.17,4.31,103.09,100.83,101.96,3,104.35,3.0,0.09,201.25,250.79,1677.62,1802.15
Carnivora,Mephitidae,Conepatus,chinga,Conepatus chinga,-999,-999.0,-999.0,-999.0,-999.0,-999.0,-999.0,-999.0,-999,-999.0,-999.0,-999,-999.0,-999.0,-999.0,-999.0,-999.0,-999.0,-999.0,-999.0,-999.0,-999.0,-999.0,-999.0,-999,-999,-999,-999.0,-999.0,-999,-999,-999.0,-999.0,-999.0,-999.0,3247304.52,-8.25,-40.94,-24.6,-53.52,-78.74,-66.13,0,25.6,0.0,0.07,65.02,133.91,724.98,1146.36
Pilosa,Myrmecophagidae,Tamandua,mexicana,Tamandua mexicana,2,4178.51,-999.0,-999.0,-999.0,-999.0,910.0,4210.0,1,-999.0,163.24,3,0.22,0.25,-999.0,-999.0,1.0,114.0,-999.0,-999.0,4.84,-999.0,-999.0,1.0,-999,2,3,-999.0,-999.0,-999,543;730;889;890;966;1822;1848;1947;2051;2151;2655,-999.0,-999.0,-999.0,-999.0,1290178.01,22.77,-5.33,8.71,-71.57,-101.88,-86.73,2,70.37,4.0,0.13,148.02,234.99,1242.27,1617.86
Macroscelidea,Macroscelididae,Rhynchocyon,petersi,Rhynchocyon petersi,-999,423.99,-999.0,-999.0,-999.0,-999.0,-999.0,-999.0,-999,-999.0,-999.0,-999,-999.0,-999.0,-999.0,1.93,-999.0,-999.0,-999.0,-999.0,-999.0,-999.0,-999.0,-999.0,-999,-999,-999,-999.0,-999.0,-999,1297;2391;2655,-999.0,-999.0,-999.0,-999.0,72695.75,-3.74,-8.07,-5.91,39.9,37.43,38.67,8,145.12,14.0,0.15,96.03,248.36,1056.5,1680.08
Rodentia,Cricetidae,Podomys,floridanus,Podomys floridanus,1,30.74,-999.0,103.18,16.5,-999.0,51.74,30.8,4,-999.0,-999.0,2,0.002788764,0.002988422,33.0,2.6,-999.0,88.0,2.39,-999.0,-999.0,-999.0,40.36,-999.0,-999,1,2,24.81,12.5,-999,835;1015;1297;1523;1822;1849;2477;2655,-999.0,3.71,-999.0,-999.0,69082.12,29.95,25.32,27.63,-80.03,-83.17,-81.6,1,188.02,5.0,0.1,112.22,221.98,1204.17,1434.85
Primates,Cercopithecidae,Presbytis,femoralis,Presbytis femoralis,3,7026.91,-999.0,515.0,-999.0,-999.0,-999.0,-999.0,-999,-999.0,-999.0,-999,0.07,0.13,-999.0,-999.0,-999.0,-999.0,-999.0,-999.0,-999.0,-999.0,-999.0,-999.0,-999,-999,-999,-999.0,-999.0,-999,1544;1848;2151;2655,-999.0,-999.0,-999.0,-999.0,154945.76,12.12,-1.37,5.37,104.27,98.65,101.46,7,133.49,11.0,0.11,202.31,257.69,1642.55,1806.04
Carnivora,Phocidae,Monachus,tropicalis,Monachus tropicalis,-999,197758.36,-999.0,2288.69,-999.0,-999.0,-999.0,-999.0,1,-999.0,-999.0,2,-999.0,-999.0,547.5,1.0,-999.0,-999.0,-999.0,-999.0,-999.0,-999.0,-999.0,-999.0,-999,1,3,-999.0,-999.0,-999,367;2151;2655,-999.0,0.89,-999.0,-999.0,-999.0,-999.0,-999.0,-999.0,-999.0,-999.0,-999.0,-999,-999.0,-999.0,-999.0,-999.0,-999.0,-999.0,-999.0
Carnivora,Herpestidae,Bdeogale,nigripes,Bdeogale nigripes,1,2623.01,-999.0,611.37,-999.0,-999.0,-999.0,-999.0,6,-999.0,-999.0,1,-999.0,-999.0,-999.0,1.0,-999.0,190.0,-999.0,-999.0,-999.0,-999.0,-999.0,-999.0,-999,1,2,-999.0,-999.0,-999,543;1113;2655,-999.0,-999.0,-999.0,-999.0,3117248.8,8.25,-6.77,0.73,31.3,7.92,19.61,0,21.16,1.0,0.12,145.53,242.16,1350.44,1561.7
Rodentia,Echimyidae,Isothrix,sinnamariensis,Isothrix sinnamariensis,-999,291.73,-999.0,216.56,-999.0,-999.0,-999.0,-999.0,-999,-999.0,-999.0,-999,-999.0,-999.0,-999.0,-999.0,-999.0,-999.0,-999.0,-999.0,-999.0,-999.0,-999.0,-999.0,-999,-999,-999,-999.0,-999.0,-999,2431,-999.0,-999.0,-999.0,-999.0,-999.0,-999.0,-999.0,-999.0,-999.0,-999.0,-999.0,-999,-999.0,-999.0,-999.0,-999.0,-999.0,-999.0,-999.0
Carnivora,Otariidae,Arctocephalus,philippii,Arctocephalus philippii,-999,94999.99,-999.0,1694.94,-999.0,-999.0,-999.0,-999.0,6,-999.0,-999.0,2,-999.0,-999.0,365.0,1.0,-999.0,-999.0,-999.0,-999.0,-999.0,-999.0,-999.0,-999.0,-999,1,2,-999.0,-999.0,-999,367;890;2151;2655,-999.0,1.1,-999.0,-999.0,-999.0,-999.0,-999.0,-999.0,-999.0,-999.0,-999.0,-999,-999.0,-999.0,-999.0,-999.0,-999.0,-999.0,-999.0
Chiroptera,Emballonuridae,Cormura,brevirostris,Cormura brevirostris,1,9.26,46.5,-999.0,-999.0,-999.0,-999.0,-999.0,1,-999.0,-999.0,1,-999.0,-999.0,-999.0,-999.0,-999.0,-999.0,-999.0,-999.0,-999.0,-999.0,-999.0,-999.0,-999,2,3,-999.0,-999.0,-999,196;889;905;1658;2151;2622;2655;2751,-999.0,-999.0,-999.0,-999.0,6457181.09,14.11,-12.58,0.76,-48.1,-85.84,-66.97,0,15.82,0.0,0.12,179.4,249.38,1454.83,1613.83
Pholidota,Manidae,Manis,tricuspis,Manis tricuspis,-999,1539.31,-999.0,-999.0,-999.0,-999.0,864.04,2730.0,-999,-999.0,126.85,-999,-999.0,-999.0,273.75,1.0,1.0,-999.0,109.54,-999.0,44.28,-999.0,755.15,-999.0,-999,-999,-999,177.82,670.82,-999,730;1297;1822;1848;1947;2655,-999.0,-999.0,-999.0,-999.0,5968402.76,12.26,-12.72,-0.23,35.44,-16.35,9.54,0,41.5,1.0,0.13,136.7,243.22,1230.78,1548.57
Rodentia,Cricetidae,Cricetulus,longicaudatus,Cricetulus longicaudatus,-999,-999.0,-999.0,-999.0,-999.0,-999.0,-999.0,-999.0,-999,-999.0,-999.0,-999,-999.0,-999.0,-999.0,5.71,-999.0,-999.0,-999.0,-999.0,-999.0,-999.0,-999.0,-999.0,-999,-999,-999,-999.0,-999.0,-999,1297,-999.0,-999.0,-999.0,-999.0,2110470.47,56.09,31.33,43.71,115.21,96.17,105.69,0,61.13,0.0,0.06,31.22,6.6,378.76,636.29
Rodentia,Cricetidae,Neotoma,magister,Neotoma magister,-999,447.0,-999.0,-999.0,20.0,-999.0,-999.0,-999.0,-999,-999.0,33.43,-999,-999.0,-999.0,-999.0,2.0,-999.0,-999.0,15.0,-999.0,-999.0,-999.0,-999.0,-999.0,-999,-999,-999,25.8,-999.0,-999,2311,-999.0,-999.0,-999.0,-999.0,-999.0,-999.0,-999.0,-999.0,-999.0,-999.0,-999.0,-999,-999.0,-999.0,-999.0,-999.0,-999.0,-999.0,-999.0
Pilosa,Megalonychidae,Choloepus,didactylus,Choloepus didactylus,2,6646.5,-999.0,688.96,0.0,-999.0,-999.0,-999.0,3,-999.0,269.63,2,-999.0,-999.0,795.41,1.0,-999.0,333.6,364.0,-999.0,53.4,-999.0,1262.74,1.0,2,2,2,52.61,-999.0,-999,12;543;730;887;889;890;905;1297;2151;2430;2431;2655,-999.0,0.74,-999.0,-999.0,3900958.92,10.13,-9.77,0.17,-42.57,-78.29,-60.43,0,4.88,0.0,0.12,184.67,252.37,1483.42,1614.82
Pilosa,Cyclopedidae,Cyclopes,didactylus,Cyclopes didactylus,1,263.95,-999.0,177.18,-999.0,-999.0,114.48,240.0,1,-999.0,160.0,1,0.03,0.04,-999.0,1.0,-999.0,27.6,-999.0,-999.0,32.4,-999.0,-999.0,1.0,-999,2,3,-999.0,-999.0,-999,298;543;730;889;890;905;966;1008;1297;1822;1848;1947;2051;2151;2431;2655,-999.0,-999.0,-999.0,-999.0,7292625.62,19.6,-13.94,2.82,-35.88,-96.68,-66.28,0,21.08,0.0,0.12,169.65,249.0,1390.76,1613.58
Carnivora,Otariidae,Otaria,flavescens,Otaria flavescens,-999,193670.53,-999.0,2112.38,0.0,1460.0,-999.0,-999.0,6,-999.0,311.55,2,-999.0,-999.0,365.0,1.0,-999.0,297.6,12819.99,-999.0,-999.0,-999.0,1860.83,-999.0,-999,1,2,363.96,-999.0,-999,367;543;890;1297;2151;2655;2986,-999.0,1.1,-999.0,-999.0,-999.0,-999.0,-999.0,-999.0,-999.0,-999.0,-999.0,-999,-999.0,-999.0,-999.0,-999.0,-999.0,-999.0,-999.0
Rodentia,Muridae,Chiruromys,lamia,Chiruromys lamia,-999,47.2,-999.0,112.63,-999.0,-999.0,-999.0,-999.0,-999,-999.0,-999.0,2,-999.0,-999.0,-999.0,2.15,-999.0,-999.0,-999.0,-999.0,-999.0,-999.0,-999.0,4.5,6,2,-999,-999.0,-999.0,-999,661;977;2152;2655,-999.0,-999.0,-999.0,-999.0,33089.66,-7.81,-10.22,-9.01,149.66,147.06,148.36,5,11.41,5.0,0.09,180.67,216.36,-999.0,-999.0
Chiroptera,Rhinolophidae,Rhinolophus,paradoxolophus,Rhinolophus paradoxolophus,-999,8.17,54.0,-999.0,-999.0,-999.0,-999.0,-999.0,1,-999.0,-999.0,1,-999.0,-999.0,-999.0,-999.0,-999.0,-999.0,-999.0,-999.0,-999.0,-999.0,-999.0,-999.0,-999,2,3,-999.0,-999.0,-999,196;679;1658;2151;2622;2655,-999.0,-999.0,-999.0,-999.0,267165.44,22.69,15.53,19.11,105.77,98.84,102.31,5,95.21,12.0,0.1,125.4,214.98,1057.14,1365.82
Rodentia,Gliridae,Graphiurus,christyi,Graphiurus christyi,1,-999.0,-999.0,-999.0,-999.0,-999.0,-999.0,-999.0,4,-999.0,-999.0,2,-999.0,-999.0,-999.0,4.99,-999.0,-999.0,-999.0,-999.0,-999.0,-999.0,-999.0,-999.0,7,2,2,-999.0,-999.0,-999,2151,-999.0,-999.0,-999.0,-999.0,211548.46,3.71,-0.79,1.45,29.95,10.23,20.09,1,18.72,2.0,0.14,145.59,233.02,1484.89,1613.24
Soricomorpha,Solenodontidae,Solenodon,paradoxus,Solenodon paradoxus,2,899.99,-999.0,306.0,-999.0,-999.0,-999.0,-999.0,2,425.83,64.8,3,-999.0,-999.0,-999.0,1.64,2.0,136.0,89.99,-999.0,-999.0,2.0,827.69,1.0,2,2,3,74.71,-999.0,-999,511;543;885;886;891;899;1297;1848;2198;2304;2655;2786;2916,-999.0,-999.0,-999.0,-999.0,74512.66,19.95,17.6,18.77,-68.31,-74.47,-71.39,10,214.83,38.0,0.08,104.89,239.05,1406.39,1578.86
Lagomorpha,Leporidae,Pronolagus,rupestris,Pronolagus rupestris,1,2249.99,-999.0,438.44,-999.0,-999.0,-999.0,-999.0,2,-999.0,-999.0,-999,-999.0,-999.0,-999.0,2.0,-999.0,-999.0,-999.0,-999.0,-999.0,-999.0,-999.0,-999.0,-999,-999,1,-999.0,-999.0,-999,95;1297;1600;1601;2655,-999.0,-999.0,-999.0,-999.0,1388367.94,1.29,-34.83,-16.77,36.29,15.55,25.92,0,30.07,0.0,0.12,47.96,176.16,623.82,1255.86
Cetacea,Ziphiidae,Mesoplodon,densirostris,Mesoplodon densirostris,-999,2299999.99,-999.0,4589.82,-999.0,-999.0,-999.0,-999.0,-999,-999.0,-999.0,1,-999.0,-999.0,-999.0,-999.0,-999.0,324.0,-999.0,-999.0,-999.0,3.0,3788.23,-999.0,-999,-999,-999,-999.0,-999.0,-999,164;172;543;1217;1297;2151;2655,-999.0,-999.0,-999.0,-999.0,-999.0,-999.0,-999.0,-999.0,-999.0,-999.0,-999.0,-999,-999.0,-999.0,-999.0,-999.0,-999.0,-999.0,-999.0
Rodentia,Geomyidae,Orthogeomys,cavator,Orthogeomys cavator,-999,650.0,-999.0,-999.0,-999.0,-999.0,-999.0,-999.0,3,-999.0,-999.0,2,-999.0,-999.0,-999.0,-999.0,-999.0,-999.0,-999.0,-999.0,-999.0,-999.0,-999.0,-999.0,-999,1,1,-999.0,-999.0,-999,2151;2655,-999.0,-999.0,-999.0,-999.0,767.26,9.83,8.41,9.12,-82.39,-83.95,-83.17,13,62.36,13.0,0.05,231.6,277.48,1528.0,1755.0
Cetacea,Ziphiidae,Mesoplodon,grayi,Mesoplodon grayi,-999,2899999.98,-999.0,-999.0,-999.0,-999.0,-999.0,-999.0,2,-999.0,-999.0,1,-999.0,-999.0,-999.0,-999.0,-999.0,-999.0,-999.0,-999.0,-999.0,-999.0,-999.0,-999.0,-999,-999,3,-999.0,-999.0,-999,890;2151;2655,-999.0,-999.0,-999.0,-999.0,-999.0,-999.0,-999.0,-999.0,-999.0,-999.0,-999.0,-999,-999.0,-999.0,-999.0,-999.0,-999.0,-999.0,-999.0
Carnivora,Otariidae,Arctocephalus,pusillus,Arctocephalus pusillus,1,178500.0,-999.0,1899.33,0.0,1095.0,-999.0,-999.0,1,-999.0,357.99,2,-999.0,-999.0,365.0,1.0,-999.0,252.0,5750.0,-999.0,-999.0,-999.0,1698.17,-999.0,-999,1,3,356.3,21106.96,-999,367;543;1297;1763;2151;2655;2986,-999.0,1.1,-999.0,-999.0,-999.0,-999.0,-999.0,-999.0,-999.0,-999.0,-999.0,-999,-999.0,-999.0,-999.0,-999.0,-999.0,-999.0,-999.0
Rodentia,Muridae,Rattus,arfakiensis,Rattus arfakiensis,-999,-999.0,-999.0,134.91,-999.0,-999.0,-999.0,-999.0,-999,-999.0,-999.0,-999,-999.0,-999.0,-999.0,-999.0,-999.0,-999.0,-999.0,-999.0,-999.0,-999.0,-999.0,-999.0,-999,-999,-999,-999.0,-999.0,-999,2803,73.67,-999.0,-999.0,-999.0,-999.0,-999.0,-999.0,-999.0,-999.0,-999.0,-999.0,-999,-999.0,-999.0,-999.0,-999.0,-999.0,-999.0,-999.0
Primates,Pitheciidae,Pithecia,pithecia,Pithecia pithecia,3,1667.19,-999.0,346.44,-999.0,759.2,-999.0,-999.0,2,-999.0,161.13,1,0.04,0.07,448.03,1.01,-999.0,248.4,-999.0,-999.0,4.19,-999.0,1089.37,2.7,-999,2,1,113.15,-999.0,-999,208;497;543;730;905;1201;1297;1544;1547;1768;1848;2151;2344;2431;2464;2489;2493;2655;2660;2986,-999.0,0.99,-999.0,-999.0,1037797.75,8.86,-3.02,2.92,-49.88,-61.71,-55.79,0,3.17,0.0,0.1,156.99,254.2,1467.74,1698.92
Chiroptera,Mormoopidae,Pteronotus,gymnonotus,Pteronotus gymnonotus,-999,13.6,51.74,-999.0,-999.0,-999.0,-999.0,-999.0,1,-999.0,-999.0,1,-999.0,-999.0,-999.0,0.98,-999.0,-999.0,-999.0,-999.0,-999.0,-999.0,-999.0,-999.0,-999,2,3,-999.0,-999.0,-999,196;889;1297;1432;1658;2143;2151;2622;2655,-999.0,-999.0,-999.0,-999.0,3390492.62,18.71,-16.45,1.13,-53.75,-95.58,-74.66,0,30.85,0.0,0.14,153.35,235.89,1340.63,1572.74
Rodentia,Ctenomyidae,Ctenomys,occultus,Ctenomys occultus,-999,150.0,-999.0,-999.0,-999.0,-999.0,-999.0,-999.0,3,-999.0,-999.0,1,-999.0,-999.0,-999.0,-999.0,-999.0,-999.0,-999.0,-999.0,-999.0,-999.0,-999.0,-999.0,-999,1,1,-999.0,-999.0,-999,2151;2655,-999.0,-999.0,-999.0,-999.0,4611.74,-26.9,-27.74,-27.32,-65.02,-65.79,-65.4,9,65.85,9.0,0.08,66.07,144.86,778.29,1244.83
Erinaceomorpha,Erinaceidae,Atelerix,albiventris,Atelerix albiventris,1,293.44,-999.0,159.29,-999.0,-999.0,146.7,450.0,5,-999.0,35.99,1,-999.0,-999.0,-999.0,3.98,1.0,-999.0,8.0,-999.0,-999.0,-999.0,116.45,-999.0,-999,1,2,59.27,-999.0,-999,678;1184;1297;1456;1822;1946;2408;2655;2786,-999.0,-999.0,-999.0,-999.0,11091420.66,17.94,-17.85,0.04,51.41,-17.53,16.93,0,37.67,1.0,0.11,71.5,250.44,764.21,1594.54
Artiodactyla,Tragulidae,Tragulus,versicolor,Tragulus versicolor,-999,-999.0,-999.0,-999.0,-999.0,-999.0,-999.0,-999.0,-999,-999.0,-999.0,-999,-999.0,-999.0,-999.0,-999.0,-999.0,-999.0,-999.0,-999.0,-999.0,-999.0,-999.0,-999.0,-999,-999,-999,-999.0,-999.0,-999,-999,-999.0,-999.0,-999.0,-999.0,-999.0,-999.0,-999.0,-999.0,-999.0,-999.0,-999.0,-999,-999.0,-999.0,-999.0,-999.0,-999.0,-999.0,-999.0
Primates,Cebidae,Callithrix,aurita,Callithrix aurita,3,386.2,-999.0,239.99,-999.0,-999.0,-999.0,-999.0,3,-999.0,140.0,1,0.08,-999.0,-999.0,2.0,-999.0,-999.0,-999.0,-999.0,-999.0,-999.0,-999.0,6.0,-999,2,2,-999.0,-999.0,-999,899;1544;1547;2151;2344;2655;2725,-999.0,-999.0,-999.0,-999.0,87653.49,-21.66,-24.65,-23.15,-40.97,-49.07,-45.02,14,398.77,24.0,0.06,148.06,188.19,1243.75,1379.49
Rodentia,Muridae,Apodemus,latronum,Apodemus latronum,-999,-999.0,-999.0,-999.0,-999.0,-999.0,-999.0,-999.0,-999,-999.0,-999.0,-999,-999.0,-999.0,-999.0,-999.0,-999.0,-999.0,-999.0,-999.0,-999.0,-999.0,-999.0,-999.0,-999,-999,-999,-999.0,-999.0,-999,-999,-999.0,-999.0,-999.0,-999.0,494407.0,31.65,22.73,27.19,103.91,96.15,100.03,1,54.82,2.0,0.07,145.12,58.48,863.27,1066.56
Carnivora,Herpestidae,Herpestes,fuscus,Herpestes fuscus,-999,-999.0,-999.0,-999.0,-999.0,-999.0,-999.0,-999.0,-999,-999.0,-999.0,-999,-999.0,-999.0,-999.0,-999.0,-999.0,-999.0,-999.0,-999.0,-999.0,-999.0,-999.0,-999.0,-999,-999,-999,-999.0,-999.0,-999,-999,-999.0,-999.0,-999.0,-999.0,91597.58,14.44,5.91,10.17,81.88,75.37,78.62,68,332.93,94.0,0.06,132.76,255.19,1238.3,1603.49
Afrosoricida,Tenrecidae,Microgale,fotsifotsy,Microgale fotsifotsy,-999,7.7,-999.0,72.45,-999.0,-999.0,-999.0,-999.0,-999,-999.0,-999.0,-999,-999.0,-999.0,-999.0,-999.0,-999.0,-999.0,-999.0,-999.0,-999.0,-999.0,-999.0,-999.0,-999,-999,-999,-999.0,-999.0,-999,1485;2655,-999.0,-999.0,-999.0,-999.0,97995.01,-13.52,-25.18,-19.35,50.46,46.65,48.56,6,37.17,8.0,0.18,180.28,197.99,1354.56,1605.33
Artiodactyla,Bovidae,Cephalophus,weynsi,Cephalophus weynsi,-999,-999.0,-999.0,-999.0,-999.0,-999.0,-999.0,-999.0,-999,-999.0,-999.0,-999,-999.0,-999.0,-999.0,-999.0,-999.0,183.0,-999.0,-999.0,-999.0,-999.0,-999.0,-999.0,-999,-999,-999,-999.0,-999.0,-999,1525,-999.0,-999.0,-999.0,-999.0,1692834.41,5.14,-6.81,-0.83,37.26,16.17,26.72,0,42.21,3.0,0.16,134.53,234.61,1411.19,1589.32
Rodentia,Octodontidae,Octodon,bridgesi,Octodon bridgesi,3,162.25,-999.0,159.62,-999.0,-999.0,183.32,176.1,3,-999.0,-999.0,1,-999.0,-999.0,-999.0,-999.0,-999.0,-999.0,-999.0,-999.0,-999.0,-999.0,-999.0,-999.0,-999,1,1,-999.0,-999.0,-999,424;890;1822;2655;2942,-999.0,-999.0,-999.0,-999.0,102723.41,-33.36,-40.34,-36.85,-70.19,-73.25,-71.72,1,73.48,1.0,0.06,60.22,76.88,528.82,907.25
Rodentia,Sciuridae,Sundasciurus,lowii,Sundasciurus lowii,3,84.99,-999.0,137.56,-999.0,-999.0,-999.0,-999.0,5,-999.0,-999.0,2,-999.0,-999.0,-999.0,2.46,-999.0,-999.0,-999.0,-999.0,-999.0,-999.0,-999.0,-999.0,5,2,2,-999.0,-999.0,-999,679;1297;2152;2655;2844;3013,-999.0,-999.0,-999.0,-999.0,1322864.62,7.45,-5.94,0.75,119.26,95.18,107.22,1,71.36,4.0,0.15,243.54,248.52,1686.88,1743.09
Primates,Lorisidae,Nycticebus,coucang,Nycticebus coucang,1,924.55,-999.0,300.0,-999.0,932.57,240.0,960.0,6,-999.0,191.09,1,-999.0,-999.0,365.0,1.12,-999.0,318.0,50.47,-999.0,20.0,-999.0,660.82,1.0,-999,2,2,181.21,520.0,-999,208;223;511;543;732;1297;1544;1547;1822;1848;2344;2493;2511;2655;2660;2986,-999.0,1.1,-999.0,-999.0,1504921.1,9.33,-8.78,0.27,120.25,95.18,107.72,1,149.98,4.0,0.14,237.29,248.73,1664.86,1740.31
Rodentia,Nesomyidae,Brachytarsomys,albicauda,Brachytarsomys albicauda,-999,200.0,-999.0,225.0,-999.0,-999.0,-999.0,-999.0,2,-999.0,-999.0,1,-999.0,-999.0,-999.0,-999.0,-999.0,-999.0,-999.0,-999.0,-999.0,-999.0,-999.0,-999.0,-999,2,1,-999.0,-999.0,-999,1048;2152;2333;2655,-999.0,-999.0,-999.0,-999.0,75743.16,-13.96,-22.95,-18.45,50.45,46.77,48.61,8,37.82,11.0,0.18,181.85,195.81,1362.92,1604.94
Rodentia,Hystricidae,Hystrix,javanica,Hystrix javanica,-999,-999.0,-999.0,-999.0,-999.0,-999.0,-999.0,-999.0,6,-999.0,112.0,2,-999.0,-999.0,-999.0,-999.0,-999.0,-999.0,-999.0,-999.0,-999.0,-999.0,-999.0,-999.0,-999,1,2,-999.0,-999.0,-999,2151,-999.0,-999.0,-999.0,-999.0,170023.72,-5.87,-9.11,-7.49,123.01,105.2,114.1,41,597.8,52.0,0.05,211.08,243.28,1362.99,1635.63
Carnivora,Mustelidae,Mustela,frenata,Mustela frenata,2,190.03,-999.0,229.31,35.87,-999.0,206.4,204.38,1,84.0,24.5,2,0.21,0.22,365.0,6.5,-999.0,85.23,3.09,-999.0,0.76,-999.0,200.69,-999.0,8,2,3,34.23,28.62,-999,367;1113;1297;1573;2151;2655;2986,-999.0,1.1,-999.0,-999.0,12290918.8,56.14,-17.08,19.52,-61.65,-127.02,-94.34,0,42.5,0.0,0.07,78.21,130.93,748.43,1034.26
Proboscidea,Elephantidae,Loxodonta,cyclotis,Loxodonta cyclotis,2,4750000.01,-999.0,-999.0,-999.0,-999.0,-999.0,-999.0,4,-999.0,-999.0,1,-999.0,-999.0,-999.0,-999.0,-999.0,-999.0,-999.0,-999.0,-999.0,-999.0,-999.0,3.4,-999,1,1,-999.0,-999.0,-999,904;1874;2607;2832,-999.0,-999.0,-999.0,-999.0,4650333.37,10.4,-8.66,0.86,31.26,-12.29,9.48,0,32.12,1.0,0.12,137.12,245.63,1272.04,1564.99
Chiroptera,Emballonuridae,Saccolaimus,flaviventris,Saccolaimus flaviventris,1,45.25,75.0,-999.0,-999.0,-999.0,-999.0,-999.0,-999,-999.0,-999.0,1,-999.0,-999.0,-999.0,-999.0,2.0,-999.0,-999.0,-999.0,-999.0,-999.0,-999.0,-999.0,-999,2,-999,-999.0,-999.0,-999,607;889;1658;2143;2151;2622;2655,-999.0,-999.0,-999.0,-999.0,5655577.55,-9.3,-39.13,-24.22,153.63,113.38,133.5,0,3.97,0.0,0.04,42.9,218.98,504.52,1409.8
Chiroptera,Vespertilionidae,Glauconycteris,variegata,Glauconycteris variegata,-999,11.25,43.54,-999.0,-999.0,-999.0,-999.0,-999.0,1,-999.0,-999.0,1,-999.0,-999.0,-999.0,1.12,-999.0,-999.0,-999.0,-999.0,-999.0,-999.0,-999.0,-999.0,-999,2,3,-999.0,-999.0,-999,1297;1658;1938;2143;2151;2157;2272;2655,-999.0,-999.0,-999.0,-999.0,9810939.42,14.33,-30.74,-8.2,41.4,-16.94,12.23,0,36.23,1.0,0.14,106.66,236.76,1037.93,1531.22
Rodentia,Sciuridae,Marmota,marmota,Marmota marmota,-999,4059.15,-999.0,-999.0,-999.0,-999.0,1008.72,1868.0,3,1251.02,35.22,-999,0.01,0.01,912.5,4.0,1.0,216.0,29.74,-999.0,583.5,-999.0,827.69,-999.0,-999,-999,1,49.18,-999.0,-999,116;543;730;1297;1897;2655;3128,-999.0,-999.0,-999.0,-999.0,146907.37,50.05,42.26,46.15,20.78,-0.84,9.96,10,120.34,14.0,0.03,83.37,46.67,580.0,628.2
Rodentia,Spalacidae,Spalax,zemni,Spalax zemni,-999,-999.0,-999.0,-999.0,-999.0,-999.0,-999.0,-999.0,-999,-999.0,-999.0,-999,-999.0,-999.0,-999.0,-999.0,-999.0,-999.0,-999.0,-999.0,-999.0,-999.0,-999.0,-999.0,-999,-999,-999,-999.0,-999.0,-999,-999,-999.0,-999.0,-999.0,-999.0,203090.75,51.24,46.54,48.89,34.55,24.07,29.31,17,83.3,24.0,-0.009789063,41.92,68.72,457.59,566.81
Artiodactyla,Bovidae,Hemitragus,jemlahicus,Hemitragus jemlahicus,-999,68616.43,-999.0,-999.0,-999.0,730.0,-999.0,-999.0,2,-999.0,195.76,-999,-999.0,-999.0,365.0,1.01,-999.0,261.6,2700.0,-999.0,-999.0,35.0,1532.89,-999.0,3,-999,1,-999.0,-999.0,-999,543;899;1297;1525;1848;2338;2555;2620;2655;2986,-999.0,1.1,-999.0,-999.0,130100.31,33.52,26.66,30.09,89.82,75.69,82.76,0,98.04,1.0,0.06,121.77,54.31,884.01,1143.07
Artiodactyla,Suidae,Sus,oliveri,Sus oliveri,-999,-999.0,-999.0,-999.0,-999.0,-999.0,-999.0,-999.0,-999,-999.0,-999.0,-999,-999.0,-999.0,-999.0,-999.0,-999.0,-999.0,-999.0,-999.0,-999.0,-999.0,-999.0,-999.0,-999,-999,-999,-999.0,-999.0,-999,-999,-999.0,-999.0,-999.0,-999.0,-999.0,-999.0,-999.0,-999.0,-999.0,-999.0,-999.0,-999,-999.0,-999.0,-999.0,-999.0,-999.0,-999.0,-999.0
Primates,Cebidae,Cebus,xanthosternos,Cebus xanthosternos,3,-999.0,-999.0,-999.0,-999.0,-999.0,-999.0,-999.0,-999,-999.0,-999.0,-999,-999.0,-999.0,-999.0,-999.0,-999.0,-999.0,-999.0,-999.0,-999.0,-999.0,-999.0,-999.0,-999,-999,-999,-999.0,-999.0,-999,1017,-999.0,-999.0,-999.0,-999.0,62866.63,-13.02,-15.16,-14.09,-39.39,-42.99,-41.19,9,29.07,11.0,0.08,116.23,216.59,1139.04,1398.71
Rodentia,Cricetidae,Reithrodontomys,humulis,Reithrodontomys humulis,1,8.25,-999.0,65.0,10.0,-999.0,-999.0,-999.0,3,-999.0,21.26,2,0.003188291,0.003812379,34.05,2.99,-999.0,26.89,1.07,-999.0,326.97,-999.0,44.65,1.0,-999,2,2,20.92,-999.0,-999,849;905;1297;1392;1563;1754;1756;2655;2704,-999.0,3.65,-999.0,-999.0,1299569.88,40.39,26.46,33.43,-75.71,-97.77,-86.74,1,58.11,6.0,0.06,99.07,171.18,972.61,1077.7
Carnivora,Mustelidae,Enhydra,lutris,Enhydra lutris,3,27410.93,-999.0,1435.71,0.0,-999.0,12060.0,18000.0,6,182.0,238.0,1,3.43,3.63,365.0,0.96,-999.0,360.0,1894.37,-999.0,6.46,-999.0,1022.33,-999.0,2,-999,2,178.98,12414.82,-999,367;543;1113;1297;1573;1822;2655;2986,-999.0,1.1,-999.0,-999.0,-999.0,-999.0,-999.0,-999.0,-999.0,-999.0,-999.0,-999,-999.0,-999.0,-999.0,-999.0,-999.0,-999.0,-999.0
Soricomorpha,Soricidae,Crocidura,bottegi,Crocidura bottegi,-999,3.49,-999.0,-999.0,-999.0,-999.0,-999.0,-999.0,-999,-999.0,-999.0,-999,-999.0,-999.0,-999.0,2.99,-999.0,-999.0,-999.0,-999.0,-999.0,-999.0,-999.0,-999.0,-999,-999,-999,-999.0,-999.0,-999,1297;2655,-999.0,-999.0,-999.0,-999.0,1848307.67,9.8,2.58,6.19,39.84,-13.76,13.04,0,60.21,1.0,0.08,135.33,248.38,1235.25,1564.55
Rodentia,Muridae,Pogonomelomys,bruijni,Pogonomelomys bruijni,-999,-999.0,-999.0,176.19,-999.0,-999.0,-999.0,-999.0,-999,-999.0,-999.0,1,-999.0,-999.0,-999.0,-999.0,-999.0,-999.0,-999.0,-999.0,-999.0,-999.0,-999.0,-999.0,4,2,-999,-999.0,-999.0,-999,977;2152;2803,159.22,-999.0,-999.0,-999.0,10683.24,-0.89,-6.38,-3.63,142.82,130.63,136.72,1,5.43,1.0,0.11,296.04,253.19,1693.58,1724.6
Didelphimorphia,Didelphidae,Marmosa,lepida,Marmosa lepida,1,14.0,-999.0,108.0,-999.0,-999.0,-999.0,-999.0,-999,-999.0,-999.0,-999,-999.0,-999.0,-999.0,4.99,-999.0,-999.0,-999.0,-999.0,-999.0,-999.0,-999.0,-999.0,-999,-999,-999,-999.0,-999.0,-999,889;890;1297;1760;2655,-999.0,-999.0,-999.0,-999.0,441236.47,6.0,-16.83,-5.41,-54.01,-77.66,-65.83,0,3.4,0.0,0.12,197.72,256.08,1464.93,1513.82
Chiroptera,Mormoopidae,Pteronotus,davyi,Pteronotus davyi,-999,9.52,45.1,-999.0,-999.0,-999.0,15.32,9.4,1,-999.0,-999.0,1,-999.0,-999.0,-999.0,0.99,1.0,-999.0,1.15,31.28,-999.0,-999.0,-999.0,-999.0,-999,2,3,-999.0,-999.0,-999,15;196;404;889;1297;1658;1822;1920;2143;2151;2295;2622;2655;2719;3023,-999.0,-999.0,-999.0,-999.0,2748221.32,29.71,-8.17,10.77,-60.37,-112.09,-86.23,0,63.21,2.0,0.12,126.19,224.94,1175.64,1553.86
Diprotodontia,Phalangeridae,Phalanger,intercastellanus,Phalanger intercastellanus,-999,1747.5,-999.0,384.35,-999.0,-999.0,-999.0,-999.0,4,-999.0,-999.0,1,-999.0,-999.0,-999.0,2.02,-999.0,-999.0,-999.0,-999.0,-999.0,-999.0,-999.0,-999.0,-999,2,1,-999.0,-999.0,-999,955;975;977;2655,-999.0,-999.0,-999.0,-999.0,84657.38,-6.33,-11.65,-8.99,154.28,146.04,150.16,3,10.96,5.0,0.09,215.93,213.6,1713.25,1808.31
Diprotodontia,Phalangeridae,Spilocuscus,maculatus,Spilocuscus maculatus,1,4060.46,-999.0,457.96,-999.0,-999.0,1062.5,4250.0,3,-999.0,12.99,1,-999.0,-999.0,365.0,1.26,-999.0,132.0,-999.0,-999.0,-999.0,-999.0,221.76,-999.0,4,2,1,240.75,1700.0,-999,543;955;975;977;1297;1412;1822;1848;1991;2152;2655,-999.0,1.1,-999.0,-999.0,782259.13,-0.34,-10.7,-5.52,150.87,130.93,140.9,1,6.57,1.0,0.15,241.75,240.11,1664.73,1715.26
Didelphimorphia,Didelphidae,Gracilinanus,agilis,Gracilinanus agilis,1,22.03,-999.0,95.33,-999.0,-999.0,-999.0,-999.0,-999,-999.0,-999.0,2,-999.0,-999.0,-999.0,12.0,-999.0,-999.0,-999.0,-999.0,-999.0,-999.0,-999.0,-999.0,-999,2,-999,-999.0,-999.0,-999,889;890;905;2225;2655;2944,-999.0,-999.0,-999.0,-999.0,2992991.41,-2.78,-34.63,-18.71,-37.89,-76.89,-57.39,0,19.19,0.0,0.1,118.36,229.76,1169.98,1393.8
Primates,Lemuridae,Eulemur,mongoz,Eulemur mongoz,2,1771.13,-999.0,354.85,-999.0,916.15,-999.0,-999.0,4,-999.0,129.0,1,0.05,0.07,-999.0,1.11,1.0,360.0,59.48,100.0,346.7,4.0,1060.7,2.7,-999,2,2,151.13,-999.0,-999,208;543;730;899;1046;1048;1261;1297;1544;1546;1547;1768;1848;2151;2344;2428;2493;2655;2660;2986,-999.0,-999.0,-999.0,-999.0,7006.3,-15.68,-16.54,-16.11,47.58,45.6,46.59,6,22.11,6.0,0.18,125.88,261.99,932.21,1603.66
Dasyuromorphia,Dasyuridae,Sminthopsis,fuliginosus,Sminthopsis fuliginosus,2,-999.0,-999.0,-999.0,-999.0,-999.0,-999.0,-999.0,-999,-999.0,-999.0,1,-999.0,-999.0,-999.0,-999.0,-999.0,-999.0,-999.0,-999.0,-999.0,-999.0,-999.0,-999.0,-999,1,-999,-999.0,-999.0,-999,1760,-999.0,-999.0,-999.0,-999.0,15623.82,-32.69,-34.8,-33.75,117.36,115.68,116.52,0,4.46,0.0,0.11,68.48,146.1,475.34,1088.91
Rodentia,Sciuridae,Sciurus,spadiceus,Sciurus spadiceus,3,403.32,-999.0,-999.0,-999.0,-999.0,-999.0,-999.0,2,-999.0,-999.0,2,-999.0,-999.0,-999.0,-999.0,-999.0,-999.0,-999.0,-999.0,76.71,-999.0,-999.0,1.0,-999,2,1,-999.0,-999.0,-999,730;905;2151;2655,-999.0,-999.0,-999.0,-999.0,2693893.11,0.39,-17.59,-8.59,-54.71,-77.82,-66.26,0,2.5,0.0,0.16,179.96,251.13,1402.14,1535.56
Carnivora,Viverridae,Genetta,pardina,Genetta pardina,-999,-999.0,-999.0,-999.0,-999.0,-999.0,-999.0,-999.0,-999,-999.0,-999.0,-999,-999.0,-999.0,-999.0,-999.0,-999.0,-999.0,-999.0,-999.0,-999.0,-999.0,-999.0,-999.0,-999,-999,-999,-999.0,-999.0,-999,-999,-999.0,-999.0,-999.0,-999.0,1125427.08,13.58,4.35,8.96,0.68,-16.82,-8.07,3,50.48,6.0,0.11,146.26,262.43,1081.23,1551.87
Erinaceomorpha,Erinaceidae,Mesechinus,hughi,Mesechinus hughi,1,-999.0,-999.0,200.0,-999.0,-999.0,-999.0,-999.0,2,-999.0,-999.0,-999,-999.0,-999.0,-999.0,-999.0,-999.0,-999.0,-999.0,-999.0,-999.0,-999.0,-999.0,-999.0,-999,-999,3,-999.0,-999.0,-999,678;1456;2408,229.57,-999.0,-999.0,-999.0,379917.4,35.42,31.22,33.32,115.72,103.02,109.37,6,263.22,40.0,0.06,59.05,116.12,772.7,889.23
Rodentia,Nesomyidae,Eliurus,ellermani,Eliurus ellermani,-999,100.0,-999.0,-999.0,-999.0,-999.0,-999.0,-999.0,-999,-999.0,-999.0,-999,-999.0,-999.0,-999.0,-999.0,-999.0,-999.0,-999.0,-999.0,-999.0,-999.0,-999.0,-999.0,-999,-999,-999,-999.0,-999.0,-999,2655,-999.0,-999.0,-999.0,-999.0,-999.0,-999.0,-999.0,-999.0,-999.0,-999.0,-999.0,-999,-999.0,-999.0,-999.0,-999.0,-999.0,-999.0,-999.0
Cetacea,Ziphiidae,Mesoplodon,traversii,Mesoplodon traversii,-999,-999.0,-999.0,-999.0,-999.0,-999.0,-999.0,-999.0,-999,-999.0,-999.0,-999,-999.0,-999.0,-999.0,-999.0,-999.0,-999.0,-999.0,-999.0,-999.0,-999.0,-999.0,-999.0,-999,-999,-999,-999.0,-999.0,-999,-999,-999.0,-999.0,-999.0,-999.0,-999.0,-999.0,-999.0,-999.0,-999.0,-999.0,-999.0,-999,-999.0,-999.0,-999.0,-999.0,-999.0,-999.0,-999.0
Rodentia,Echimyidae,Heteropsomys,antillensis,Heteropsomys antillensis,-999,-999.0,-999.0,-999.0,-999.0,-999.0,-999.0,-999.0,-999,-999.0,-999.0,-999,-999.0,-999.0,-999.0,-999.0,-999.0,-999.0,-999.0,-999.0,-999.0,-999.0,-999.0,-999.0,-999,-999,-999,-999.0,-999.0,-999,-999,-999.0,-999.0,-999.0,-999.0,-999.0,-999.0,-999.0,-999.0,-999.0,-999.0,-999.0,-999,-999.0,-999.0,-999.0,-999.0,-999.0,-999.0,-999.0
Diprotodontia,Pseudocheiridae,Pseudochirulus,canescens,Pseudochirulus canescens,-999,300.0,-999.0,223.15,-999.0,-999.0,-999.0,-999.0,2,-999.0,-999.0,1,-999.0,-999.0,-999.0,2.57,-999.0,-999.0,-999.0,-999.0,-999.0,-999.0,-999.0,-999.0,4,2,1,-999.0,-999.0,-999,975;977;1760;1991;2152;2655,-999.0,-999.0,-999.0,-999.0,101962.23,-0.88,-10.18,-5.53,149.7,130.63,140.17,2,11.27,2.0,0.1,282.76,203.84,1661.64,1666.94
Carnivora,Felidae,Panthera,tigris,Panthera tigris,1,161914.66,-999.0,1824.79,9.03,1216.66,28497.0,161000.0,1,570.0,105.19,1,64.89,69.69,821.25,2.6,1.0,315.6,1313.5,-999.0,0.03,1.0,1522.5,-999.0,-999,1,3,118.55,11003.0,-999,367;542;543;730;1015;1113;1297;1573;1594;2655,-999.0,-999.0,-999.0,-999.0,2494993.45,47.99,-5.94,21.02,137.26,73.31,105.29,1,164.5,3.0,0.08,138.99,211.51,1000.12,1405.59
Lagomorpha,Leporidae,Lepus,yarkandensis,Lepus yarkandensis,2,1460.41,-999.0,390.0,-999.0,-999.0,-999.0,-999.0,1,-999.0,-999.0,1,-999.0,-999.0,-999.0,3.9,2.5,-999.0,-999.0,-999.0,-999.0,-999.0,-999.0,-999.0,-999,1,1,-999.0,365.21,253,95;989;1315;3098,-999.0,-999.0,-999.0,-999.0,613125.37,41.76,36.75,39.25,93.94,75.8,84.87,0,8.19,0.0,0.07,17.64,98.95,63.18,719.7
Rodentia,Ctenomyidae,Ctenomys,scagliai,Ctenomys scagliai,-999,-999.0,-999.0,-999.0,-999.0,-999.0,-999.0,-999.0,-999,-999.0,-999.0,-999,-999.0,-999.0,-999.0,-999.0,-999.0,-999.0,-999.0,-999.0,-999.0,-999.0,-999.0,-999.0,-999,-999,-999,-999.0,-999.0,-999,-999,-999.0,-999.0,-999.0,-999.0,-999.0,-999.0,-999.0,-999.0,-999.0,-999.0,-999.0,-999,-999.0,-999.0,-999.0,-999.0,-999.0,-999.0,-999.0
Lagomorpha,Leporidae,Lepus,flavigularis,Lepus flavigularis,-999,2999.98,-999.0,549.77,-999.0,-999.0,-999.0,-999.0,2,-999.0,-999.0,-999,-999.0,-999.0,-999.0,-999.0,-999.0,-999.0,-999.0,176.49,-999.0,-999.0,-999.0,-999.0,-999,-999,1,-999.0,-999.0,-999,84;575;1015;2124;2655,-999.0,-999.0,181.12,-999.0,10300.18,16.78,15.82,16.3,-93.65,-95.31,-94.48,6,34.9,6.0,0.05,169.71,244.27,1071.79,1627.36
Rodentia,Cricetidae,Rhipidomys,wetzeli,Rhipidomys wetzeli,1,89.0,-999.0,-999.0,-999.0,-999.0,-999.0,-999.0,-999,-999.0,-999.0,1,-999.0,-999.0,-999.0,-999.0,-999.0,-999.0,-999.0,-999.0,-999.0,-999.0,-999.0,-999.0,-999,2,-999,-999.0,-999.0,-999,2151;2655,-999.0,-999.0,-999.0,-999.0,205046.83,7.16,0.76,3.96,-60.6,-67.54,-64.07,0,0.83,0.0,0.16,179.27,227.11,1621.42,1702.25
Rodentia,Nesomyidae,Steatomys,pratensis,Steatomys pratensis,-999,30.58,-999.0,-999.0,-999.0,-999.0,18.77,37.54,-999,-999.0,-999.0,-999,-999.0,-999.0,-999.0,3.96,-999.0,-999.0,1.55,-999.0,27.57,-999.0,-999.0,-999.0,-999,-999,-999,-999.0,-999.0,-999,1297;1798;1822;2655,-999.0,-999.0,-999.0,-999.0,-999.0,-999.0,-999.0,-999.0,-999.0,-999.0,-999.0,-999,-999.0,-999.0,-999.0,-999.0,-999.0,-999.0,-999.0
Carnivora,Viverridae,Poiana,richardsonii,Poiana richardsonii,1,570.08,-999.0,378.86,-999.0,-999.0,-999.0,-999.0,6,-999.0,-999.0,1,-999.0,-999.0,-999.0,2.23,-999.0,64.0,-999.0,-999.0,1.0,-999.0,-999.0,-999.0,-999,1,2,-999.0,-999.0,-999,543;1113;1297;2655,-999.0,-999.0,-999.0,-999.0,2191921.08,5.22,-5.99,-0.38,30.38,8.42,19.4,0,19.35,1.0,0.13,149.74,242.97,1402.47,1555.91
Primates,Galagidae,Galago,zanzibaricus,Galago zanzibaricus,-999,147.35,-999.0,-999.0,-999.0,365.0,-999.0,-999.0,4,-999.0,120.0,-999,0.01,0.02,182.5,1.29,2.0,-999.0,14.5,-999.0,169.0,-999.0,322.75,1.0,-999,-999,2,59.27,-999.0,-999,223;1260;1297;1544;1547;2151;2344;2493;2655,-999.0,-999.0,-999.0,-999.0,1375379.35,2.07,-25.76,-11.84,45.25,32.31,38.78,1,39.72,2.0,0.17,76.0,239.53,888.6,1570.98
Primates,Daubentoniidae,Daubentonia,madagascariensis,Daubentonia madagascariensis,1,2731.37,-999.0,400.0,-999.0,1277.5,-999.0,-999.0,6,-999.0,166.48,2,0.06,0.11,760.41,1.01,0.42,291.6,121.79,-999.0,39.79,1.0,834.72,1.0,2,2,2,197.7,1535.0,-999,208;511;543;899;1048;1261;1297;1544;1545;1547;1848;2145;2151;2344;2489;2493;2511;2655;2986,-999.0,-999.0,-999.0,-999.0,141979.73,-12.38,-25.2,-18.79,50.48,43.92,47.2,2,25.0,3.0,0.18,149.13,217.0,1216.27,1601.27
Artiodactyla,Cervidae,Muntiacus,vuquangensis,Muntiacus vuquangensis,-999,36690.82,-999.0,-999.0,-999.0,-999.0,-999.0,-999.0,-999,-999.0,-999.0,-999,-999.0,-999.0,-999.0,-999.0,-999.0,-999.0,-999.0,-999.0,-999.0,-999.0,-999.0,-999.0,-999,-999,-999,-999.0,-999.0,-999,653,-999.0,-999.0,-999.0,-999.0,55431.64,18.54,13.43,15.99,107.71,104.22,105.96,3,34.31,4.0,0.13,217.86,228.32,1241.0,1524.63
Chiroptera,Rhinopomatidae,Rhinopoma,hardwickii,Rhinopoma hardwickii,-999,13.1,59.5,59.8,-999.0,365.0,-999.0,-999.0,1,-999.0,98.28,1,-999.0,-999.0,365.0,0.99,1.0,-999.0,2.5,-999.0,-999.0,551.0,320.04,-999.0,-999,2,3,52.04,9.68,-999,196;211;679;1297;1384;1388;1553;1658;1860;2143;2151;2349;2622;2655;3023;3110,-999.0,-999.0,-999.0,-999.0,16925604.79,36.49,0.69,18.59,99.73,-12.83,43.44,0,82.34,0.0,0.1,31.77,241.26,327.0,1374.32
Chiroptera,Pteropodidae,Casinycteris,argynnis,Casinycteris argynnis,-999,28.28,56.0,-999.0,-999.0,-999.0,-999.0,-999.0,1,-999.0,-999.0,1,-999.0,-999.0,-999.0,0.98,-999.0,-999.0,4.29,43.8,-999.0,1.5,-999.0,1.0,-999,2,1,-999.0,-999.0,-999,196;271;360;1297;1601;1631;1658;2151;2295;2622;2655;2719,-999.0,-999.0,-999.0,-999.0,1040595.8,3.82,-7.09,-1.63,28.42,11.01,19.72,1,12.04,1.0,0.14,149.06,244.46,1470.12,1586.1
Rodentia,Capromyidae,Plagiodontia,araeum,Plagiodontia araeum,-999,-999.0,-999.0,-999.0,-999.0,-999.0,-999.0,-999.0,-999,-999.0,-999.0,-999,-999.0,-999.0,-999.0,-999.0,-999.0,-999.0,-999.0,-999.0,-999.0,-999.0,-999.0,-999.0,-999,-999,-999,-999.0,-999.0,-999,-999,-999.0,-999.0,-999.0,-999.0,-999.0,-999.0,-999.0,-999.0,-999.0,-999.0,-999.0,-999,-999.0,-999.0,-999.0,-999.0,-999.0,-999.0,-999.0
Chiroptera,Nycteridae,Nycteris,nana,Nycteris nana,-999,6.98,34.0,-999.0,-999.0,-999.0,-999.0,-999.0,-999,-999.0,107.97,1,-999.0,-999.0,-999.0,1.0,1.0,-999.0,-999.0,-999.0,-999.0,-999.0,-999.0,-999.0,-999,2,-999,52.5,-999.0,-999,196;1297;1658;2151;2655;2719,-999.0,-999.0,-999.0,-999.0,4237572.76,8.4,-8.92,-0.26,35.95,-11.75,12.09,0,37.39,1.0,0.12,142.12,240.35,1319.26,1559.54
Cetacea,Delphinidae,Cephalorhynchus,hectori,Cephalorhynchus hectori,3,49999.99,-999.0,-999.0,-999.0,2920.0,-999.0,-999.0,1,-999.0,-999.0,1,-999.0,-999.0,-999.0,1.0,0.42,240.0,-999.0,-999.0,-999.0,11.0,2768.53,5.0,-999,-999,3,355.65,-999.0,-999,232;899;1297;2151;2655,-999.0,-999.0,-999.0,-999.0,-999.0,-999.0,-999.0,-999.0,-999.0,-999.0,-999.0,-999,-999.0,-999.0,-999.0,-999.0,-999.0,-999.0,-999.0
Chiroptera,Rhinolophidae,Rhinolophus,thomasi,Rhinolophus thomasi,-999,8.26,48.5,-999.0,-999.0,-999.0,-999.0,-999.0,1,-999.0,-999.0,1,-999.0,-999.0,-999.0,-999.0,-999.0,-999.0,-999.0,-999.0,-999.0,-999.0,-999.0,-999.0,-999,2,3,-999.0,-999.0,-999,196;679;1658;2151;2622;2655,-999.0,-999.0,-999.0,-999.0,571234.4,22.61,5.93,14.27,106.4,97.06,101.73,5,102.53,9.0,0.09,139.07,228.32,1095.3,1478.89
Primates,Tarsiidae,Tarsius,pelengensis,Tarsius pelengensis,-999,165.0,-999.0,-999.0,-999.0,-999.0,-999.0,-999.0,-999,-999.0,-999.0,-999,-999.0,-999.0,-999.0,1.02,-999.0,-999.0,-999.0,-999.0,-999.0,-999.0,-999.0,-999.0,-999,-999,-999,-999.0,-999.0,-999,2138;2151,-999.0,-999.0,-999.0,-999.0,2364.95,-1.15,-1.64,-1.4,123.55,122.78,123.17,31,31.0,31.0,0.1,245.0,240.5,-999.0,-999.0
Rodentia,Ctenomyidae,Ctenomys,dorbignyi,Ctenomys dorbignyi,-999,-999.0,-999.0,-999.0,-999.0,-999.0,-999.0,-999.0,3,-999.0,-999.0,1,-999.0,-999.0,-999.0,-999.0,-999.0,-999.0,-999.0,-999.0,-999.0,-999.0,-999.0,-999.0,-999,1,1,-999.0,-999.0,-999,2151,-999.0,-999.0,-999.0,-999.0,-999.0,-999.0,-999.0,-999.0,-999.0,-999.0,-999.0,-999,-999.0,-999.0,-999.0,-999.0,-999.0,-999.0,-999.0
Chiroptera,Molossidae,Eumops,glaucinus,Eumops glaucinus,-999,36.2,59.73,-999.0,-999.0,-999.0,-999.0,-999.0,1,-999.0,-999.0,1,-999.0,-999.0,-999.0,1.04,1.0,-999.0,4.27,38.79,-999.0,-999.0,-999.0,-999.0,-999,2,3,38.49,-999.0,-999,196;419;890;1297;1658;2151;2622;2655;2719,-999.0,-999.0,-999.0,-999.0,11841060.24,26.61,-26.32,0.14,-39.68,-105.56,-72.62,0,30.41,0.0,0.12,147.97,232.45,1286.03,1517.73
Rodentia,Muridae,Crateromys,schadenbergi,Crateromys schadenbergi,2,-999.0,-999.0,370.73,-999.0,-999.0,-999.0,-999.0,-999,-999.0,-999.0,-999,-999.0,-999.0,-999.0,-999.0,-999.0,-999.0,-999.0,-999.0,-999.0,-999.0,-999.0,-999.0,-999,-999,-999,-999.0,-999.0,-999,2089;2152,1363.72,-999.0,-999.0,-999.0,36658.29,18.9,16.0,17.45,122.36,120.48,121.42,29,126.47,29.0,0.06,226.03,226.83,1421.4,1690.11
Carnivora,Canidae,Vulpes,zerda,Vulpes zerda,1,1317.13,-999.0,374.23,16.95,-999.0,467.97,1303.0,6,-999.0,51.0,1,-999.0,-999.0,365.0,2.36,-999.0,175.0,28.04,111.7,-999.0,-999.0,294.06,-999.0,-999,1,2,65.56,-999.0,-999,367;543;1113;1297;1822;2655,-999.0,1.1,-999.0,-999.0,6960271.02,35.37,16.09,25.73,47.68,-15.69,15.99,0,3.93,0.0,0.08,3.55,245.56,67.33,1255.58
Dasyuromorphia,Dasyuridae,Parantechinus,apicalis,Parantechinus apicalis,2,71.31,-999.0,142.5,-999.0,-999.0,-999.0,-999.0,2,-999.0,48.5,1,-999.0,-999.0,365.0,7.5,1.0,36.0,-999.0,-999.0,599.99,1.0,340.6,-999.0,-999,1,2,112.7,-999.0,-999,543;800;899;955;1297;1760;2655,-999.0,-999.0,-999.0,-999.0,31495.39,-33.3,-35.13,-34.22,121.52,117.25,119.38,0,2.01,0.0,0.05,56.91,145.7,455.68,1032.6
Rodentia,Spalacidae,Rhizomys,sinensis,Rhizomys sinensis,-999,-999.0,-999.0,-999.0,-999.0,-999.0,-999.0,-999.0,-999,-999.0,-999.0,-999,-999.0,-999.0,-999.0,3.0,-999.0,-999.0,-999.0,-999.0,-999.0,-999.0,-999.0,-999.0,-999,-999,-999,-999.0,-999.0,-999,1297,-999.0,-999.0,-999.0,-999.0,584284.14,34.04,20.22,27.13,120.15,97.56,108.85,1,296.61,7.0,0.06,109.44,122.64,959.09,1092.81
Chiroptera,Pteropodidae,Plerotes,anchietae,Plerotes anchietae,-999,-999.0,51.41,-999.0,-999.0,-999.0,-999.0,-999.0,-999,-999.0,-999.0,1,-999.0,-999.0,-999.0,-999.0,-999.0,-999.0,-999.0,-999.0,-999.0,-999.0,-999.0,-999.0,-999,2,-999,-999.0,-999.0,-999,270;1658;2151,19.99,-999.0,-999.0,-999.0,200249.81,-7.94,-13.18,-10.56,31.61,14.94,23.27,4,14.97,5.0,0.14,105.99,212.54,920.98,1425.94
Chiroptera,Molossidae,Mops,sarasinorum,Mops sarasinorum,-999,-999.0,41.99,-999.0,-999.0,-999.0,-999.0,-999.0,1,-999.0,-999.0,1,-999.0,-999.0,-999.0,-999.0,-999.0,-999.0,-999.0,-999.0,-999.0,-999.0,-999.0,-999.0,-999,2,3,-999.0,-999.0,-999,679;1658;2151,11.2,-999.0,-999.0,-999.0,384859.29,18.65,-5.7,6.47,126.6,117.17,121.88,17,161.68,20.0,0.1,217.37,228.66,1579.42,1784.11
Artiodactyla,Cervidae,Rusa,unicolor,Rusa unicolor,2,177522.9,-999.0,2040.0,-999.0,788.4,-999.0,-999.0,3,-999.0,246.0,-999,-999.0,-999.0,-999.0,1.0,-999.0,317.04,10270.0,-999.0,4.89,-999.0,620.76,-999.0,-999,-999,1,-999.0,-999.0,-999,653;730;789;1297;2133;2152;2525;2655;2986;3010,-999.0,-999.0,-999.0,-999.0,7050571.04,29.99,-5.94,12.02,122.0,72.5,97.25,1,218.9,7.0,0.1,152.82,224.61,1103.12,1467.16
Soricomorpha,Talpidae,Talpa,caucasica,Talpa caucasica,2,-999.0,-999.0,-999.0,-999.0,-999.0,-999.0,-999.0,1,-999.0,-999.0,2,-999.0,-999.0,-999.0,-999.0,-999.0,-999.0,-999.0,-999.0,-999.0,-999.0,-999.0,-999.0,-999,1,3,-999.0,-999.0,-999,2131,-999.0,-999.0,-999.0,-999.0,41455.61,45.24,41.37,43.3,48.18,40.04,44.11,14,61.45,15.0,0.05,47.08,29.35,579.32,686.57
Rodentia,Erethizontidae,Sphiggurus,pruinosus,Sphiggurus pruinosus,-999,-999.0,-999.0,-999.0,-999.0,-999.0,-999.0,-999.0,-999,-999.0,-999.0,-999,-999.0,-999.0,-999.0,-999.0,-999.0,-999.0,-999.0,-999.0,-999.0,-999.0,-999.0,-999.0,-999,-999,-999,-999.0,-999.0,-999,-999,-999.0,-999.0,-999.0,-999.0,4489.82,8.35,7.68,8.02,-71.32,-72.15,-71.73,8,78.83,8.0,0.08,106.84,213.5,1426.15,1588.15
Primates,Atelidae,Alouatta,seniculus,Alouatta seniculus,3,6398.31,-999.0,560.21,-999.0,1671.7,-999.0,-999.0,6,-999.0,189.9,1,0.1,0.16,507.35,1.42,-999.0,300.0,293.42,-999.0,44.49,-999.0,1690.22,7.9,-999,2,2,370.04,-999.0,-999,208;451;543;702;730;890;905;1201;1297;1544;1547;1848;2128;2151;2308;2344;2431;2489;2493;2655;2660;2986,-999.0,0.93,-999.0,-999.0,2516845.21,12.2,-10.84,0.68,-60.66,-77.13,-68.89,0,23.29,0.0,0.1,182.34,250.82,1449.76,1574.93
Carnivora,Felidae,Prionailurus,rubiginosus,Prionailurus rubiginosus,1,1418.75,-999.0,405.99,-999.0,-999.0,-999.0,-999.0,1,-999.0,-999.0,1,-999.0,-999.0,-999.0,2.23,-999.0,-999.0,-999.0,-999.0,-999.0,-999.0,-999.0,-999.0,-999,1,3,-999.0,-999.0,-999,1113;1297;2655,-999.0,-999.0,-999.0,-999.0,1372527.48,23.36,5.91,14.64,86.43,69.78,78.1,22,331.4,91.0,0.08,95.56,261.16,816.97,1548.99
Rodentia,Octodontidae,Aconaemys,porteri,Aconaemys porteri,-999,-999.0,-999.0,-999.0,-999.0,-999.0,-999.0,-999.0,-999,-999.0,-999.0,-999,-999.0,-999.0,-999.0,-999.0,-999.0,-999.0,-999.0,-999.0,-999.0,-999.0,-999.0,-999.0,-999,-999,-999,-999.0,-999.0,-999,-999,-999.0,-999.0,-999.0,-999.0,-999.0,-999.0,-999.0,-999.0,-999.0,-999.0,-999.0,-999,-999.0,-999.0,-999.0,-999.0,-999.0,-999.0,-999.0
Chiroptera,Vespertilionidae,Miniopterus,natalensis,Miniopterus natalensis,-999,10.43,45.0,-999.0,-999.0,-999.0,-999.0,-999.0,1,-999.0,126.88,-999,-999.0,-999.0,-999.0,1.0,1.0,-999.0,3.0,-999.0,-999.0,-999.0,-999.0,-999.0,-999,-999,3,58.59,-999.0,-999,196;1658;2719;2889;2892;2893;2896;2901,-999.0,-999.0,-999.0,-999.0,-999.0,-999.0,-999.0,-999.0,-999.0,-999.0,-999.0,-999,-999.0,-999.0,-999.0,-999.0,-999.0,-999.0,-999.0
Chiroptera,Vespertilionidae,Eptesicus,fuscus,Eptesicus fuscus,-999,17.49,46.69,-999.0,1.5,-999.0,30.42,16.9,1,-999.0,52.14,1,-999.0,-999.0,-999.0,1.85,1.0,240.0,3.21,-999.0,-999.0,50.0,395.29,-999.0,-999,2,3,34.18,13.2,-999,185;196;459;460;543;544;616;657;746;754;1059;1161;1189;1238;1297;1413;1520;1693;1695;1705;1708;1709;1710;1784;2143;2151;2215;2279;2567;26222655;2719;2879;3047,-999.0,-999.0,-999.0,-999.0,13321726.93,60.21,2.09,31.15,-59.42,-126.58,-93.0,0,43.16,0.0,0.06,63.98,115.12,649.12,941.91
Rodentia,Sciuridae,Glaucomys,sabrinus,Glaucomys sabrinus,1,137.53,-999.0,160.82,31.5,-999.0,-999.0,-999.0,6,-999.0,40.0,2,0.05,0.04,-999.0,3.0,1.0,156.0,5.64,48.7,85.93,-999.0,335.63,-999.0,-999,2,2,65.0,39.74,108,32;511;543;1020;1220;1297;1443;1573;1849;1977;2096;2378;2655;2707;2844;2991;3060,-999.0,-999.0,-999.0,-999.0,7838140.85,69.02,33.88,51.45,-55.61,-154.58,-105.1,0,10.56,0.0,0.05,50.42,-10.82,366.01,453.61
Rodentia,Dipodidae,Sicista,kazbegica,Sicista kazbegica,-999,-999.0,-999.0,-999.0,-999.0,-999.0,-999.0,-999.0,-999,-999.0,-999.0,-999,-999.0,-999.0,-999.0,-999.0,-999.0,-999.0,-999.0,-999.0,-999.0,-999.0,-999.0,-999.0,-999,-999,-999,-999.0,-999.0,-999,-999,-999.0,-999.0,-999.0,-999.0,64.07,42.66,42.57,42.61,44.42,44.33,44.38,22,22.0,22.0,0.0,66.0,-52.0,635.0,635.0
Rodentia,Cricetidae,Rhipidomys,modicus,Rhipidomys modicus,-999,-999.0,-999.0,-999.0,-999.0,-999.0,-999.0,-999.0,-999,-999.0,-999.0,-999,-999.0,-999.0,-999.0,-999.0,-999.0,-999.0,-999.0,-999.0,-999.0,-999.0,-999.0,-999.0,-999,-999,-999,-999.0,-999.0,-999,-999,-999.0,-999.0,-999.0,-999.0,-999.0,-999.0,-999.0,-999.0,-999.0,-999.0,-999.0,-999,-999.0,-999.0,-999.0,-999.0,-999.0,-999.0,-999.0
Primates,Indriidae,Propithecus,edwardsi,Propithecus edwardsi,3,6573.27,-999.0,-999.0,-999.0,-999.0,-999.0,-999.0,-999,-999.0,-999.0,-999,-999.0,-999.0,-999.0,-999.0,-999.0,-999.0,-999.0,-999.0,-999.0,-999.0,-999.0,6.0,-999,-999,-999,-999.0,-999.0,-999,1546,-999.0,-999.0,-999.0,-999.0,12906.49,-19.73,-23.05,-21.39,47.99,46.73,47.36,8,45.02,8.0,0.18,167.26,183.01,1328.96,1496.33
Chiroptera,Vespertilionidae,Vespertilio,sinensis,Vespertilio sinensis,-999,24.3,48.5,-999.0,10.0,-999.0,-999.0,-999.0,1,-999.0,52.14,1,-999.0,-999.0,-999.0,2.0,-999.0,-999.0,2.16,-999.0,-999.0,-999.0,-999.0,-999.0,-999,2,3,34.99,11.47,-999,185;1030;1297;1658;1704;2151;2622;2655,-999.0,-999.0,-999.0,-999.0,738710.66,49.95,21.9,35.92,142.07,108.26,125.16,1,309.79,1.0,0.02,74.05,72.35,660.06,752.01
Rodentia,Gliridae,Graphiurus,murinus,Graphiurus murinus,1,20.07,-999.0,75.63,-999.0,-999.0,-999.0,-999.0,4,-999.0,23.99,2,-999.0,-999.0,-999.0,3.0,-999.0,69.6,3.49,-999.0,54.41,-999.0,-999.0,1.0,7,2,2,-999.0,-999.0,-999,543;904;1254;1297;1798;2151;2629;2655;3054,-999.0,-999.0,-999.0,-999.0,7836495.07,14.59,-34.83,-10.12,42.98,13.3,28.14,0,32.34,1.0,0.13,67.55,217.12,798.09,1481.48
Chiroptera,Pteropodidae,Nyctimene,malaitensis,Nyctimene malaitensis,-999,78.39,65.1,119.69,-999.0,-999.0,-999.0,-999.0,-999,-999.0,-999.0,1,-999.0,-999.0,-999.0,-999.0,-999.0,-999.0,-999.0,-999.0,-999.0,-999.0,-999.0,-999.0,-999,2,-999,-999.0,-999.0,-999,1658;2151;2280;2655,-999.0,-999.0,-999.0,-999.0,3870.66,-8.31,-9.64,-8.97,161.39,160.54,160.97,13,13.0,13.0,0.18,204.49,258.5,-999.0,-999.0
Rodentia,Bathyergidae,Heterocephalus,glaber,Heterocephalus glaber,2,39.36,-999.0,129.61,29.0,-999.0,25.74,39.25,1,-999.0,70.49,1,0.004215132,0.003954543,81.1,11.3,4.5,120.0,1.86,-999.0,11100.0,180.0,-999.0,-999.0,-999,1,1,27.28,11.0,-999,230;231;242;244;245;247;543;740;1297;1481;1573;1822;1849;1944;2604;2655,-999.0,-999.0,-999.0,-999.0,1324439.84,11.98,-3.07,4.45,51.41,36.27,43.84,1,17.06,1.0,0.08,34.35,239.05,520.98,1660.98
Carnivora,Mustelidae,Gulo,gulo,Gulo gulo,1,12792.49,-999.0,772.1,27.94,-999.0,4906.8,11600.0,1,638.99,161.73,1,343.27,363.58,821.25,2.84,0.5,216.0,86.02,157.3,0.007916144,1.0,756.6,-999.0,-999,1,3,83.64,-999.0,-999,367;543;1015;1113;1297;1573;2655;2986,-999.0,-999.0,-999.0,-999.0,24495951.71,83.11,38.24,60.67,179.99,-168.12,5.93,0,3.75,0.0,-0.02,32.21,-72.05,259.17,291.78
Soricomorpha,Soricidae,Blarinella,wardi,Blarinella wardi,-999,-999.0,-999.0,-999.0,-999.0,-999.0,-999.0,-999.0,-999,-999.0,-999.0,2,-999.0,-999.0,-999.0,-999.0,-999.0,-999.0,-999.0,-999.0,-999.0,-999.0,-999.0,-999.0,-999,1,-999,-999.0,-999.0,-999,626,-999.0,-999.0,-999.0,-999.0,83336.25,26.5,23.92,25.21,101.67,97.59,99.63,1,91.14,20.0,0.07,120.82,78.09,1010.17,1228.27
Chiroptera,Rhinolophidae,Rhinolophus,macrotis,Rhinolophus macrotis,-999,6.18,41.99,-999.0,-999.0,-999.0,-999.0,-999.0,1,-999.0,-999.0,1,-999.0,-999.0,-999.0,0.98,-999.0,-999.0,-999.0,-999.0,-999.0,-999.0,-999.0,-999.0,-999,2,3,-999.0,-999.0,-999,76;196;679;1297;1439;1658;2151;2655,-999.0,-999.0,-999.0,-999.0,1278790.8,34.77,7.8,21.28,125.2,72.85,99.02,0,172.03,4.0,0.08,131.15,129.96,987.58,1137.55
Soricomorpha,Talpidae,Neurotrichus,gibbsii,Neurotrichus gibbsii,2,9.56,-999.0,78.76,-999.0,-999.0,-999.0,-999.0,4,-999.0,21.27,2,0.002858953,0.004049691,-999.0,2.99,1.0,-999.0,0.6,23.36,1413.5,2.0,-999.0,-999.0,-999,1,2,-999.0,-999.0,-999,176;548;595;724;966;1297;1451;1681;2131;2655;2786,-999.0,-999.0,-999.0,-999.0,221424.03,49.95,36.55,43.25,-120.53,-124.73,-122.63,0,73.48,1.0,0.07,93.39,77.45,431.15,759.89
Rodentia,Dipodidae,Salpingotus,heptneri,Salpingotus heptneri,-999,-999.0,-999.0,-999.0,-999.0,-999.0,-999.0,-999.0,-999,-999.0,-999.0,-999,-999.0,-999.0,-999.0,-999.0,-999.0,-999.0,-999.0,-999.0,-999.0,-999.0,-999.0,-999.0,8,-999,-999,-999.0,-999.0,-999,2151,-999.0,-999.0,-999.0,-999.0,58531.41,45.13,42.18,43.66,65.9,60.81,63.36,0,4.46,0.0,0.02,6.8,93.04,159.74,646.65
Diprotodontia,Macropodidae,Dorcopsulus,vanheurni,Dorcopsulus vanheurni,2,1890.36,-999.0,386.89,-999.0,-999.0,-999.0,-999.0,2,-999.0,-999.0,1,-999.0,-999.0,-999.0,1.18,-999.0,-999.0,-999.0,-999.0,-999.0,-999.0,-999.0,1.0,-999,1,1,-999.0,-999.0,-999,977;1297;1760;1848;1991;2152;2655,-999.0,-999.0,-999.0,-999.0,147605.92,-3.26,-10.1,-6.68,149.6,137.6,143.6,2,11.48,3.0,0.13,270.82,196.11,1672.75,1684.64
Lagomorpha,Leporidae,Lepus,arcticus,Lepus arcticus,1,4412.73,-999.0,571.99,-999.0,-999.0,-999.0,-999.0,3,-999.0,51.99,-999,2.26,2.12,-999.0,5.62,1.5,84.0,-999.0,-999.0,-999.0,-999.0,377.57,2.0,-999,-999,1,-999.0,-999.0,-999,325;989;1004;1315;1573;2124;2218;2655,-999.0,-999.0,-999.0,-999.0,3744673.1,83.62,47.53,65.57,-11.31,-131.44,-71.37,0,0.1,0.0,0.02,23.8,-131.52,130.14,144.95
Chiroptera,Molossidae,Cynomops,abrasus,Cynomops abrasus,-999,35.39,43.5,-999.0,-999.0,-999.0,-999.0,-999.0,1,-999.0,-999.0,1,-999.0,-999.0,-999.0,0.98,-999.0,-999.0,-999.0,-999.0,-999.0,-999.0,-999.0,-999.0,-999,2,3,-999.0,-999.0,-999,196;1297;1658;2143;2151;2622;2655,-999.0,-999.0,-999.0,-999.0,10368632.82,9.58,-29.9,-10.15,-34.79,-79.05,-56.92,0,10.2,0.0,0.12,151.62,243.36,1293.46,1511.7
Chiroptera,Phyllostomidae,Phyllostomus,hastatus,Phyllostomus hastatus,-999,91.44,83.27,107.0,-999.0,-999.0,70.72,84.2,3,-999.0,123.39,1,-999.0,-999.0,-999.0,0.99,1.0,120.0,15.94,-999.0,-999.0,-999.0,-999.0,-999.0,-999,2,2,72.82,59.09,-999,55;108;185;196;889;892;1297;1658;1667;1704;1705;1822;1927;1948;2143;2144;2151;2622;2655;2719;2751;2763;3023;3038,-999.0,-999.0,-999.0,-999.0,12690238.32,16.02,-24.14,-4.05,-34.79,-88.57,-61.68,0,24.58,0.0,0.11,151.77,238.87,1289.95,1538.68
Diprotodontia,Macropodidae,Petrogale,persephone,Petrogale persephone,2,5585.63,-999.0,1000.0,-999.0,-999.0,-999.0,-999.0,1,-999.0,32.0,1,-999.0,-999.0,209.0,1.0,-999.0,-999.0,-999.0,-999.0,5.99,-999.0,774.4,-999.0,-999,1,1,329.06,-999.0,-999,899;955;1760;1848;2655,-999.0,1.46,-999.0,-999.0,5496.97,-20.34,-21.12,-20.73,148.7,147.91,148.3,1,2.62,1.0,0.08,100.1,195.51,1131.08,1675.0
Carnivora,Herpestidae,Crossarchus,platycephalus,Crossarchus platycephalus,-999,-999.0,-999.0,-999.0,-999.0,-999.0,-999.0,-999.0,-999,-999.0,-999.0,-999,-999.0,-999.0,-999.0,-999.0,-999.0,-999.0,-999.0,-999.0,-999.0,-999.0,-999.0,-999.0,-999,-999,-999,-999.0,-999.0,-999,-999,-999.0,-999.0,-999.0,-999.0,-999.0,-999.0,-999.0,-999.0,-999.0,-999.0,-999.0,-999,-999.0,-999.0,-999.0,-999.0,-999.0,-999.0,-999.0
Lagomorpha,Leporidae,Lepus,othus,Lepus othus,-999,4837.35,-999.0,575.12,-999.0,-999.0,-999.0,-999.0,2,-999.0,45.99,-999,-999.0,-999.0,-999.0,6.15,1.0,-999.0,102.46,156.0,1.64,-999.0,-999.0,-999.0,-999,-999,1,48.99,-999.0,-999,86;225;326;989;2124;2655,-999.0,-999.0,-999.0,-999.0,421759.62,67.7,54.79,61.24,-153.25,-178.86,-166.05,0,0.02,0.0,0.04,33.89,-42.81,232.33,214.94
Diprotodontia,Pseudocheiridae,Pseudochirulus,larvatus,Pseudochirulus larvatus,-999,-999.0,-999.0,-999.0,-999.0,-999.0,-999.0,-999.0,-999,-999.0,-999.0,-999,-999.0,-999.0,-999.0,-999.0,-999.0,-999.0,-999.0,-999.0,-999.0,-999.0,-999.0,-999.0,-999,-999,-999,-999.0,-999.0,-999,-999,-999.0,-999.0,-999.0,-999.0,107678.19,-3.46,-6.85,-5.16,147.8,140.72,144.26,1,13.66,1.0,0.12,344.76,188.87,1658.11,1683.93
Peramelemorphia,Peramelidae,Microperoryctes,longicauda,Microperoryctes longicauda,-999,542.07,-999.0,267.33,-999.0,-999.0,-999.0,-999.0,2,-999.0,-999.0,-999,-999.0,-999.0,-999.0,1.03,-999.0,-999.0,-999.0,-999.0,-999.0,-999.0,-999.0,-999.0,6,-999,2,-999.0,-999.0,-999,102;661;955;977;2152;2655,-999.0,-999.0,-999.0,-999.0,211571.36,-0.8,-10.12,-5.46,149.73,133.0,141.36,1,10.04,2.0,0.13,267.77,198.11,1688.25,1719.33
Rodentia,Nesomyidae,Eliurus,minor,Eliurus minor,1,57.53,-999.0,128.24,-999.0,-999.0,-999.0,-999.0,-999,-999.0,-999.0,1,-999.0,-999.0,-999.0,-999.0,-999.0,-999.0,-999.0,-999.0,-999.0,-999.0,-999.0,-999.0,-999,2,-999,-999.0,-999.0,-999,899;2152;2333;2655;2723,-999.0,-999.0,-999.0,-999.0,72857.79,-14.08,-22.99,-18.53,50.48,46.77,48.62,8,45.96,11.0,0.18,187.18,197.29,1362.27,1596.01
Proboscidea,Elephantidae,Loxodonta,africana,Loxodonta africana,3,3824539.93,-999.0,-999.0,0.0,3467.5,-999.0,-999.0,4,-999.0,660.0,1,587.53,1284.09,1825.0,0.84,-999.0,960.0,105000.0,1198.63,6.72,-999.0,4977.64,19.5,2,1,1,1088.8,550616.56,-999,511;543;730;854;899;931;1297;1573;1577;1745;1763;2195;2313;2338;2655;2755;2820;2949;2986,-999.0,0.48,-999.0,-999.0,4233287.94,16.36,-33.56,-8.6,41.93,-13.9,14.01,0,19.03,1.0,0.15,83.39,231.48,910.08,1531.04
Carnivora,Herpestidae,Galerella,flavescens,Galerella flavescens,-999,750.0,-999.0,-999.0,-999.0,-999.0,-999.0,-999.0,-999,-999.0,-999.0,1,-999.0,-999.0,-999.0,-999.0,-999.0,-999.0,-999.0,-999.0,-999.0,-999.0,-999.0,-999.0,-999,1,-999,-999.0,-999.0,-999,1113;2655,-999.0,-999.0,-999.0,-999.0,279748.74,-13.16,-22.25,-17.71,16.78,11.71,14.25,0,4.05,0.0,0.06,36.5,181.27,538.46,1300.0
Chiroptera,Hipposideridae,Hipposideros,thomensis,Hipposideros thomensis,-999,-999.0,-999.0,-999.0,-999.0,-999.0,-999.0,-999.0,-999,-999.0,-999.0,-999,-999.0,-999.0,-999.0,-999.0,-999.0,-999.0,-999.0,-999.0,-999.0,-999.0,-999.0,-999.0,-999,-999,-999,-999.0,-999.0,-999,-999,-999.0,-999.0,-999.0,-999.0,862.58,0.41,0.02,0.22,6.76,6.47,6.61,144,144.0,144.0,0.11,-999.0,-999.0,-999.0,-999.0
Scandentia,Tupaiidae,Urogale,everetti,Urogale everetti,-999,300.79,-999.0,195.0,-999.0,-999.0,224.11,260.6,4,-999.0,55.49,-999,-999.0,-999.0,-999.0,1.69,-999.0,138.0,19.97,129.99,-999.0,-999.0,-999.0,-999.0,-999,-999,2,30.24,-999.0,-999,543;679;1297;1822;2152;2655,-999.0,-999.0,-999.0,-999.0,96031.85,10.47,5.55,8.01,126.6,121.89,124.24,33,161.55,55.0,0.11,170.68,236.39,1567.81,1734.24
Primates,Indriidae,Propithecus,deckenii,Propithecus deckenii,-999,-999.0,-999.0,-999.0,-999.0,-999.0,-999.0,-999.0,-999,-999.0,-999.0,-999,-999.0,-999.0,-999.0,-999.0,-999.0,-999.0,-999.0,-999.0,-999.0,-999.0,-999.0,-999.0,-999,-999,-999,-999.0,-999.0,-999,-999,-999.0,-999.0,-999.0,-999.0,29372.01,-15.7,-19.63,-17.67,46.72,43.92,45.32,2,9.19,2.0,0.16,111.93,244.74,972.47,1552.97
Dasyuromorphia,Dasyuridae,Sminthopsis,gilberti,Sminthopsis gilberti,2,19.5,-999.0,-999.0,-999.0,-999.0,-999.0,-999.0,-999,-999.0,-999.0,1,-999.0,-999.0,-999.0,-999.0,-999.0,-999.0,-999.0,-999.0,-999.0,-999.0,-999.0,-999.0,-999,1,-999,-999.0,-999.0,-999,1760;2655,-999.0,-999.0,-999.0,-999.0,114805.08,-30.93,-34.01,-32.47,127.96,115.88,121.92,0,2.4,0.0,0.06,38.94,157.4,386.26,1105.18
Chiroptera,Vespertilionidae,Myotis,ikonnikovi,Myotis ikonnikovi,-999,-999.0,33.5,-999.0,-999.0,-999.0,-999.0,-999.0,-999,-999.0,-999.0,1,-999.0,-999.0,-999.0,-999.0,-999.0,-999.0,-999.0,-999.0,-999.0,-999.0,-999.0,-999.0,-999,2,-999,-999.0,-999.0,-999,1658;2151,5.86,-999.0,-999.0,-999.0,1685813.38,57.22,33.42,45.32,145.82,79.15,112.48,0,82.24,1.0,0.03,44.95,5.44,375.42,587.49
Chiroptera,Emballonuridae,Balantiopteryx,io,Balantiopteryx io,1,3.97,37.0,40.2,-999.0,-999.0,-999.0,-999.0,-999,-999.0,-999.0,1,-999.0,-999.0,-999.0,1.0,-999.0,-999.0,0.59,25.02,-999.0,-999.0,-999.0,-999.0,-999,2,-999,-999.0,-999.0,-999,125;889;1297;1609;1658;2151;2655,-999.0,-999.0,-999.0,-999.0,211758.21,18.8,15.0,16.9,-88.21,-96.39,-92.3,3,40.29,4.0,0.13,144.32,239.45,1366.65,1623.94
Primates,Cercopithecidae,Macaca,pagensis,Macaca pagensis,3,4534.66,-999.0,450.0,-999.0,-999.0,-999.0,-999.0,4,-999.0,-999.0,1,-999.0,-999.0,-999.0,1.0,-999.0,360.0,-999.0,-999.0,-999.0,-999.0,1227.12,-999.0,-999,2,2,272.2,-999.0,-999,1015;1544,-999.0,-999.0,-999.0,-999.0,2155.21,-2.02,-3.34,-2.68,100.47,99.51,99.99,43,60.75,43.0,0.25,-999.0,-999.0,-999.0,-999.0
Rodentia,Spalacidae,Tachyoryctes,splendens,Tachyoryctes splendens,-999,227.13,-999.0,197.65,24.5,-999.0,154.22,196.5,-999,-999.0,39.01,-999,7.80443e-05,7.32194e-05,173.0,1.41,2.0,-999.0,15.0,57.5,3385.42,-999.0,137.21,1.0,-999,-999,-999,35.07,-999.0,-999,230;245;730;1297;1478;1479;1573;1822;1849;1944;2655,-999.0,-999.0,-999.0,-999.0,396020.93,13.99,5.02,9.5,44.4,35.71,40.05,3,84.71,6.0,0.13,78.44,177.58,917.23,1457.81
Chiroptera,Molossidae,Otomops,johnstonei,Otomops johnstonei,-999,-999.0,-999.0,-999.0,-999.0,-999.0,-999.0,-999.0,-999,-999.0,-999.0,-999,-999.0,-999.0,-999.0,-999.0,-999.0,-999.0,-999.0,-999.0,-999.0,-999.0,-999.0,-999.0,-999,-999,-999,-999.0,-999.0,-999,-999,-999.0,-999.0,-999.0,-999.0,13.1,-8.23,-8.27,-8.25,124.74,124.7,124.72,53,53.0,53.0,0.03,253.0,266.0,-999.0,-999.0
Chiroptera,Hipposideridae,Hipposideros,coxi,Hipposideros coxi,-999,-999.0,53.0,-999.0,-999.0,-999.0,-999.0,-999.0,-999,-999.0,-999.0,1,-999.0,-999.0,-999.0,-999.0,-999.0,-999.0,-999.0,-999.0,-999.0,-999.0,-999.0,-999.0,-999,2,-999,-999.0,-999.0,-999,1658;2151,21.82,-999.0,-999.0,-999.0,2636.06,1.45,0.88,1.16,110.78,110.22,110.5,28,38.24,28.0,0.1,280.74,251.25,1605.5,1605.5
Chiroptera,Vespertilionidae,Glauconycteris,alboguttata,Glauconycteris alboguttata,-999,-999.0,38.99,-999.0,-999.0,-999.0,-999.0,-999.0,-999,-999.0,-999.0,1,-999.0,-999.0,-999.0,-999.0,-999.0,-999.0,-999.0,-999.0,-999.0,-999.0,-999.0,-999.0,-999,2,-999,-999.0,-999.0,-999,1658;2151,9.05,-999.0,-999.0,-999.0,701738.61,3.51,-1.72,0.89,28.05,14.08,21.07,0,8.29,1.0,0.12,153.37,248.39,1508.16,1588.51
Rodentia,Muridae,Taeromys,microbullatus,Taeromys microbullatus,-999,-999.0,-999.0,-999.0,-999.0,-999.0,-999.0,-999.0,-999,-999.0,-999.0,-999,-999.0,-999.0,-999.0,-999.0,-999.0,-999.0,-999.0,-999.0,-999.0,-999.0,-999.0,-999.0,-999,-999,-999,-999.0,-999.0,-999,-999,-999.0,-999.0,-999.0,-999.0,-999.0,-999.0,-999.0,-999.0,-999.0,-999.0,-999.0,-999,-999.0,-999.0,-999.0,-999.0,-999.0,-999.0,-999.0
Carnivora,Mustelidae,Martes,gwatkinsii,Martes gwatkinsii,2,2038.49,-999.0,511.33,-999.0,-999.0,-999.0,-999.0,3,-999.0,-999.0,1,-999.0,-999.0,-999.0,-999.0,-999.0,-999.0,-999.0,-999.0,-999.0,1.0,-999.0,-999.0,4,1,2,90.73,-999.0,-999,1015;1113;2655,-999.0,-999.0,-999.0,-999.0,9366.98,11.19,8.58,9.88,77.39,76.37,76.88,233,509.72,233.0,0.05,155.37,259.98,1154.52,1552.72
Primates,Cercopithecidae,Mandrillus,sphinx,Mandrillus sphinx,3,16685.06,-999.0,758.94,-999.0,1460.0,-999.0,-999.0,4,-999.0,173.99,2,26.34,-999.0,521.64,1.02,-999.0,555.96,612.89,-999.0,21.4,30.0,2122.11,13.9,-999,2,2,348.01,3000.0,-999,208;543;899;904;1297;1544;1547;1763;1767;1848;2344;2489;2493;2655;2660;2878;2986,-999.0,0.91,-999.0,-999.0,287896.72,4.49,-6.01,-0.76,13.65,8.69,11.17,1,22.96,1.0,0.08,161.18,243.83,1259.0,1505.11
Chiroptera,Phyllostomidae,Anoura,latidens,Anoura latidens,-999,15.06,43.0,-999.0,-999.0,-999.0,-999.0,-999.0,3,-999.0,-999.0,1,-999.0,-999.0,-999.0,-999.0,-999.0,-999.0,-999.0,-999.0,-999.0,-999.0,-999.0,-999.0,-999,2,2,-999.0,-999.0,-999,889;1658;2151;2622;2655,-999.0,-999.0,-999.0,-999.0,450082.95,12.2,6.99,9.59,-60.78,-72.77,-66.77,0,60.54,1.0,0.13,102.16,254.58,1303.89,1742.17
Artiodactyla,Cervidae,Odocoileus,virginianus,Odocoileus virginianus,2,75901.25,-999.0,1513.69,-999.0,463.0,-999.0,-999.0,4,-999.0,201.39,1,1.99,2.29,304.16,1.57,-999.0,276.0,2949.99,-999.0,17.32,-999.0,365.0,2.25,4,1,1,79.92,29985.81,-999,543;653;730;764;905;1297;1404;1573;1577;1594;2151;2338;2525;2650;2655;2718;2986;3009;3010,-999.0,1.2,-999.0,-999.0,14446002.22,61.76,-17.98,21.89,-49.87,-130.91,-90.39,0,34.11,0.0,0.07,80.45,127.64,773.39,1025.5
Chiroptera,Mormoopidae,Pteronotus,parnellii,Pteronotus parnellii,-999,19.59,60.09,57.0,-999.0,-999.0,30.72,19.2,1,-999.0,107.97,1,-999.0,-999.0,-999.0,0.99,1.0,-999.0,-999.0,-999.0,-999.0,-999.0,-999.0,-999.0,-999,2,3,-999.0,-999.0,-999,196;404;889;892;1297;1324;1432;1658;1822;2143;2151;2655;2719;2751;3043,-999.0,-999.0,-999.0,-999.0,8414216.78,29.31,-16.49,6.41,-34.79,-111.54,-73.16,0,32.23,0.0,0.12,152.61,240.05,1282.68,1552.85
Perissodactyla,Tapiridae,Tapirus,indicus,Tapirus indicus,1,311209.19,-999.0,2224.85,-999.0,-999.0,-999.0,-999.0,3,-999.0,396.5,1,9.4,8.7,657.0,1.0,0.5,360.0,6848.35,-999.0,0.11,1.0,1132.72,1.5,-999,1,1,211.71,-999.0,-999,511;543;899;1297;1591;2151;2655;2827;3026;3027;3105,-999.0,-999.0,-999.0,-999.0,794777.96,16.54,-5.94,5.3,107.22,97.65,102.44,3,133.99,13.0,0.12,209.67,256.0,1522.16,1761.46
Afrosoricida,Chrysochloridae,Calcochloris,obtusirostris,Calcochloris obtusirostris,-999,24.05,-999.0,100.84,-999.0,-999.0,-999.0,-999.0,1,-999.0,-999.0,1,-999.0,-999.0,-999.0,2.0,-999.0,-999.0,-999.0,-999.0,-999.0,1.0,-999.0,1.0,-999,1,3,-999.0,-999.0,-999,285;1339;1848;2131;2629;2655,-999.0,-999.0,-999.0,-999.0,209272.42,-19.49,-27.73,-23.61,35.6,31.26,33.43,1,35.93,2.0,0.22,67.42,231.62,861.55,1426.16
Artiodactyla,Bovidae,Hippotragus,niger,Hippotragus niger,3,236405.9,-999.0,2035.0,-999.0,983.37,-999.0,-999.0,5,-999.0,272.87,1,-999.0,-999.0,365.0,1.0,-999.0,267.0,16412.18,-999.0,1.3,-999.0,972.17,15.0,4,1,1,210.73,-999.0,-999,543;730;869;1297;1525;1594;1848;2629;2655;2693;2986,-999.0,1.1,-999.0,-999.0,3149646.92,-1.84,-25.41,-13.63,40.84,16.24,28.54,0,28.14,2.0,0.16,80.83,221.46,857.47,1492.34
Scandentia,Tupaiidae,Tupaia,moellendorffi,Tupaia moellendorffi,-999,-999.0,-999.0,-999.0,-999.0,-999.0,-999.0,-999.0,-999,-999.0,-999.0,-999,-999.0,-999.0,-999.0,-999.0,-999.0,-999.0,-999.0,-999.0,-999.0,-999.0,-999.0,-999.0,-999,-999,-999,-999.0,-999.0,-999,-999,-999.0,-999.0,-999.0,-999.0,1403.25,12.33,10.79,11.56,121.08,119.84,120.46,29,104.83,29.0,0.21,-999.0,-999.0,-999.0,-999.0
Chiroptera,Emballonuridae,Balantiopteryx,plicata,Balantiopteryx plicata,1,6.57,42.23,-999.0,-999.0,365.0,-999.0,-999.0,1,-999.0,138.81,1,-999.0,-999.0,-999.0,0.99,1.0,-999.0,2.0,-999.0,-999.0,112.5,-999.0,-999.0,-999,2,3,58.59,-999.0,-999,126;426;429;889;1297;1658;1705;1814;2143;2151;2537;2655,-999.0,-999.0,-999.0,-999.0,841946.43,27.13,9.36,18.24,-71.82,-110.03,-90.93,3,88.19,8.0,0.09,106.96,216.78,1061.85,1571.82
Chiroptera,Molossidae,Otomops,secundus,Otomops secundus,-999,-999.0,57.5,-999.0,-999.0,-999.0,-999.0,-999.0,-999,-999.0,-999.0,1,-999.0,-999.0,-999.0,-999.0,-999.0,-999.0,-999.0,-999.0,-999.0,-999.0,-999.0,-999.0,-999,2,-999,-999.0,-999.0,-999,1658;2151,27.55,-999.0,-999.0,-999.0,43995.0,-5.27,-9.42,-7.35,147.49,145.26,146.37,2,14.76,3.0,0.07,272.12,187.99,1675.35,1730.88
Chiroptera,Phyllostomidae,Anoura,cultrata,Anoura cultrata,-999,17.39,42.8,-999.0,-999.0,-999.0,-999.0,-999.0,3,-999.0,-999.0,1,-999.0,-999.0,-999.0,1.22,-999.0,-999.0,3.65,37.05,-999.0,-999.0,-999.0,-999.0,-999,2,2,-999.0,-999.0,-999,889;1297;1658;1774;2151;2655;2798;3023,-999.0,-999.0,-999.0,-999.0,1873138.72,12.46,-15.86,-1.7,-63.79,-84.98,-74.38,0,41.77,1.0,0.13,164.27,232.11,1355.35,1560.16
Primates,Cercopithecidae,Cercopithecus,lhoesti,Cercopithecus lhoesti,3,5307.47,-999.0,510.0,-999.0,-999.0,-999.0,-999.0,3,-999.0,-999.0,-999,-999.0,-999.0,485.45,1.0,-999.0,192.0,-999.0,-999.0,4.99,-999.0,-999.0,17.4,-999,-999,2,-999.0,-999.0,-999,208;543;681;1297;1544;1547;1848;2344;2493;2655;2660;2986,-999.0,0.95,-999.0,-999.0,451166.22,3.74,-6.02,-1.13,31.05,25.05,28.05,1,48.91,2.0,0.15,127.13,225.56,1418.46,1597.58
Primates,Galagidae,Euoticus,pallidus,Euoticus pallidus,-999,277.37,-999.0,-999.0,-999.0,-999.0,-999.0,-999.0,-999,-999.0,-999.0,-999,-999.0,-999.0,-999.0,-999.0,-999.0,-999.0,-999.0,-999.0,-999.0,-999.0,-999.0,-999.0,-999,-999,-999,-999.0,-999.0,-999,1547;2655,-999.0,-999.0,-999.0,-999.0,117645.33,6.57,3.2,4.89,14.36,7.93,11.14,6,73.22,6.0,0.11,192.29,242.5,1225.07,1514.77
Rodentia,Muridae,Rattus,ranjiniae,Rattus ranjiniae,-999,-999.0,-999.0,-999.0,-999.0,-999.0,-999.0,-999.0,-999,-999.0,-999.0,-999,-999.0,-999.0,-999.0,-999.0,-999.0,-999.0,-999.0,-999.0,-999.0,-999.0,-999.0,-999.0,-999,-999,-999,-999.0,-999.0,-999,-999,-999.0,-999.0,-999.0,-999.0,3656.99,10.59,8.45,9.52,76.99,76.12,76.56,353,1493.21,353.0,0.05,194.28,268.66,1189.75,1650.21
Carnivora,Herpestidae,Herpestes,urva,Herpestes urva,1,2384.19,-999.0,506.24,-999.0,-999.0,-999.0,-999.0,6,-999.0,65.7,1,-999.0,-999.0,-999.0,3.0,-999.0,160.0,-999.0,-999.0,-999.0,-999.0,-999.0,-999.0,-999,1,2,-999.0,-999.0,-999,679;1113;2655,-999.0,-999.0,-999.0,-999.0,3243514.37,31.84,2.68,17.26,122.13,85.86,103.99,2,222.81,12.0,0.07,144.94,194.75,1083.25,1300.05
Afrosoricida,Chrysochloridae,Calcochloris,leucorhinus,Calcochloris leucorhinus,-999,-999.0,-999.0,-999.0,-999.0,-999.0,-999.0,-999.0,1,-999.0,-999.0,-999,-999.0,-999.0,-999.0,-999.0,-999.0,-999.0,-999.0,-999.0,-999.0,1.0,-999.0,1.0,-999,-999,3,-999.0,-999.0,-999,1848;2131,-999.0,-999.0,-999.0,-999.0,290660.2,5.62,-10.03,-2.2,23.59,11.23,17.41,1,14.44,3.0,0.09,129.9,236.41,1226.73,1474.26
Rodentia,Muridae,Pseudomys,desertor,Pseudomys desertor,-999,37.09,-999.0,88.26,-999.0,-999.0,-999.0,-999.0,-999,-999.0,28.96,-999,-999.0,-999.0,29.75,3.0,-999.0,-999.0,-999.0,-999.0,-999.0,-999.0,79.32,-999.0,4,-999,-999,24.49,-999.0,-999,456;1297;1577;2655;2803;2978,-999.0,3.91,-999.0,-999.0,1317772.95,-18.32,-30.06,-24.19,136.51,113.11,124.81,0,0.02,0.0,0.08,19.89,215.84,297.22,1287.12
Primates,Pitheciidae,Callicebus,purinus,Callicebus purinus,-999,-999.0,-999.0,-999.0,-999.0,-999.0,-999.0,-999.0,-999,-999.0,-999.0,-999,-999.0,-999.0,-999.0,-999.0,-999.0,-999.0,-999.0,-999.0,-999.0,-999.0,-999.0,-999.0,-999,-999,-999,-999.0,-999.0,-999,-999,-999.0,-999.0,-999.0,-999.0,-999.0,-999.0,-999.0,-999.0,-999.0,-999.0,-999.0,-999,-999.0,-999.0,-999.0,-999.0,-999.0,-999.0,-999.0
Chiroptera,Rhinolophidae,Rhinolophus,denti,Rhinolophus denti,-999,6.3,40.0,-999.0,-999.0,-999.0,-999.0,-999.0,-999,-999.0,-999.0,1,-999.0,-999.0,-999.0,-999.0,-999.0,-999.0,-999.0,-999.0,-999.0,-999.0,-999.0,-999.0,-999,2,-999,-999.0,-999.0,-999,1658;2151;2622;2655,-999.0,-999.0,-999.0,-999.0,1723915.59,11.51,-30.47,-9.47,33.91,-12.91,10.5,0,10.71,0.0,0.11,53.11,212.22,570.34,1407.44
Rodentia,Muridae,Mastomys,shortridgei,Mastomys shortridgei,-999,46.5,-999.0,-999.0,-999.0,-999.0,-999.0,-999.0,-999,-999.0,-999.0,-999,-999.0,-999.0,-999.0,-999.0,-999.0,-999.0,-999.0,-999.0,-999.0,-999.0,-999.0,-999.0,-999,-999,-999,-999.0,-999.0,-999,2655,-999.0,-999.0,-999.0,-999.0,22875.26,-17.53,-18.59,-18.06,21.67,18.93,20.3,1,1.99,1.0,0.0,46.3,234.69,614.78,1498.73
Cetacea,Delphinidae,Stenella,attenuata,Stenella attenuata,-999,65733.59,-999.0,2135.0,-999.0,-999.0,-999.0,-999.0,2,-999.0,345.19,1,-999.0,-999.0,1883.55,0.99,-999.0,552.0,10000.0,-999.0,-999.0,509.0,2773.1,-999.0,-999,-999,3,340.66,-999.0,-999,5;29;56;93;172;218;543;890;1217;1297;1577;2151;2655,-999.0,0.48,-999.0,-999.0,-999.0,-999.0,-999.0,-999.0,-999.0,-999.0,-999.0,-999,-999.0,-999.0,-999.0,-999.0,-999.0,-999.0,-999.0
Rodentia,Echimyidae,Proechimys,echinothrix,Proechimys echinothrix,-999,-999.0,-999.0,-999.0,-999.0,-999.0,-999.0,-999.0,-999,-999.0,-999.0,-999,-999.0,-999.0,-999.0,-999.0,-999.0,-999.0,-999.0,-999.0,-999.0,-999.0,-999.0,-999.0,-999,-999,-999,-999.0,-999.0,-999,-999,-999.0,-999.0,-999.0,-999.0,-999.0,-999.0,-999.0,-999.0,-999.0,-999.0,-999.0,-999,-999.0,-999.0,-999.0,-999.0,-999.0,-999.0,-999.0
Diprotodontia,Macropodidae,Macropus,irma,Macropus irma,1,8000.0,-999.0,-999.0,-999.0,-999.0,-999.0,-999.0,-999,-999.0,-999.0,1,-999.0,-999.0,-999.0,1.0,-999.0,-999.0,-999.0,-999.0,26.7,-999.0,-999.0,-999.0,-999,1,-999,-999.0,-999.0,-999,955;1297;1760;1848;2655;2986,-999.0,-999.0,-999.0,-999.0,142571.52,-27.87,-35.13,-31.5,122.54,114.49,118.52,0,11.1,0.0,0.07,52.21,155.99,431.25,1146.36
Lagomorpha,Ochotonidae,Ochotona,nigritia,Ochotona nigritia,-999,-999.0,-999.0,-999.0,-999.0,-999.0,-999.0,-999.0,-999,-999.0,-999.0,-999,-999.0,-999.0,-999.0,-999.0,-999.0,-999.0,-999.0,-999.0,-999.0,-999.0,-999.0,-999.0,-999,-999,-999,-999.0,-999.0,-999,-999,-999.0,-999.0,-999.0,-999.0,10.68,26.02,25.99,26.0,98.64,98.6,98.62,34,54.04,34.0,0.07,144.97,-19.97,1154.85,1282.47
Rodentia,Cricetidae,Microtus,lusitanicus,Microtus lusitanicus,-999,-999.0,-999.0,-999.0,-999.0,-999.0,-999.0,-999.0,-999,-999.0,20.0,-999,-999.0,-999.0,23.4,2.09,-999.0,-999.0,1.7,-999.0,-999.0,-999.0,39.68,-999.0,-999,-999,-999,19.85,-999.0,-999,1297,-999.0,4.42,-999.0,-999.0,235534.5,43.85,36.98,40.41,-0.94,-9.49,-5.22,3,104.96,10.0,-0.01,61.3,123.99,509.5,870.21
Rodentia,Muridae,Crunomys,suncoides,Crunomys suncoides,-999,-999.0,-999.0,-999.0,-999.0,-999.0,-999.0,-999.0,-999,-999.0,-999.0,-999,-999.0,-999.0,-999.0,-999.0,-999.0,-999.0,-999.0,-999.0,-999.0,-999.0,-999.0,-999.0,-999,-999,-999,-999.0,-999.0,-999,-999,-999.0,-999.0,-999.0,-999.0,-999.0,-999.0,-999.0,-999.0,-999.0,-999.0,-999.0,-999,-999.0,-999.0,-999.0,-999.0,-999.0,-999.0,-999.0
Chiroptera,Hipposideridae,Hipposideros,vittatus,Hipposideros vittatus,-999,-999.0,-999.0,-999.0,-999.0,-999.0,-999.0,-999.0,-999,-999.0,-999.0,-999,-999.0,-999.0,-999.0,-999.0,-999.0,-999.0,-999.0,-999.0,-999.0,-999.0,-999.0,-999.0,-999,-999,-999,-999.0,-999.0,-999,-999,-999.0,-999.0,-999.0,-999.0,12658503.07,16.86,-23.11,-3.12,44.57,-17.53,13.51,0,38.99,1.0,0.13,96.31,237.17,945.17,1541.91
Rodentia,Sciuridae,Callosciurus,prevostii,Callosciurus prevostii,3,400.0,-999.0,247.0,-999.0,-999.0,-999.0,-999.0,6,-999.0,46.08,1,-999.0,-999.0,-999.0,1.29,-999.0,68.0,16.34,-999.0,-999.0,-999.0,-999.0,-999.0,5,2,2,-999.0,-999.0,-999,32;1297;1849;2152;2655;2844,-999.0,-999.0,-999.0,-999.0,1315342.19,7.06,-5.94,0.55,119.26,95.18,107.22,1,71.14,4.0,0.15,243.8,248.44,1686.88,1743.09
Chiroptera,Molossidae,Chaerephon,russatus,Chaerephon russatus,-999,16.98,44.49,-999.0,-999.0,-999.0,-999.0,-999.0,-999,-999.0,-999.0,1,-999.0,-999.0,-999.0,0.99,-999.0,-999.0,-999.0,-999.0,-999.0,-999.0,-999.0,-999.0,-999,2,-999,-999.0,-999.0,-999,1297;1658;2151;2271;2655,-999.0,-999.0,-999.0,-999.0,1671003.78,7.94,-1.84,3.05,35.92,-1.56,17.17,0,76.66,2.0,0.13,139.02,240.19,1348.94,1576.48
Lagomorpha,Leporidae,Pronolagus,randensis,Pronolagus randensis,1,2376.47,-999.0,459.99,-999.0,-999.0,-999.0,-999.0,2,-999.0,-999.0,-999,-999.0,-999.0,-999.0,1.05,-999.0,-999.0,-999.0,-999.0,-999.0,-999.0,-999.0,-999.0,-999,-999,1,-999.0,-999.0,-999,95;1297;1601;2655,-999.0,-999.0,-999.0,-999.0,680369.23,-13.06,-27.58,-20.32,33.13,12.22,22.68,0,26.41,0.0,0.09,40.88,184.58,581.38,1319.17
Rodentia,Echimyidae,Proechimys,guyannensis,Proechimys guyannensis,1,314.03,-999.0,220.16,-999.0,208.0,-999.0,-999.0,3,-999.0,63.41,-999,0.001047581,0.001252639,66.0,2.16,-999.0,57.6,24.7,-999.0,938.91,-999.0,-999.0,-999.0,-999,-999,1,28.0,-999.0,-999,31;543;730;921;1297;2458;2655,-999.0,2.61,-999.0,-999.0,3070982.77,8.63,-7.83,0.39,-41.64,-70.02,-55.83,0,5.74,0.0,0.11,164.57,251.25,1440.63,1657.97
Chiroptera,Hipposideridae,Hipposideros,camerunensis,Hipposideros camerunensis,-999,-999.0,75.0,-999.0,-999.0,-999.0,-999.0,-999.0,-999,-999.0,-999.0,1,-999.0,-999.0,-999.0,-999.0,-999.0,-999.0,-999.0,-999.0,-999.0,-999.0,-999.0,-999.0,-999,2,-999,-999.0,-999.0,-999,1658;2151,58.98,-999.0,-999.0,-999.0,336169.3,5.29,-1.22,2.03,35.97,9.02,22.49,1,43.65,2.0,0.14,148.83,232.62,1441.11,1602.42
Rodentia,Calomyscidae,Calomyscus,mystax,Calomyscus mystax,-999,-999.0,-999.0,-999.0,-999.0,-999.0,-999.0,-999.0,-999,-999.0,-999.0,-999,-999.0,-999.0,-999.0,4.99,2.0,-999.0,-999.0,-999.0,-999.0,-999.0,-999.0,-999.0,-999,-999,-999,-999.0,-999.0,-999,1297,-999.0,-999.0,-999.0,-999.0,-999.0,-999.0,-999.0,-999.0,-999.0,-999.0,-999.0,-999,-999.0,-999.0,-999.0,-999.0,-999.0,-999.0,-999.0
Rodentia,Nesomyidae,Steatomys,krebsii,Steatomys krebsii,-999,20.67,-999.0,-999.0,-999.0,-999.0,-999.0,-999.0,-999,-999.0,-999.0,-999,-999.0,-999.0,-999.0,4.62,-999.0,-999.0,-999.0,-999.0,-999.0,-999.0,-999.0,-999.0,-999,-999,-999,-999.0,-999.0,-999,1297;2655,-999.0,-999.0,-999.0,-999.0,1170401.63,-11.41,-34.83,-23.12,31.01,13.43,22.22,1,20.92,1.0,0.17,63.88,196.03,714.7,1352.51
Rodentia,Dipodidae,Cardiocranius,paradoxus,Cardiocranius paradoxus,1,-999.0,-999.0,-999.0,-999.0,-999.0,-999.0,-999.0,-999,-999.0,-999.0,1,-999.0,-999.0,-999.0,-999.0,-999.0,-999.0,-999.0,-999.0,-999.0,-999.0,-999.0,-999.0,8,1,-999,-999.0,-999.0,-999,2151,-999.0,-999.0,-999.0,-999.0,1329093.59,51.32,38.8,45.06,119.2,75.14,97.17,0,6.81,0.0,0.04,16.47,14.96,206.59,577.3
Rodentia,Echimyidae,Phyllomys,nigrispinus,Phyllomys nigrispinus,1,224.3,-999.0,213.5,-999.0,-999.0,-999.0,-999.0,-999,-999.0,-999.0,1,-999.0,-999.0,-999.0,-999.0,-999.0,-999.0,-999.0,-999.0,-999.0,-999.0,-999.0,-999.0,-999,2,-999,-999.0,-999.0,-999,890;2182;2655,-999.0,-999.0,-999.0,-999.0,-999.0,-999.0,-999.0,-999.0,-999.0,-999.0,-999.0,-999,-999.0,-999.0,-999.0,-999.0,-999.0,-999.0,-999.0
Rodentia,Sciuridae,Petaurista,alborufus,Petaurista alborufus,-999,1501.95,-999.0,410.0,-999.0,-999.0,-999.0,-999.0,-999,-999.0,-999.0,-999,-999.0,-999.0,-999.0,-999.0,-999.0,-999.0,-999.0,-999.0,-999.0,-999.0,-999.0,-999.0,-999,-999,-999,-999.0,-999.0,-999,2844,-999.0,-999.0,-999.0,-999.0,1222600.38,34.69,21.45,28.07,122.0,97.94,109.97,9,218.29,36.0,0.06,106.18,134.11,943.73,1055.93
Cetacea,Phocoenidae,Phocoena,dioptrica,Phocoena dioptrica,-999,65000.0,-999.0,-999.0,-999.0,-999.0,-999.0,-999.0,-999,-999.0,-999.0,-999,-999.0,-999.0,-999.0,0.97,-999.0,-999.0,-999.0,-999.0,-999.0,-999.0,-999.0,-999.0,-999,-999,-999,-999.0,-999.0,-999,1297;2655,-999.0,-999.0,-999.0,-999.0,-999.0,-999.0,-999.0,-999.0,-999.0,-999.0,-999.0,-999,-999.0,-999.0,-999.0,-999.0,-999.0,-999.0,-999.0
Chiroptera,Vespertilionidae,Myotis,bocagii,Myotis bocagii,-999,7.93,38.0,-999.0,-999.0,-999.0,-999.0,-999.0,1,-999.0,-999.0,1,-999.0,-999.0,-999.0,0.99,-999.0,-999.0,-999.0,-999.0,-999.0,-999.0,-999.0,-999.0,-999,2,3,-999.0,-999.0,-999,44;196;1297;1658;2143;2151;2295;2622;2655;2719;3023,-999.0,-999.0,-999.0,-999.0,12300213.71,16.04,-24.85,-4.4,51.8,-16.82,17.48,0,36.25,1.0,0.14,103.1,238.74,1005.03,1559.8
Rodentia,Sciuridae,Tamias,ochrogenys,Tamias ochrogenys,-999,91.69,-999.0,151.04,-999.0,-999.0,-999.0,-999.0,3,-999.0,-999.0,-999,-999.0,-999.0,-999.0,-999.0,-999.0,-999.0,-999.0,-999.0,-999.0,-999.0,-999.0,-999.0,8,-999,2,-999.0,-999.0,-999,1042;1781;2655,-999.0,-999.0,-999.0,-999.0,9548.52,40.59,38.12,39.36,-122.72,-124.4,-123.56,2,28.6,2.0,0.02,68.08,104.97,378.07,1072.85
Cetacea,Ziphiidae,Mesoplodon,ginkgodens,Mesoplodon ginkgodens,-999,1500000.0,-999.0,4880.0,-999.0,-999.0,-999.0,-999.0,-999,-999.0,-999.0,1,-999.0,-999.0,-999.0,-999.0,-999.0,-999.0,-999.0,-999.0,-999.0,-999.0,-999.0,-999.0,-999,-999,-999,-999.0,-999.0,-999,1217;2151;2655,-999.0,-999.0,-999.0,-999.0,-999.0,-999.0,-999.0,-999.0,-999.0,-999.0,-999.0,-999,-999.0,-999.0,-999.0,-999.0,-999.0,-999.0,-999.0
Carnivora,Canidae,Canis,adustus,Canis adustus,1,10392.49,-999.0,745.32,-999.0,-999.0,-999.0,-999.0,6,329.99,65.0,1,1.01,1.01,-999.0,4.5,-999.0,137.0,-999.0,-999.0,0.74,-999.0,249.88,-999.0,8,1,2,52.89,-999.0,-999,542;543;730;1113;1297;1573;2655,-999.0,-999.0,-999.0,-999.0,10581413.14,16.72,-28.73,-6.0,43.55,-17.53,13.0,0,35.2,1.0,0.14,90.75,236.51,922.9,1534.4
Rodentia,Echimyidae,Diplomys,labilis,Diplomys labilis,1,282.17,-999.0,-999.0,-999.0,-999.0,-999.0,-999.0,2,-999.0,55.72,2,-999.0,-999.0,-999.0,1.18,-999.0,-999.0,59.5,-999.0,-999.0,-999.0,-999.0,1.0,-999,2,1,-999.0,-999.0,-999,905;1297;2151;2655;2829,-999.0,-999.0,-999.0,-999.0,140013.69,9.63,-1.69,3.97,-76.41,-80.55,-78.48,2,40.31,3.0,0.11,260.52,245.07,1464.24,1650.26
Rodentia,Dipodidae,Sicista,betulina,Sicista betulina,-999,8.92,-999.0,-999.0,-999.0,-999.0,32.0,10.0,-999,-999.0,31.5,-999,-999.0,-999.0,-999.0,5.29,1.0,48.0,-999.0,-999.0,-999.0,-999.0,377.57,-999.0,-999,-999,-999,31.21,-999.0,-999,543;1297;1822;2151;2655,-999.0,-999.0,-999.0,-999.0,7681696.02,67.02,45.47,56.24,111.22,6.52,58.87,0,26.51,0.0,-0.001582408,39.11,-5.63,349.71,378.05
Rodentia,Cricetidae,Thomasomys,erro,Thomasomys erro,-999,-999.0,-999.0,-999.0,-999.0,-999.0,-999.0,-999.0,-999,-999.0,-999.0,-999,-999.0,-999.0,-999.0,-999.0,-999.0,-999.0,-999.0,-999.0,-999.0,-999.0,-999.0,-999.0,-999,-999,-999,-999.0,-999.0,-999,-999,-999.0,-999.0,-999.0,-999.0,-999.0,-999.0,-999.0,-999.0,-999.0,-999.0,-999.0,-999,-999.0,-999.0,-999.0,-999.0,-999.0,-999.0,-999.0
Chiroptera,Pteropodidae,Acerodon,mackloti,Acerodon mackloti,-999,467.93,145.5,-999.0,-999.0,-999.0,-999.0,-999.0,1,-999.0,-999.0,1,-999.0,-999.0,-999.0,0.98,-999.0,-999.0,-999.0,-999.0,-999.0,400.0,-999.0,-999.0,-999,2,1,-999.0,-999.0,-999,79;1297;1386;1621;1658;2017;2143;2151;2622;2655;3023,-999.0,-999.0,-999.0,-999.0,74770.92,-8.06,-10.37,-9.22,127.3,115.83,121.57,23,107.08,23.0,0.08,204.54,243.2,-999.0,-999.0
Diprotodontia,Phalangeridae,Trichosurus,vulpecula,Trichosurus vulpecula,1,2685.39,-999.0,472.78,105.0,547.5,624.33,1982.0,1,-999.0,17.5,1,0.03,0.03,273.87,1.02,1.5,176.4,0.2,-999.0,124.0,-999.0,420.91,1.0,2,2,1,191.59,675.27,-999,543;730;955;1297;1412;1573;1760;1822;1848;2483;2484;2620;2644;2655;2880;3109,-999.0,-999.0,-999.0,-999.0,2305316.93,-12.27,-43.64,-27.96,153.63,114.94,134.29,0,9.55,0.0,0.03,55.54,182.67,602.57,1261.86
Rodentia,Sciuridae,Callosciurus,orestes,Callosciurus orestes,3,323.91,-999.0,203.5,-999.0,-999.0,-999.0,-999.0,6,-999.0,-999.0,1,-999.0,-999.0,-999.0,3.0,-999.0,-999.0,-999.0,-999.0,-999.0,-999.0,-999.0,-999.0,5,2,2,-999.0,-999.0,-999,2152,-999.0,-999.0,-999.0,-999.0,35107.14,6.13,1.91,4.02,117.52,114.19,115.85,1,10.34,1.0,0.23,281.49,223.26,1743.05,1779.12
Dasyuromorphia,Dasyuridae,Sminthopsis,douglasi,Sminthopsis douglasi,2,54.99,-999.0,95.0,-999.0,-999.0,-999.0,-999.0,1,-999.0,-999.0,1,-999.0,-999.0,-999.0,6.78,-999.0,-999.0,-999.0,-999.0,-999.0,-999.0,-999.0,-999.0,-999,1,3,-999.0,-999.0,-999,899;1760;2655,-999.0,-999.0,-999.0,-999.0,24392.06,-18.81,-21.39,-20.1,143.83,141.4,142.62,0,0.0,0.0,-999.0,42.47,249.14,576.72,1621.1
Chiroptera,Pteropodidae,Scotonycteris,zenkeri,Scotonycteris zenkeri,1,21.3,51.17,-999.0,-999.0,-999.0,-999.0,-999.0,-999,-999.0,-999.0,1,-999.0,-999.0,-999.0,0.99,-999.0,-999.0,-999.0,-999.0,-999.0,-999.0,-999.0,-999.0,-999,2,-999,-999.0,-999.0,-999,196;258;266;271;360;904;1297;1658;2151;2655;3071,-999.0,-999.0,-999.0,-999.0,928860.2,8.07,-4.78,1.64,29.52,-10.46,9.53,1,87.38,1.0,0.1,155.63,244.26,1330.82,1544.0
Rodentia,Dipodidae,Allactaga,sibirica,Allactaga sibirica,-999,-999.0,-999.0,-999.0,-999.0,-999.0,-999.0,-999.0,-999,-999.0,-999.0,-999,-999.0,-999.0,-999.0,3.44,1.0,-999.0,-999.0,-999.0,-999.0,-999.0,-999.0,-999.0,-999,-999,-999,-999.0,-999.0,-999,1297,-999.0,-999.0,-999.0,-999.0,5412535.66,54.31,36.93,45.62,127.23,50.21,88.72,0,17.05,0.0,0.03,19.98,21.36,266.9,589.78
Rodentia,Nesomyidae,Eliurus,antsingy,Eliurus antsingy,-999,-999.0,-999.0,-999.0,-999.0,-999.0,-999.0,-999.0,-999,-999.0,-999.0,-999,-999.0,-999.0,-999.0,-999.0,-999.0,-999.0,-999.0,-999.0,-999.0,-999.0,-999.0,-999.0,-999,-999,-999,-999.0,-999.0,-999,-999,-999.0,-999.0,-999.0,-999.0,-999.0,-999.0,-999.0,-999.0,-999.0,-999.0,-999.0,-999,-999.0,-999.0,-999.0,-999.0,-999.0,-999.0,-999.0
Primates,Cercopithecidae,Chlorocebus,pygerythrus,Chlorocebus pygerythrus,-999,-999.0,-999.0,-999.0,-999.0,-999.0,-999.0,-999.0,-999,-999.0,-999.0,-999,-999.0,-999.0,-999.0,-999.0,-999.0,-999.0,-999.0,-999.0,-999.0,-999.0,-999.0,-999.0,-999,-999,-999,-999.0,-999.0,-999,-999,-999.0,-999.0,-999.0,-999.0,5187827.21,8.45,-34.83,-13.19,46.17,15.74,30.95,0,37.27,1.0,0.14,65.48,218.36,804.67,1478.27
Primates,Hylobatidae,Bunopithecus,hoolock,Bunopithecus hoolock,3,6699.0,-999.0,547.49,-999.0,-999.0,-999.0,-999.0,5,-999.0,232.5,1,0.16,0.23,-999.0,1.01,-999.0,-999.0,-999.0,-999.0,7.0,-999.0,2689.08,3.2,-999,2,2,635.13,-999.0,-999,47;208;610;615;730;1015;1112;1297;1452;1544;1547;1848;2344;2453;2655;2660;2986,-999.0,-999.0,-999.0,-999.0,267771.52,27.8,19.08,23.44,99.51,92.54,96.03,1,72.15,2.0,0.08,153.6,174.57,1095.24,1318.69
Cetacea,Ziphiidae,Indopacetus,pacificus,Indopacetus pacificus,-999,2200000.0,-999.0,-999.0,-999.0,-999.0,-999.0,-999.0,-999,-999.0,-999.0,1,-999.0,-999.0,-999.0,-999.0,-999.0,-999.0,-999.0,-999.0,-999.0,-999.0,-999.0,-999.0,-999,-999,-999,-999.0,-999.0,-999,2151;2655,-999.0,-999.0,-999.0,-999.0,-999.0,-999.0,-999.0,-999.0,-999.0,-999.0,-999.0,-999,-999.0,-999.0,-999.0,-999.0,-999.0,-999.0,-999.0
Didelphimorphia,Didelphidae,Didelphis,marsupialis,Didelphis marsupialis,1,1134.75,-999.0,402.7,-999.0,182.5,611.34,1329.0,3,-999.0,14.0,2,0.17,0.14,110.0,7.09,2.0,32.4,0.16,-999.0,70.5,-999.0,200.88,1.0,13,2,2,92.47,95.91,-999,256;730;889;905;955;1297;1412;1573;1760;1773;1876;2151;2159;2225;2431;2655;2761,-999.0,-999.0,-999.0,-999.0,7324303.06,23.89,-18.3,2.79,-44.35,-98.86,-71.61,0,19.71,0.0,0.13,175.63,248.26,1421.55,1599.94
Artiodactyla,Cervidae,Capreolus,pygargus,Capreolus pygargus,2,41371.03,-999.0,1320.0,-999.0,-999.0,-999.0,-999.0,-999,-999.0,290.0,1,0.99,1.06,-999.0,2.0,-999.0,-999.0,1923.53,-999.0,80.0,-999.0,908.84,-999.0,-999,1,-999,136.1,-999.0,-999,733;3010,-999.0,-999.0,-999.0,-999.0,9816965.75,62.64,31.25,46.94,139.56,41.85,90.7,0,26.62,0.0,0.01,32.33,-14.85,367.7,511.78
Rodentia,Cricetidae,Volemys,musseri,Volemys musseri,-999,-999.0,-999.0,-999.0,-999.0,-999.0,-999.0,-999.0,-999,-999.0,-999.0,-999,-999.0,-999.0,-999.0,-999.0,-999.0,-999.0,-999.0,-999.0,-999.0,-999.0,-999.0,-999.0,-999,-999,-999,-999.0,-999.0,-999,-999,-999.0,-999.0,-999.0,-999.0,3425.31,31.94,30.97,31.45,102.87,102.36,102.62,11,13.84,11.0,0.06,117.58,12.4,748.92,840.4
Diprotodontia,Petauridae,Petaurus,norfolcensis,Petaurus norfolcensis,1,230.0,-999.0,-999.0,-999.0,-999.0,-999.0,-999.0,3,-999.0,-999.0,1,0.02,0.02,183.0,1.64,-999.0,144.0,-999.0,-999.0,122.0,-999.0,-999.0,-999.0,-999,2,2,120.48,70.0,-999,543;955;1297;1466;1573;1760;1848;2644;2655,-999.0,1.56,-999.0,-999.0,624212.74,-16.92,-37.71,-27.31,153.63,141.98,147.81,0,22.22,0.0,0.05,71.01,176.19,781.41,1305.89
Chiroptera,Pteropodidae,Lissonycteris,angolensis,Lissonycteris angolensis,-999,68.31,73.08,105.16,-999.0,-999.0,-999.0,-999.0,2,-999.0,121.66,1,-999.0,-999.0,-999.0,0.99,2.0,-999.0,-999.0,-999.0,-999.0,28.0,-999.0,1.0,-999,2,1,-999.0,-999.0,-999,77;196;258;266;272;1297;1601;1658;2017;2151;2655;2719;3071,-999.0,-999.0,-999.0,-999.0,4001672.86,12.96,-21.07,-4.05,40.37,-15.6,12.38,0,55.87,2.0,0.13,124.24,240.3,1120.33,1546.07
Primates,Pitheciidae,Callicebus,baptista,Callicebus baptista,-999,-999.0,-999.0,-999.0,-999.0,-999.0,-999.0,-999.0,-999,-999.0,-999.0,-999,-999.0,-999.0,-999.0,-999.0,-999.0,-999.0,-999.0,-999.0,-999.0,-999.0,-999.0,-999.0,-999,-999,-999,-999.0,-999.0,-999,-999,-999.0,-999.0,-999.0,-999.0,10656.1,-2.37,-3.95,-3.16,-56.41,-58.99,-57.7,1,4.41,1.0,0.13,141.91,262.58,1442.74,1647.66
Soricomorpha,Soricidae,Chodsigoa,salenskii,Chodsigoa salenskii,-999,5.49,-999.0,-999.0,-999.0,-999.0,-999.0,-999.0,-999,-999.0,-999.0,-999,-999.0,-999.0,-999.0,-999.0,-999.0,-999.0,-999.0,-999.0,-999.0,-999.0,-999.0,-999.0,-999,-999,-999,-999.0,-999.0,-999,2655,-999.0,-999.0,-999.0,-999.0,424.87,31.07,30.84,30.95,107.08,106.85,106.97,500,553.34,500.0,0.04,73.5,149.01,960.27,975.75
Chiroptera,Vespertilionidae,Myotis,planiceps,Myotis planiceps,-999,-999.0,26.5,-999.0,-999.0,-999.0,-999.0,-999.0,-999,-999.0,-999.0,1,-999.0,-999.0,-999.0,-999.0,-999.0,-999.0,-999.0,-999.0,-999.0,-999.0,-999.0,-999.0,-999,2,-999,-999.0,-999.0,-999,1658;2151,2.99,-999.0,-999.0,-999.0,27602.56,25.52,23.46,24.49,-100.34,-101.99,-101.17,2,14.96,2.0,0.06,20.79,159.37,528.78,992.22
Carnivora,Phocidae,Mirounga,leonina,Mirounga leonina,2,1600000.0,-999.0,3674.03,0.0,1460.0,-999.0,-999.0,2,23.99,243.33,2,-999.0,-999.0,365.0,1.0,-999.0,276.0,39392.97,-999.0,-999.0,-999.0,1607.08,-999.0,-999,1,3,22.93,114129.31,-999,367;543;890;1297;1763;2151;2655;2986,-999.0,1.1,-999.0,-999.0,-999.0,-999.0,-999.0,-999.0,-999.0,-999.0,-999.0,-999,-999.0,-999.0,-999.0,-999.0,-999.0,-999.0,-999.0
Rodentia,Muridae,Gerbillus,vivax,Gerbillus vivax,-999,-999.0,-999.0,-999.0,-999.0,-999.0,-999.0,-999.0,-999,-999.0,-999.0,-999,-999.0,-999.0,-999.0,-999.0,-999.0,-999.0,-999.0,-999.0,-999.0,-999.0,-999.0,-999.0,-999,-999,-999,-999.0,-999.0,-999,-999,-999.0,-999.0,-999.0,-999.0,317081.09,28.42,23.59,26.0,18.32,10.88,14.6,0,0.53,0.0,0.01,0.68,221.69,16.53,1124.38
Rodentia,Cricetidae,Graomys,centralis,Graomys centralis,-999,-999.0,-999.0,-999.0,-999.0,-999.0,-999.0,-999.0,-999,-999.0,-999.0,-999,-999.0,-999.0,-999.0,-999.0,-999.0,-999.0,-999.0,-999.0,-999.0,-999.0,-999.0,-999.0,-999,-999,-999,-999.0,-999.0,-999,-999,-999.0,-999.0,-999.0,-999.0,-999.0,-999.0,-999.0,-999.0,-999.0,-999.0,-999.0,-999,-999.0,-999.0,-999.0,-999.0,-999.0,-999.0,-999.0
Soricomorpha,Soricidae,Sylvisorex,pluvialis,Sylvisorex pluvialis,-999,-999.0,-999.0,-999.0,-999.0,-999.0,-999.0,-999.0,-999,-999.0,-999.0,-999,-999.0,-999.0,-999.0,-999.0,-999.0,-999.0,-999.0,-999.0,-999.0,-999.0,-999.0,-999.0,-999,-999,-999,-999.0,-999.0,-999,-999,-999.0,-999.0,-999.0,-999.0,-999.0,-999.0,-999.0,-999.0,-999.0,-999.0,-999.0,-999,-999.0,-999.0,-999.0,-999.0,-999.0,-999.0,-999.0
Soricomorpha,Soricidae,Chimarrogale,phaeura,Chimarrogale phaeura,-999,-999.0,-999.0,100.49,-999.0,-999.0,-999.0,-999.0,1,-999.0,-999.0,2,-999.0,-999.0,-999.0,-999.0,-999.0,-999.0,-999.0,-999.0,-999.0,-999.0,-999.0,-999.0,-999,1,3,-999.0,-999.0,-999,626;630;1456,31.47,-999.0,-999.0,-999.0,10154.88,6.56,5.02,5.79,117.7,116.42,117.06,4,36.2,4.0,0.3,249.23,244.88,1791.85,1838.64
Soricomorpha,Talpidae,Uropsilus,investigator,Uropsilus investigator,-999,-999.0,-999.0,75.0,-999.0,-999.0,-999.0,-999.0,-999,-999.0,-999.0,-999,-999.0,-999.0,-999.0,-999.0,-999.0,-999.0,-999.0,-999.0,-999.0,-999.0,-999.0,-999.0,-999,-999,-999,-999.0,-999.0,-999,2741,13.52,-999.0,-999.0,-999.0,363.35,28.1,27.89,28.0,98.72,98.51,98.61,7,11.0,7.0,0.11,187.98,8.51,889.04,1034.13
Carnivora,Canidae,Nyctereutes,procyonoides,Nyctereutes procyonoides,1,4214.99,-999.0,447.38,9.5,730.0,1739.4,4215.0,6,150.0,61.84,1,1.15,1.22,365.0,6.36,-999.0,168.0,87.42,-999.0,12.02,-999.0,326.63,-999.0,-999,1,2,49.69,734.84,-999,367;543;1113;1297;1573;2655,-999.0,1.1,-999.0,-999.0,6704451.99,56.61,19.91,38.26,145.82,72.66,109.24,0,186.51,0.0,0.03,70.08,56.73,662.92,762.75
Rodentia,Muridae,Acomys,cahirinus,Acomys cahirinus,1,41.16,-999.0,-999.0,7.0,103.0,-999.0,-999.0,-999,-999.0,38.54,-999,0.000880412,0.000810023,34.0,2.43,7.6,60.0,5.49,43.0,2366.22,-999.0,51.9,-999.0,-999,-999,-999,14.0,12.31,-999,456;543;771;1244;1297;1542;2593;2655;2978,-999.0,-999.0,-999.0,-999.0,-999.0,-999.0,-999.0,-999.0,-999.0,-999.0,-999.0,-999,-999.0,-999.0,-999.0,-999.0,-999.0,-999.0,-999.0
Chiroptera,Pteropodidae,Notopteris,macdonaldi,Notopteris macdonaldi,-999,68.17,66.0,-999.0,-999.0,-999.0,-999.0,-999.0,-999,-999.0,-999.0,1,-999.0,-999.0,-999.0,0.99,-999.0,-999.0,-999.0,-999.0,-999.0,-999.0,-999.0,-999.0,-999,2,-999,-999.0,-999.0,-999,196;360;1297;1658;2143;2151;2622;2655,-999.0,-999.0,-999.0,-999.0,19355.8,-14.15,-20.24,-17.2,179.99,-179.99,0.0,14,32.39,14.0,0.1,206.67,236.67,-999.0,-999.0
Chiroptera,Natalidae,Chilonatalus,tumidifrons,Chilonatalus tumidifrons,-999,3.62,32.99,-999.0,-999.0,-999.0,-999.0,-999.0,1,-999.0,-999.0,1,-999.0,-999.0,-999.0,-999.0,-999.0,-999.0,-999.0,-999.0,-999.0,-999.0,-999.0,-999.0,-999,2,3,-999.0,-999.0,-999,889;1222;1658;2151;2655,-999.0,-999.0,-999.0,-999.0,1525.32,26.91,23.43,25.17,-74.42,-77.58,-76.0,4,8.63,4.0,0.11,-999.0,-999.0,-999.0,-999.0
Artiodactyla,Camelidae,Camelus,dromedarius,Camelus dromedarius,3,492714.47,-999.0,-999.0,-999.0,1651.62,40293.0,407000.0,3,-999.0,386.51,1,196.32,-999.0,614.41,0.98,1.0,480.0,36751.19,-999.0,0.98,11.0,1947.94,10.0,-999,1,1,389.38,-999.0,-999,511;543;719;1274;1297;1594;1654;1822;1848;2655;3044,-999.0,-999.0,-999.0,-999.0,-999.0,-999.0,-999.0,-999.0,-999.0,-999.0,-999.0,-999,-999.0,-999.0,-999.0,-999.0,-999.0,-999.0,-999.0
Chiroptera,Furipteridae,Amorphochilus,schnablii,Amorphochilus schnablii,-999,-999.0,35.99,-999.0,-999.0,-999.0,-999.0,-999.0,1,-999.0,-999.0,1,-999.0,-999.0,-999.0,0.99,1.0,-999.0,-999.0,7.5,-999.0,-999.0,-999.0,-999.0,-999,2,3,-999.0,-999.0,-999,890;1297;1431;1658;2151,7.2,-999.0,0.06,-999.0,437429.66,-0.56,-21.74,-11.15,-68.67,-81.35,-75.01,0,60.47,0.0,0.07,34.8,102.52,513.18,1285.52
Artiodactyla,Cervidae,Pudu,mephistophiles,Pudu mephistophiles,-999,9599.96,-999.0,-999.0,-999.0,-999.0,-999.0,-999.0,-999,-999.0,-999.0,-999,-999.0,-999.0,-999.0,1.0,-999.0,120.0,400.0,-999.0,-999.0,-999.0,-999.0,-999.0,-999,-999,-999,-999.0,-999.0,-999,543;1297;2655,-999.0,-999.0,-999.0,-999.0,244304.21,5.09,-12.56,-3.73,-73.55,-79.28,-76.41,2,30.31,2.0,0.13,151.56,201.98,1326.56,1463.47
Chiroptera,Hipposideridae,Triaenops,auritus,Triaenops auritus,-999,-999.0,-999.0,-999.0,-999.0,-999.0,-999.0,-999.0,-999,-999.0,-999.0,-999,-999.0,-999.0,-999.0,-999.0,-999.0,-999.0,-999.0,-999.0,-999.0,-999.0,-999.0,-999.0,-999,-999,-999,-999.0,-999.0,-999,-999,-999.0,-999.0,-999.0,-999.0,25.57,-12.27,-12.32,-12.3,49.3,49.25,49.27,43,43.0,43.0,0.16,81.0,265.0,-999.0,-999.0
Perissodactyla,Tapiridae,Tapirus,bairdii,Tapirus bairdii,2,293781.59,-999.0,2199.99,-999.0,-999.0,-999.0,-999.0,4,-999.0,396.24,1,1.15,0.94,-999.0,1.0,-999.0,-999.0,-999.0,-999.0,0.34,-999.0,710.47,1.0,-999,1,1,362.93,171864.36,-999,730;899;905;986;992;1322;1799;1800;1899;2151;2532;2655;2827;2854;3029,-999.0,-999.0,-999.0,-999.0,188831.76,20.56,-1.55,9.5,-76.37,-94.62,-85.49,2,43.25,4.0,0.15,166.98,235.49,1357.27,1618.64
Chiroptera,Pteropodidae,Pteropus,conspicillatus,Pteropus conspicillatus,-999,760.71,174.06,-999.0,-999.0,-999.0,-999.0,-999.0,3,-999.0,-999.0,1,-999.0,-999.0,-999.0,1.0,-999.0,-999.0,-999.0,-999.0,-999.0,100.0,755.15,-999.0,-999,2,1,139.51,-999.0,-999,196;360;406;1297;1658;2151;2433;2434;2622;2655;2719,-999.0,-999.0,-999.0,-999.0,384685.67,2.64,-23.47,-10.41,154.28,127.28,140.78,0,9.61,0.0,0.08,162.43,242.16,1222.64,1691.36
Macroscelidea,Macroscelididae,Elephantulus,rozeti,Elephantulus rozeti,-999,43.07,-999.0,-999.0,-999.0,-999.0,-999.0,-999.0,-999,-999.0,75.0,2,-999.0,-999.0,-999.0,2.13,2.0,36.0,-999.0,-999.0,-999.0,-999.0,-999.0,-999.0,-999,1,-999,-999.0,-999.0,-999,543;1297;2113;2115;2391;2578;2655,-999.0,-999.0,-999.0,-999.0,847148.97,37.34,27.86,32.6,15.62,-9.94,2.83,0,91.99,2.0,0.11,24.66,170.09,326.17,1155.82
Afrosoricida,Chrysochloridae,Chrysochloris,visagiei,Chrysochloris visagiei,-999,-999.0,-999.0,106.0,-999.0,-999.0,-999.0,-999.0,1,-999.0,-999.0,-999,-999.0,-999.0,-999.0,-999.0,-999.0,-999.0,-999.0,-999.0,-999.0,-999.0,-999.0,1.0,-999,-999,3,-999.0,-999.0,-999,1848;2131;2629,36.72,-999.0,-999.0,-999.0,137.09,-31.38,-31.51,-31.44,20.72,20.59,20.66,0,0.0,0.0,-999.0,12.49,162.01,239.03,939.04
Carnivora,Felidae,Profelis,aurata,Profelis aurata,2,11277.17,-999.0,797.61,-999.0,-999.0,-999.0,-999.0,1,-999.0,81.34,1,-999.0,-999.0,-999.0,2.25,-999.0,-999.0,211.24,-999.0,-999.0,-999.0,650.61,-999.0,4,1,3,119.32,-999.0,-999,1113;2655,-999.0,-999.0,-999.0,-999.0,4948244.43,15.47,-10.5,2.48,38.73,-16.79,10.96,0,30.06,1.0,0.12,138.04,242.44,1246.82,1551.45
Chiroptera,Emballonuridae,Mosia,nigrescens,Mosia nigrescens,1,3.33,34.5,-999.0,-999.0,-999.0,-999.0,-999.0,-999,-999.0,-999.0,1,-999.0,-999.0,-999.0,0.98,-999.0,-999.0,-999.0,-999.0,-999.0,-999.0,-999.0,-999.0,-999,2,-999,-999.0,-999.0,-999,889;1297;1658;2151;2622;2655,-999.0,-999.0,-999.0,-999.0,785123.85,2.64,-10.85,-4.1,162.39,118.75,140.57,1,31.25,2.0,0.11,245.52,233.43,1692.19,1728.61
Carnivora,Mustelidae,Arctonyx,collaris,Arctonyx collaris,1,8166.52,-999.0,690.22,-999.0,-999.0,-999.0,-999.0,6,-999.0,42.89,1,-999.0,-999.0,-999.0,3.0,-999.0,167.0,58.0,-999.0,-999.0,-999.0,-999.0,-999.0,6,1,2,165.64,-999.0,-999,543;1113;1297;2655,-999.0,-999.0,-999.0,-999.0,4519063.86,38.98,-5.12,16.92,122.7,91.42,107.06,1,250.46,6.0,0.07,124.48,169.67,1020.9,1215.32
Diprotodontia,Macropodidae,Macropus,antilopinus,Macropus antilopinus,1,27250.1,-999.0,-999.0,-999.0,-999.0,-999.0,-999.0,-999,-999.0,34.0,1,0.5,0.46,270.0,1.0,-999.0,192.0,0.7,-999.0,21.21,-999.0,909.32,-999.0,-999,1,-999,424.79,-999.0,-999,543;955;1573;1760;1848;2655;2986,-999.0,1.28,-999.0,-999.0,515289.06,-11.11,-17.36,-14.24,144.59,123.42,134.0,0,0.8,0.0,0.004455307,84.75,270.2,849.13,1760.04
Primates,Cercopithecidae,Chlorocebus,cynosuros,Chlorocebus cynosuros,-999,-999.0,-999.0,-999.0,-999.0,-999.0,-999.0,-999.0,-999,-999.0,-999.0,-999,-999.0,-999.0,-999.0,-999.0,-999.0,-999.0,-999.0,-999.0,-999.0,-999.0,-999.0,-999.0,-999,-999,-999,-999.0,-999.0,-999,-999,-999.0,-999.0,-999.0,-999.0,2692165.36,-1.38,-19.05,-10.22,29.12,10.02,19.57,1,16.13,1.0,0.18,101.93,222.88,985.51,1463.11
Diprotodontia,Phalangeridae,Phalanger,orientalis,Phalanger orientalis,1,2487.5,-999.0,433.83,-999.0,-999.0,-999.0,-999.0,2,-999.0,-999.0,2,-999.0,-999.0,-999.0,1.71,-999.0,48.0,-999.0,-999.0,-999.0,-999.0,-999.0,-999.0,4,2,1,-999.0,-999.0,-999,955;975;977;1093;1760;1848;1991;2655;2880,-999.0,-999.0,-999.0,-999.0,260829.66,-0.007690039,-10.37,-5.19,146.43,123.44,134.94,2,21.95,3.0,0.11,250.97,238.68,1678.55,1703.31
Chiroptera,Nycteridae,Nycteris,madagascariensis,Nycteris madagascariensis,-999,17.69,51.0,115.0,-999.0,-999.0,-999.0,-999.0,1,-999.0,-999.0,-999,-999.0,-999.0,-999.0,-999.0,-999.0,-999.0,-999.0,-999.0,-999.0,-999.0,-999.0,-999.0,-999,-999,3,-999.0,-999.0,-999,1048,-999.0,-999.0,-999.0,-999.0,50763.9,-11.94,-15.99,-13.97,50.48,47.86,49.17,3,30.74,6.0,0.16,137.4,217.65,1317.59,1707.83
Rodentia,Nesomyidae,Petromyscus,collinus,Petromyscus collinus,-999,20.0,-999.0,-999.0,-999.0,-999.0,-999.0,-999.0,-999,-999.0,-999.0,-999,-999.0,-999.0,-999.0,2.46,1.0,-999.0,2.1,33.69,-999.0,-999.0,-999.0,-999.0,-999,-999,-999,31.5,-999.0,-999,1297;2655,-999.0,-999.0,-999.0,-999.0,573003.86,-15.75,-32.6,-24.17,22.86,11.86,17.36,0,1.59,0.0,0.05,13.48,166.71,278.86,1144.28
Rodentia,Heteromyidae,Dipodomys,simulans,Dipodomys simulans,-999,-999.0,-999.0,-999.0,-999.0,-999.0,-999.0,-999.0,-999,-999.0,-999.0,-999,-999.0,-999.0,-999.0,-999.0,-999.0,-999.0,-999.0,-999.0,-999.0,-999.0,-999.0,-999.0,-999,-999,-999,-999.0,-999.0,-999,-999,-999.0,-999.0,-999.0,-999.0,134662.93,34.81,24.34,29.58,-111.45,-119.24,-115.35,1,126.43,1.0,0.11,16.29,156.3,295.95,1136.36
Rodentia,Echimyidae,Callistomys,pictus,Callistomys pictus,-999,518.99,-999.0,-999.0,-999.0,-999.0,-999.0,-999.0,-999,-999.0,-999.0,-999,-999.0,-999.0,-999.0,-999.0,-999.0,-999.0,-999.0,-999.0,-999.0,-999.0,-999.0,-999.0,-999,-999,-999,-999.0,-999.0,-999,2655,-999.0,-999.0,-999.0,-999.0,37773.91,-11.33,-13.77,-12.55,-37.36,-39.75,-38.55,17,211.59,20.0,0.08,123.66,239.11,1250.37,1682.91
Rodentia,Sciuridae,Eoglaucomys,fimbriatus,Eoglaucomys fimbriatus,1,510.0,-999.0,-999.0,-999.0,-999.0,-999.0,-999.0,-999,-999.0,-999.0,1,-999.0,-999.0,-999.0,3.74,2.0,-999.0,-999.0,-999.0,-999.0,-999.0,-999.0,-999.0,-999,2,-999,75.47,-999.0,-999,1297;2655;3122,-999.0,-999.0,-999.0,-999.0,120532.97,35.2,30.8,33.0,78.62,69.18,73.9,2,170.85,7.0,0.14,66.26,107.91,748.29,1148.7
Rodentia,Bathyergidae,Cryptomys,zechi,Cryptomys zechi,-999,-999.0,-999.0,-999.0,-999.0,-999.0,-999.0,-999.0,-999,-999.0,-999.0,-999,-999.0,-999.0,-999.0,-999.0,-999.0,-999.0,-999.0,-999.0,-999.0,-999.0,-999.0,-999.0,-999,-999,-999,-999.0,-999.0,-999,-999,-999.0,-999.0,-999.0,-999.0,52619.38,9.17,6.85,8.01,0.99,-1.33,-0.16,15,50.91,22.0,0.2,108.6,271.17,1239.31,1671.32
Carnivora,Mustelidae,Meles,meles,Meles meles,2,11884.03,-999.0,705.89,35.16,-999.0,3340.8,11600.0,1,210.0,48.6,1,1.2,1.42,365.0,3.11,-999.0,194.4,90.24,-999.0,2.52,-999.0,420.91,-999.0,6,1,3,91.3,-999.0,-999,367;542;543;730;966;1113;1297;1573;1577;2620;2655;2986,-999.0,1.1,-999.0,-999.0,-999.0,-999.0,-999.0,-999.0,-999.0,-999.0,-999.0,-999,-999.0,-999.0,-999.0,-999.0,-999.0,-999.0,-999.0
Carnivora,Mustelidae,Mustela,nudipes,Mustela nudipes,-999,569.42,-999.0,325.9,-999.0,-999.0,-999.0,-999.0,-999,-999.0,-999.0,1,-999.0,-999.0,-999.0,4.0,-999.0,-999.0,-999.0,-999.0,-999.0,-999.0,-999.0,-999.0,-999,1,-999,-999.0,-999.0,-999,1113;1297;2655,-999.0,-999.0,-999.0,-999.0,1430581.79,7.03,-8.78,-0.87,119.26,95.18,107.22,1,149.19,4.0,0.14,239.47,248.0,1667.44,1736.8
Chiroptera,Pteropodidae,Penthetor,lucasi,Penthetor lucasi,-999,35.39,60.5,-999.0,-999.0,-999.0,-999.0,-999.0,1,-999.0,-999.0,1,-999.0,-999.0,-999.0,1.0,-999.0,-999.0,-999.0,-999.0,-999.0,-999.0,-999.0,-999.0,-999,2,1,-999.0,-999.0,-999,196;1297;1658;2017;2151;2622;2655;2719,-999.0,-999.0,-999.0,-999.0,647764.08,7.03,-4.16,1.43,119.26,100.16,109.71,1,58.45,3.0,0.17,250.99,249.68,1681.76,1731.16
Afrosoricida,Tenrecidae,Microgale,brevicaudata,Microgale brevicaudata,1,8.99,-999.0,-999.0,-999.0,-999.0,-999.0,-999.0,1,-999.0,-999.0,2,-999.0,-999.0,-999.0,4.5,-999.0,-999.0,-999.0,-999.0,-999.0,1.0,-999.0,-999.0,-999,1,3,-999.0,-999.0,-999,1045;2151;2655,-999.0,-999.0,-999.0,-999.0,137477.3,-12.3,-24.44,-18.37,50.46,43.84,47.15,2,25.2,3.0,0.17,132.3,222.08,1127.12,1590.76
Rodentia,Heteromyidae,Dipodomys,venustus,Dipodomys venustus,-999,81.52,-999.0,126.49,-999.0,-999.0,-999.0,-999.0,2,-999.0,-999.0,2,-999.0,-999.0,-999.0,1.73,1.5,-999.0,-999.0,-999.0,-999.0,-999.0,-999.0,-999.0,-999,1,1,-999.0,-999.0,-999,300;311;1297;2655,-999.0,-999.0,-999.0,-999.0,16390.36,37.86,35.1,36.48,-120.47,-122.51,-121.49,2,236.91,2.0,0.02,37.96,123.43,348.0,1137.52
Carnivora,Mustelidae,Lutra,sumatrana,Lutra sumatrana,-999,5970.68,-999.0,762.81,-999.0,-999.0,-999.0,-999.0,1,-999.0,-999.0,2,-999.0,-999.0,-999.0,-999.0,-999.0,-999.0,-999.0,-999.0,-999.0,-999.0,-999.0,-999.0,4,1,3,-999.0,-999.0,-999,1113;2655,-999.0,-999.0,-999.0,-999.0,1333065.92,14.55,-8.78,2.88,119.26,95.18,107.22,1,181.06,4.0,0.13,228.88,249.18,1579.04,1721.86
Soricomorpha,Soricidae,Crocidura,palawanensis,Crocidura palawanensis,-999,-999.0,-999.0,-999.0,-999.0,-999.0,-999.0,-999.0,-999,-999.0,-999.0,-999,-999.0,-999.0,-999.0,-999.0,-999.0,-999.0,-999.0,-999.0,-999.0,-999.0,-999.0,-999.0,-999,-999,-999,-999.0,-999.0,-999,-999,-999.0,-999.0,-999.0,-999.0,11562.34,11.42,8.32,9.87,119.71,117.17,118.44,22,42.93,22.0,0.21,224.0,249.78,-999.0,-999.0
Chiroptera,Vespertilionidae,Corynorhinus,townsendii,Corynorhinus townsendii,-999,10.3,43.4,57.5,9.0,-999.0,-999.0,-999.0,1,-999.0,67.49,1,-999.0,-999.0,-999.0,0.99,1.0,254.0,2.39,-999.0,-999.0,-999.0,-999.0,-999.0,-999,2,3,40.5,-999.0,-999,543;657;899;1006;1161;1297;1658;1698;1705;1727;2143;2151;2215;2253;2535;2622;2655,-999.0,-999.0,-999.0,-999.0,4604871.5,53.26,16.67,34.97,-79.16,-125.09,-102.12,0,29.42,0.0,0.09,39.48,110.48,456.28,976.59
Erinaceomorpha,Erinaceidae,Paraechinus,micropus,Paraechinus micropus,1,171.0,-999.0,180.0,-999.0,-999.0,-999.0,-999.0,2,-999.0,37.0,-999,-999.0,-999.0,-999.0,4.0,1.0,-999.0,8.49,-999.0,-999.0,-999.0,-999.0,-999.0,-999,-999,3,45.05,-999.0,-999,678;1297;1456;2408;2655;2786,-999.0,-999.0,-999.0,-999.0,344515.33,28.27,20.68,24.47,77.95,68.7,73.33,25,215.33,54.0,0.09,54.37,257.43,537.29,1423.31
Artiodactyla,Camelidae,Camelus,bactrianus,Camelus bactrianus,-999,554515.91,-999.0,-999.0,-999.0,1460.0,-999.0,-999.0,2,-999.0,397.99,1,-999.0,-999.0,730.0,1.39,1.0,480.0,34346.64,-999.0,0.06,-999.0,1330.6,6.2,-999,1,1,368.13,-999.0,-999,511;543;600;719;899;1297;1848;2401;2655;2987,-999.0,-999.0,-999.0,-999.0,188693.0,44.71,37.98,41.34,97.58,90.75,94.17,0,1.83,0.0,0.01,9.94,53.72,66.85,612.43
Chiroptera,Vespertilionidae,Kerivoula,myrella,Kerivoula myrella,-999,-999.0,35.99,-999.0,-999.0,-999.0,-999.0,-999.0,-999,-999.0,-999.0,1,-999.0,-999.0,-999.0,-999.0,-999.0,-999.0,-999.0,-999.0,-999.0,-999.0,-999.0,-999.0,-999,2,-999,-999.0,-999.0,-999,1658;2151,7.2,-999.0,-999.0,-999.0,11762.42,-1.95,-6.0,-3.98,152.49,146.5,149.49,8,12.89,8.0,0.16,212.31,251.41,-999.0,-999.0
Rodentia,Muridae,Rattus,stoicus,Rattus stoicus,-999,-999.0,-999.0,-999.0,-999.0,-999.0,-999.0,-999.0,-999,-999.0,-999.0,-999,-999.0,-999.0,-999.0,-999.0,-999.0,-999.0,-999.0,-999.0,-999.0,-999.0,-999.0,-999.0,-999,-999,-999,-999.0,-999.0,-999,-999,-999.0,-999.0,-999.0,-999.0,2371.86,12.3,10.5,11.4,93.1,92.35,92.73,52,52.0,52.0,0.2,-999.0,-999.0,-999.0,-999.0
Rodentia,Echimyidae,Thrichomys,apereoides,Thrichomys apereoides,2,297.53,-999.0,-999.0,-999.0,-999.0,206.72,323.0,-999,-999.0,96.44,-999,-999.0,-999.0,97.0,3.2,-999.0,-999.0,21.09,-999.0,-999.0,-999.0,126.3,-999.0,-999,-999,-999,34.16,-999.0,-999,890;1297;1822;2458;2655,-999.0,2.15,-999.0,-999.0,-999.0,-999.0,-999.0,-999.0,-999.0,-999.0,-999.0,-999,-999.0,-999.0,-999.0,-999.0,-999.0,-999.0,-999.0
Rodentia,Ctenomyidae,Ctenomys,latro,Ctenomys latro,-999,192.0,-999.0,-999.0,-999.0,-999.0,-999.0,-999.0,3,-999.0,-999.0,1,-999.0,-999.0,-999.0,-999.0,-999.0,-999.0,-999.0,-999.0,-999.0,-999.0,-999.0,-999.0,-999,1,1,-999.0,-999.0,-999,890;2151;2655,-999.0,-999.0,-999.0,-999.0,19561.91,-24.98,-26.87,-25.92,-64.17,-65.92,-65.05,2,28.14,2.0,0.12,62.72,144.36,706.05,1260.38
Diprotodontia,Macropodidae,Dorcopsis,muelleri,Dorcopsis muelleri,-999,5370.79,-999.0,678.67,-999.0,-999.0,-999.0,-999.0,-999,-999.0,-999.0,1,-999.0,-999.0,-999.0,1.0,-999.0,91.2,-999.0,-999.0,-999.0,-999.0,-999.0,1.0,-999,1,-999,269.23,-999.0,-999,543;955;977;1760;1848;2152;2655,-999.0,-999.0,-999.0,-999.0,63643.38,-0.73,-5.08,-2.9,139.05,129.71,134.38,2,4.61,2.0,0.11,207.48,230.1,1733.61,1817.82
Diprotodontia,Phalangeridae,Strigocuscus,pelengensis,Strigocuscus pelengensis,1,-999.0,-999.0,-999.0,-999.0,-999.0,-999.0,-999.0,1,-999.0,-999.0,1,-999.0,-999.0,-999.0,-999.0,-999.0,-999.0,-999.0,-999.0,-999.0,-999.0,-999.0,-999.0,-999,2,1,-999.0,-999.0,-999,1760,-999.0,-999.0,-999.0,-999.0,6454.39,-1.15,-2.02,-1.59,126.34,122.78,124.56,5,15.91,5.0,0.04,250.99,238.66,-999.0,-999.0
Rodentia,Echimyidae,Mesomys,stimulax,Mesomys stimulax,1,108.0,-999.0,-999.0,-999.0,-999.0,-999.0,-999.0,-999,-999.0,-999.0,1,-999.0,-999.0,-999.0,-999.0,-999.0,-999.0,-999.0,-999.0,-999.0,-999.0,-999.0,-999.0,-999,2,-999,-999.0,-999.0,-999,2151;2655,-999.0,-999.0,-999.0,-999.0,775514.32,4.36,-6.96,-1.29,-46.31,-58.86,-52.59,0,5.82,0.0,0.13,176.65,248.9,1405.58,1645.91
Rodentia,Muridae,Arvicanthis,nairobae,Arvicanthis nairobae,-999,-999.0,-999.0,-999.0,-999.0,-999.0,-999.0,-999.0,-999,-999.0,-999.0,-999,-999.0,-999.0,-999.0,-999.0,-999.0,-999.0,-999.0,-999.0,-999.0,-999.0,-999.0,-999.0,-999,-999,-999,-999.0,-999.0,-999,-999,-999.0,-999.0,-999.0,-999.0,186397.0,1.4,-7.26,-2.93,38.95,35.65,37.3,2,61.5,5.0,0.17,63.55,211.44,912.74,1535.98
Rodentia,Geomyidae,Geomys,pinetis,Geomys pinetis,-999,201.15,-999.0,-999.0,-999.0,-999.0,139.0,201.5,3,-999.0,-999.0,2,-999.0,-999.0,-999.0,1.68,2.0,-999.0,5.13,-999.0,-999.0,-999.0,182.78,1.0,-999,1,1,-999.0,-999.0,-999,201;511;740;1297;1822;1944;2151;2246;2655;3051,-999.0,-999.0,-999.0,-999.0,242106.93,33.46,26.78,30.12,-80.38,-88.02,-84.2,3,71.27,7.0,0.07,106.58,196.79,1097.21,1204.96
Chiroptera,Rhinolophidae,Rhinolophus,adami,Rhinolophus adami,-999,-999.0,48.99,-999.0,-999.0,-999.0,-999.0,-999.0,-999,-999.0,-999.0,1,-999.0,-999.0,-999.0,-999.0,-999.0,-999.0,-999.0,-999.0,-999.0,-999.0,-999.0,-999.0,-999,2,-999,-999.0,-999.0,-999,1658;2151,17.41,-999.0,-999.0,-999.0,1569.81,-3.77,-4.17,-3.97,14.68,14.24,14.46,2,11.24,2.0,0.04,129.5,240.49,1122.25,1450.5
Chiroptera,Natalidae,Natalus,major,Natalus major,-999,-999.0,-999.0,-999.0,-999.0,-999.0,-999.0,-999.0,-999,-999.0,-999.0,-999,-999.0,-999.0,-999.0,-999.0,-999.0,-999.0,-999.0,-999.0,-999.0,-999.0,-999.0,-999.0,-999,-999,-999,-999.0,-999.0,-999,-999,-999.0,-999.0,-999.0,-999.0,74512.66,19.95,17.6,18.77,-68.31,-74.47,-71.39,10,214.83,38.0,0.08,104.89,239.05,1406.39,1578.86
Chiroptera,Pteropodidae,Pteropus,gilliardorum,Pteropus gilliardorum,-999,406.94,114.63,159.02,-999.0,-999.0,-999.0,-999.0,-999,-999.0,-999.0,1,-999.0,-999.0,-999.0,-999.0,-999.0,-999.0,-999.0,-999.0,-999.0,-999.0,-999.0,1.0,-999,2,-999,-999.0,-999.0,-999,406;978;1658;2151;2655,-999.0,-999.0,-999.0,-999.0,749.41,-4.28,-5.94,-5.11,153.03,149.63,151.33,8,11.59,8.0,0.17,206.64,233.32,-999.0,-999.0
Carnivora,Viverridae,Paradoxurus,zeylonensis,Paradoxurus zeylonensis,1,2821.3,-999.0,487.39,-999.0,-999.0,-999.0,-999.0,6,-999.0,-999.0,1,-999.0,-999.0,-999.0,2.5,-999.0,-999.0,-999.0,-999.0,-999.0,-999.0,-999.0,-999.0,-999,1,2,-999.0,-999.0,-999,1113;1297;2655,-999.0,-999.0,-999.0,-999.0,5405.27,7.53,6.34,6.93,80.95,80.32,80.63,292,443.85,292.0,0.03,170.31,245.82,1567.97,1609.92
Chiroptera,Hipposideridae,Hipposideros,corynophyllus,Hipposideros corynophyllus,-999,15.07,48.5,-999.0,-999.0,-999.0,-999.0,-999.0,-999,-999.0,-999.0,1,-999.0,-999.0,-999.0,-999.0,-999.0,-999.0,-999.0,-999.0,-999.0,-999.0,-999.0,-999.0,-999,2,-999,-999.0,-999.0,-999,1658;2151;2622;2655,-999.0,-999.0,-999.0,-999.0,2289.85,-4.72,-5.25,-4.99,141.97,141.42,141.7,2,3.75,2.0,0.49,281.74,186.0,1742.24,1742.24
Afrosoricida,Chrysochloridae,Neamblysomus,gunningi,Neamblysomus gunningi,-999,-999.0,-999.0,123.77,-999.0,-999.0,-999.0,-999.0,1,-999.0,-999.0,1,-999.0,-999.0,-999.0,-999.0,-999.0,-999.0,-999.0,-999.0,-999.0,1.0,-999.0,1.0,-999,1,3,-999.0,-999.0,-999,1848;2131;2629,57.44,-999.0,-999.0,-999.0,87.66,-23.9,-24.0,-23.95,30.96,30.86,30.91,36,47.02,36.0,0.14,67.99,221.0,998.54,1289.53
Hyracoidea,Procaviidae,Heterohyrax,brucei,Heterohyrax brucei,3,2453.66,-999.0,468.99,-999.0,-999.0,669.24,1287.0,5,638.75,228.12,2,-999.0,-999.0,365.0,1.89,1.0,168.0,225.0,-999.0,5751.97,34.0,510.44,17.5,6,2,1,129.04,-999.0,-999,202;543;1297;1355;1822;1848;2151;2629;2655,-999.0,-999.0,-999.0,-999.0,6954996.2,31.6,-24.22,3.69,51.41,0.06,25.74,0,35.56,0.0,0.14,61.08,227.27,696.84,1512.99
Rodentia,Echimyidae,Phyllomys,thomasi,Phyllomys thomasi,1,502.14,-999.0,281.29,-999.0,-999.0,-999.0,-999.0,-999,-999.0,-999.0,2,-999.0,-999.0,-999.0,-999.0,-999.0,-999.0,-999.0,-999.0,-999.0,-999.0,-999.0,-999.0,-999,2,-999,-999.0,-999.0,-999,890;2182;2655,-999.0,-999.0,-999.0,-999.0,343.03,-23.71,-23.96,-23.84,-45.22,-45.45,-45.33,68,68.0,68.0,0.09,-999.0,-999.0,-999.0,-999.0
Chiroptera,Molossidae,Tadarida,ventralis,Tadarida ventralis,-999,-999.0,63.99,-999.0,-999.0,-999.0,-999.0,-999.0,-999,-999.0,-999.0,1,-999.0,-999.0,-999.0,-999.0,-999.0,-999.0,-999.0,-999.0,-999.0,-999.0,-999.0,-999.0,-999,2,-999,-999.0,-999.0,-999,1658;2151,37.43,-999.0,-999.0,-999.0,2868079.8,11.79,-26.34,-7.27,39.45,25.79,32.62,0,51.32,3.0,0.14,81.08,212.72,929.83,1482.38
Rodentia,Gliridae,Graphiurus,platyops,Graphiurus platyops,1,46.1,-999.0,-999.0,-999.0,-999.0,-999.0,-999.0,6,-999.0,-999.0,2,-999.0,-999.0,-999.0,5.17,-999.0,-999.0,-999.0,-999.0,-999.0,-999.0,-999.0,1.0,7,2,2,-999.0,-999.0,-999,1297;2151;2629;2655,-999.0,-999.0,-999.0,-999.0,1449912.28,-8.84,-27.01,-17.92,35.25,22.83,29.04,1,27.11,3.0,0.15,74.34,209.14,783.93,1426.46
Didelphimorphia,Didelphidae,Thylamys,tatei,Thylamys tatei,-999,-999.0,-999.0,-999.0,-999.0,-999.0,-999.0,-999.0,-999,-999.0,-999.0,-999,-999.0,-999.0,-999.0,-999.0,-999.0,-999.0,-999.0,-999.0,-999.0,-999.0,-999.0,-999.0,-999,-999,-999,-999.0,-999.0,-999,-999,-999.0,-999.0,-999.0,-999.0,-999.0,-999.0,-999.0,-999.0,-999.0,-999.0,-999.0,-999,-999.0,-999.0,-999.0,-999.0,-999.0,-999.0,-999.0
Rodentia,Sciuridae,Paraxerus,ochraceus,Paraxerus ochraceus,-999,104.3,-999.0,160.02,-999.0,-999.0,-999.0,-999.0,-999,-999.0,-999.0,1,-999.0,-999.0,-999.0,2.2,-999.0,-999.0,-999.0,-999.0,-999.0,-999.0,-999.0,-999.0,-999,2,-999,24.36,-999.0,-999,32;1297;1599;2655,-999.0,-999.0,-999.0,-999.0,941616.18,5.1,-7.3,-1.09,43.73,32.57,38.15,1,46.15,2.0,0.12,60.15,240.11,826.49,1598.84
Rodentia,Nesomyidae,Dendromus,nyikae,Dendromus nyikae,-999,15.0,-999.0,-999.0,-999.0,-999.0,-999.0,-999.0,-999,-999.0,-999.0,-999,-999.0,-999.0,-999.0,4.62,-999.0,-999.0,-999.0,-999.0,-999.0,-999.0,-999.0,-999.0,-999,-999,-999,-999.0,-999.0,-999,1297;2655,-999.0,-999.0,-999.0,-999.0,2955843.08,-2.99,-23.63,-13.31,38.83,13.43,26.13,1,18.42,2.0,0.18,88.05,217.19,873.4,1446.2
Carnivora,Mustelidae,Lontra,longicaudis,Lontra longicaudis,2,6554.97,-999.0,600.05,-999.0,-999.0,-999.0,-999.0,2,-999.0,-999.0,3,-999.0,-999.0,-999.0,3.69,-999.0,-999.0,-999.0,-999.0,-999.0,-999.0,-999.0,-999.0,-999,1,3,-999.0,-999.0,-999,890;1113;1297;2151;2655,-999.0,-999.0,-999.0,-999.0,12885820.36,25.29,-37.3,-6.0,-39.64,-106.31,-72.98,0,24.64,0.0,0.11,148.59,235.06,1287.48,1497.63
Chiroptera,Rhinolophidae,Rhinolophus,silvestris,Rhinolophus silvestris,-999,-999.0,52.5,-999.0,-999.0,-999.0,-999.0,-999.0,-999,-999.0,-999.0,1,-999.0,-999.0,-999.0,-999.0,-999.0,-999.0,-999.0,-999.0,-999.0,-999.0,-999.0,-999.0,-999,2,-999,-999.0,-999.0,-999,1658;2151,21.23,-999.0,-999.0,-999.0,144051.43,1.25,-4.12,-1.43,14.79,11.4,13.1,1,3.57,1.0,0.07,154.38,241.04,1239.21,1472.16
Cetacea,Delphinidae,Tursiops,aduncus,Tursiops aduncus,-999,-999.0,-999.0,2366.0,-999.0,-999.0,-999.0,-999.0,2,-999.0,365.0,-999,-999.0,-999.0,1095.0,-999.0,-999.0,-999.0,9828.52,878.91,-999.0,64.0,4544.15,-999.0,-999,-999,3,638.75,-999.0,-999,712,287499.41,0.63,-999.0,-999.0,-999.0,-999.0,-999.0,-999.0,-999.0,-999.0,-999.0,-999,-999.0,-999.0,-999.0,-999.0,-999.0,-999.0,-999.0
Chiroptera,Hipposideridae,Hipposideros,galeritus,Hipposideros galeritus,-999,10.17,45.99,-999.0,-999.0,-999.0,9.35,8.5,2,-999.0,-999.0,1,-999.0,-999.0,-999.0,0.99,1.0,-999.0,-999.0,-999.0,-999.0,1.0,-999.0,1.0,-999,2,2,-999.0,-999.0,-999,196;679;1297;1384;1388;1483;1658;1822;1948;2151;2655;2719;3023,-999.0,-999.0,-999.0,-999.0,1820493.51,24.98,-8.11,8.43,126.07,70.75,98.41,1,248.93,5.0,0.11,134.93,253.27,987.28,1572.11
Artiodactyla,Tayassuidae,Tayassu,pecari,Tayassu pecari,2,31798.71,119.0,1110.0,-999.0,-999.0,-999.0,-999.0,6,-999.0,158.0,1,40.97,10.68,-999.0,2.0,-999.0,252.0,1000.0,368.99,1.59,102.5,684.67,-999.0,4,1,2,13.64,-999.0,-999,543;645;730;905;1297;1573;1848;1908;2151;2180;2655;2686;2998,-999.0,-999.0,-999.0,-999.0,13839052.97,21.6,-33.06,-5.72,-34.79,-95.7,-65.24,0,25.33,0.0,0.11,145.87,236.83,1273.63,1510.12
Cetacea,Ziphiidae,Ziphius,cavirostris,Ziphius cavirostris,-999,4774999.99,-999.0,-999.0,-999.0,-999.0,-999.0,-999.0,1,-999.0,-999.0,1,-999.0,-999.0,-999.0,1.0,-999.0,432.0,-999.0,-999.0,-999.0,2.0,-999.0,-999.0,-999,-999,3,-999.0,-999.0,-999,172;543;1297;2151;2655,-999.0,-999.0,-999.0,-999.0,-999.0,-999.0,-999.0,-999.0,-999.0,-999.0,-999.0,-999,-999.0,-999.0,-999.0,-999.0,-999.0,-999.0,-999.0
Artiodactyla,Cervidae,Muntiacus,feae,Muntiacus feae,-999,21999.99,-999.0,-999.0,-999.0,-999.0,-999.0,-999.0,4,-999.0,195.57,-999,-999.0,-999.0,-999.0,1.22,-999.0,-999.0,-999.0,-999.0,-999.0,-999.0,-999.0,-999.0,-999,-999,2,-999.0,-999.0,-999,899;2655;3010,-999.0,-999.0,-999.0,-999.0,14346.43,16.39,13.64,15.02,98.87,97.86,98.37,5,57.19,5.0,0.05,393.21,245.37,1107.53,1687.57
Chiroptera,Pteropodidae,Nyctimene,rabori,Nyctimene rabori,-999,68.25,77.0,-999.0,-999.0,365.0,-999.0,-999.0,1,-999.0,138.16,1,-999.0,-999.0,-999.0,1.0,1.0,-999.0,-999.0,-999.0,30.0,-999.0,295.82,-999.0,-999,2,1,105.0,-999.0,-999,899;1314;1439;1658;2017;2151;2655;2885,-999.0,-999.0,-999.0,-999.0,17815.16,12.5,9.03,10.77,124.07,122.38,123.22,97,333.53,103.0,0.08,140.47,258.59,1483.66,1783.72
Chiroptera,Hipposideridae,Coelops,frithii,Coelops frithii,-999,7.52,41.0,-999.0,-999.0,-999.0,-999.0,-999.0,1,-999.0,-999.0,1,-999.0,-999.0,-999.0,0.98,-999.0,-999.0,-999.0,-999.0,-999.0,-999.0,-999.0,-999.0,-999,2,3,-999.0,-999.0,-999,679;1297;1658;2151;2622;2655,-999.0,-999.0,-999.0,-999.0,4074334.86,31.29,-8.84,11.22,120.82,87.2,104.01,1,232.38,12.0,0.08,155.98,201.43,1147.81,1359.69
Lagomorpha,Leporidae,Lepus,americanus,Lepus americanus,1,1568.42,-999.0,424.49,0.0,365.0,1250.24,1562.8,3,-999.0,36.57,-999,0.04,0.05,37.0,3.54,2.5,96.0,67.84,153.7,100.0,-999.0,210.95,-999.0,-999,-999,1,22.98,440.9,-999,42;95;362;409;410;543;730;811;816;989;1004;1110;1237;1297;1573;1822;1849;2124;2160;2314;2655,-999.0,-999.0,-999.0,-999.0,9501181.22,68.59,35.47,52.03,-52.63,-168.12,-110.38,0,10.61,0.0,0.04,48.45,-12.64,358.45,444.39
Chiroptera,Molossidae,Mormopterus,norfolkensis,Mormopterus norfolkensis,-999,8.0,36.5,-999.0,-999.0,-999.0,-999.0,-999.0,-999,-999.0,-999.0,1,-999.0,-999.0,-999.0,1.0,-999.0,-999.0,-999.0,-999.0,-999.0,-999.0,-999.0,-999.0,-999,2,-999,-999.0,-999.0,-999,1297;1658;2151;2622;2655,-999.0,-999.0,-999.0,-999.0,122196.45,-26.56,-35.48,-31.02,168.09,150.17,159.13,0,53.36,1.0,0.09,83.81,160.8,783.39,1229.42
Chiroptera,Rhinolophidae,Rhinolophus,siamensis,Rhinolophus siamensis,-999,-999.0,-999.0,-999.0,-999.0,-999.0,-999.0,-999.0,-999,-999.0,-999.0,-999,-999.0,-999.0,-999.0,-999.0,-999.0,-999.0,-999.0,-999.0,-999.0,-999.0,-999.0,-999.0,-999,-999,-999,-999.0,-999.0,-999,-999,-999.0,-999.0,-999.0,-999.0,-999.0,-999.0,-999.0,-999.0,-999.0,-999.0,-999.0,-999,-999.0,-999.0,-999.0,-999.0,-999.0,-999.0,-999.0
Didelphimorphia,Didelphidae,Marmosa,tyleriana,Marmosa tyleriana,1,32.4,-999.0,119.28,-999.0,-999.0,-999.0,-999.0,-999,-999.0,-999.0,-999,-999.0,-999.0,-999.0,3.0,-999.0,-999.0,-999.0,-999.0,-999.0,-999.0,-999.0,-999.0,4,-999,-999,-999.0,-999.0,-999,889;1297;1760;2655,-999.0,-999.0,-999.0,-999.0,256123.42,6.68,0.92,3.8,-60.85,-67.7,-64.28,0,0.52,0.0,0.11,187.92,230.56,1643.66,1690.42
Rodentia,Muridae,Hapalomys,delacouri,Hapalomys delacouri,-999,-999.0,-999.0,-999.0,-999.0,-999.0,-999.0,-999.0,-999,-999.0,-999.0,-999,-999.0,-999.0,-999.0,-999.0,-999.0,-999.0,-999.0,-999.0,-999.0,-999.0,-999.0,-999.0,-999,-999,-999,-999.0,-999.0,-999,-999,-999.0,-999.0,-999.0,-999.0,96345.31,23.39,14.96,19.18,111.03,101.88,106.45,8,149.5,12.0,0.1,136.32,206.98,1180.5,1428.21
Rodentia,Heteromyidae,Chaetodipus,nelsoni,Chaetodipus nelsoni,1,15.53,-999.0,79.83,-999.0,-999.0,-999.0,-999.0,3,-999.0,30.63,2,0.002835545,0.003045448,-999.0,3.46,-999.0,-999.0,-999.0,-999.0,473.46,-999.0,-999.0,-999.0,-999,1,2,-999.0,-999.0,-999,327;1297;1514;2473;2655,-999.0,-999.0,-999.0,-999.0,566702.48,32.46,21.08,26.77,-99.17,-106.12,-102.64,0,20.53,0.0,0.08,31.52,173.55,516.01,1155.75
Diprotodontia,Macropodidae,Dendrolagus,lumholtzi,Dendrolagus lumholtzi,1,6649.97,-999.0,-999.0,-999.0,-999.0,-999.0,-999.0,-999,-999.0,-999.0,2,0.01,0.01,435.0,1.0,-999.0,-999.0,-999.0,-999.0,116.18,-999.0,816.35,-999.0,-999,2,-999,539.29,1299.99,-999,511;955;1573;1848;2337;2655;2986,-999.0,1.0,-999.0,-999.0,12095.48,-17.7,-19.32,-18.51,146.77,145.51,146.14,0,11.64,0.0,0.06,152.07,213.54,1127.89,1769.58
Rodentia,Cricetidae,Sigmodon,alleni,Sigmodon alleni,-999,174.09,-999.0,170.03,-999.0,87.0,203.25,137.8,-999,-999.0,36.5,-999,-999.0,-999.0,-999.0,-999.0,-999.0,-999.0,-999.0,-999.0,-999.0,-999.0,-999.0,-999.0,-999,-999,-999,-999.0,-999.0,-999,1297;1822;2615;2655,-999.0,-999.0,-999.0,-999.0,177949.85,23.71,15.64,19.68,-94.75,-106.34,-100.55,4,40.33,9.0,0.06,90.52,210.78,867.66,1602.77
Artiodactyla,Suidae,Sus,salvanius,Sus salvanius,2,7974.13,-999.0,599.66,-999.0,-999.0,-999.0,-999.0,4,-999.0,110.5,1,0.15,-999.0,-999.0,3.66,-999.0,144.0,-999.0,-999.0,-999.0,-999.0,-999.0,5.0,9,1,2,-999.0,-999.0,-999,511;543;645;899;1297;1848;2180;2655,-999.0,-999.0,-999.0,-999.0,25728.78,27.06,26.33,26.7,93.44,87.93,90.69,37,339.5,44.0,0.09,162.48,203.49,1037.05,1239.08
Rodentia,Dipodidae,Allactodipus,bobrinskii,Allactodipus bobrinskii,-999,-999.0,-999.0,-999.0,-999.0,-999.0,-999.0,-999.0,-999,-999.0,-999.0,-999,-999.0,-999.0,-999.0,5.15,-999.0,-999.0,-999.0,-999.0,-999.0,-999.0,-999.0,-999.0,-999,-999,-999,-999.0,-999.0,-999,1297,-999.0,-999.0,-999.0,-999.0,399243.97,44.32,38.62,41.47,67.61,52.41,60.01,0,19.29,0.0,0.06,10.42,123.82,189.53,753.64
Dasyuromorphia,Dasyuridae,Dasykaluta,rosamondae,Dasykaluta rosamondae,2,32.17,-999.0,-999.0,-999.0,-999.0,-999.0,-999.0,-999,-999.0,49.69,1,-999.0,-999.0,365.0,6.64,1.0,36.0,-999.0,-999.0,-999.0,-999.0,324.38,-999.0,-999,1,-999,113.0,3.84,-999,543;955;1297;1760;2484;2655,-999.0,-999.0,-999.0,-999.0,374318.6,-19.95,-25.21,-22.58,123.93,113.65,118.79,0,0.12,0.0,0.0,22.02,237.61,308.34,1478.93
Rodentia,Heteromyidae,Chaetodipus,eremicus,Chaetodipus eremicus,-999,-999.0,-999.0,-999.0,-999.0,-999.0,-999.0,-999.0,-999,-999.0,-999.0,-999,-999.0,-999.0,-999.0,-999.0,-999.0,-999.0,-999.0,-999.0,-999.0,-999.0,-999.0,-999.0,-999,-999,-999,-999.0,-999.0,-999,-999,-999.0,-999.0,-999.0,-999.0,541954.63,33.45,21.74,27.59,-99.41,-108.86,-104.13,0,13.13,0.0,0.12,26.29,174.4,445.42,1139.6
Rodentia,Geomyidae,Geomys,breviceps,Geomys breviceps,1,136.47,-999.0,150.63,-999.0,-999.0,-999.0,-999.0,3,-999.0,-999.0,1,-999.0,-999.0,-999.0,2.53,1.7,-999.0,-999.0,-999.0,51.76,-999.0,88.43,-999.0,-999,1,1,-999.0,-999.0,-999,730;906;2760;3073,-999.0,-999.0,-999.0,-999.0,341932.19,36.81,28.7,32.75,-91.63,-97.75,-94.69,2,42.94,5.0,0.05,89.36,181.35,961.24,1153.43
Chiroptera,Megadermatidae,Megaderma,lyra,Megaderma lyra,-999,39.27,69.5,73.99,0.0,709.72,-999.0,-999.0,2,-999.0,152.08,1,-999.0,-999.0,-999.0,1.0,1.0,168.0,10.22,-999.0,-999.0,350.0,620.76,-999.0,-999,2,3,44.58,-999.0,-999,167;196;679;892;1139;1142;1148;1297;1453;1528;1658;1705;1784;2086;2143;2144;2151;2370;2622;2655;2719;3023,-999.0,-999.0,-999.0,-999.0,6486789.9,34.77,1.26,18.01,119.66,67.29,93.48,0,260.94,7.0,0.08,112.7,205.2,872.75,1351.18
Rodentia,Spalacidae,Eospalax,smithii,Eospalax smithii,-999,-999.0,-999.0,-999.0,-999.0,-999.0,-999.0,-999.0,-999,-999.0,-999.0,-999,-999.0,-999.0,-999.0,-999.0,-999.0,-999.0,-999.0,-999.0,-999.0,-999.0,-999.0,-999.0,-999,-999,-999,-999.0,-999.0,-999,-999,-999.0,-999.0,-999.0,-999.0,132161.7,36.42,32.82,34.62,107.33,103.0,105.16,8,132.9,14.0,0.06,44.26,66.94,583.37,814.39
Rodentia,Nesomyidae,Dendromus,lovati,Dendromus lovati,-999,12.0,-999.0,-999.0,-999.0,-999.0,-999.0,-999.0,-999,-999.0,-999.0,-999,-999.0,-999.0,-999.0,-999.0,-999.0,-999.0,-999.0,-999.0,-999.0,-999.0,-999.0,-999.0,-999,-999,-999,-999.0,-999.0,-999,2655,-999.0,-999.0,-999.0,-999.0,193162.56,11.91,6.26,9.08,40.69,36.91,38.8,5,114.29,18.0,0.15,89.72,149.37,959.84,1407.83
Rodentia,Geomyidae,Orthogeomys,underwoodi,Orthogeomys underwoodi,-999,250.0,-999.0,-999.0,-999.0,-999.0,-999.0,-999.0,3,-999.0,-999.0,2,-999.0,-999.0,-999.0,-999.0,-999.0,-999.0,-999.0,-999.0,-999.0,-999.0,-999.0,-999.0,-999,1,1,-999.0,-999.0,-999,2151;2655,-999.0,-999.0,-999.0,-999.0,4894.08,9.87,8.37,9.12,-83.27,-84.68,-83.97,16,75.3,16.0,0.13,214.18,219.68,1418.66,1805.33
Erinaceomorpha,Erinaceidae,Atelerix,frontalis,Atelerix frontalis,1,329.12,-999.0,181.82,10.0,-999.0,-999.0,-999.0,6,-999.0,37.13,1,-999.0,-999.0,-999.0,4.99,1.5,-999.0,10.55,52.6,-999.0,-999.0,411.43,1.0,6,1,2,34.8,-999.0,-999,678;1109;1297;1455;1456;2408;2629;2655;2786,-999.0,-999.0,-999.0,-999.0,1497998.13,-12.43,-33.62,-23.03,31.09,11.76,21.42,0,16.7,1.0,0.1,42.24,186.9,578.5,1322.65
Carnivora,Mustelidae,Hydrictis,maculicollis,Hydrictis maculicollis,2,4180.53,-999.0,594.08,-999.0,-999.0,-999.0,-999.0,1,-999.0,59.6,2,-999.0,-999.0,365.0,2.0,-999.0,-999.0,-999.0,-999.0,-999.0,-999.0,841.82,-999.0,4,1,3,60.48,-999.0,-999,1113;1297;2655;2986,-999.0,1.1,-999.0,-999.0,11363947.46,17.5,-33.77,-8.13,40.03,-13.29,13.37,0,37.8,1.0,0.13,106.5,237.71,1032.54,1534.3
Soricomorpha,Soricidae,Crocidura,paradoxura,Crocidura paradoxura,-999,-999.0,-999.0,-999.0,-999.0,-999.0,-999.0,-999.0,-999,-999.0,-999.0,-999,-999.0,-999.0,-999.0,-999.0,-999.0,-999.0,-999.0,-999.0,-999.0,-999.0,-999.0,-999.0,-999,-999,-999,-999.0,-999.0,-999,-999,-999.0,-999.0,-999.0,-999.0,6689.37,-0.3,-1.31,-0.8,101.15,100.56,100.85,30,78.33,30.0,0.04,298.66,226.66,1651.32,1827.31
Carnivora,Herpestidae,Galerella,ochracea,Galerella ochracea,-999,-999.0,-999.0,-999.0,-999.0,-999.0,-999.0,-999.0,-999,-999.0,-999.0,-999,-999.0,-999.0,-999.0,-999.0,-999.0,-999.0,-999.0,-999.0,-999.0,-999.0,-999.0,-999.0,-999,-999,-999,-999.0,-999.0,-999,-999,-999.0,-999.0,-999.0,-999.0,452479.81,10.95,-1.53,4.71,50.29,41.13,45.71,1,14.41,3.0,0.05,23.4,259.65,349.26,1777.71
Primates,Cebidae,Saguinus,tripartitus,Saguinus tripartitus,3,385.05,-999.0,-999.0,-999.0,-999.0,-999.0,-999.0,-999,-999.0,-999.0,1,-999.0,-999.0,-999.0,-999.0,-999.0,-999.0,-999.0,-999.0,-999.0,-999.0,-999.0,-999.0,-999,2,-999,-999.0,-999.0,-999,905;2151;2344;2655;2663,-999.0,-999.0,-999.0,-999.0,12544.34,-1.5,-2.49,-2.0,-75.82,-77.27,-76.55,1,1.37,1.0,0.06,331.24,265.37,1359.24,1360.49
Rodentia,Muridae,Crossomys,moncktoni,Crossomys moncktoni,3,168.42,-999.0,193.61,-999.0,-999.0,-999.0,-999.0,2,-999.0,-999.0,3,-999.0,-999.0,-999.0,1.07,-999.0,-999.0,-999.0,-999.0,-999.0,-999.0,-999.0,-999.0,4,1,3,-999.0,-999.0,-999,977;2152;2655;2803,-999.0,-999.0,-999.0,-999.0,47340.55,-5.14,-9.47,-7.31,147.67,142.29,144.98,1,20.88,5.0,0.11,370.04,167.51,1627.65,1647.21
Soricomorpha,Talpidae,Dymecodon,pilirostris,Dymecodon pilirostris,2,15.46,-999.0,65.87,-999.0,-999.0,-999.0,-999.0,1,-999.0,40.0,2,-999.0,-999.0,-999.0,3.0,1.0,-999.0,-999.0,-999.0,4999.99,2.0,-999.0,-999.0,-999,1,3,-999.0,-999.0,-999,2131;2741,-999.0,-999.0,-999.0,-999.0,19085.78,40.6,32.62,36.61,141.64,131.09,136.37,93,366.02,93.0,0.009792718,137.95,78.36,759.6,798.26
Soricomorpha,Soricidae,Crocidura,denti,Crocidura denti,-999,-999.0,-999.0,-999.0,-999.0,-999.0,-999.0,-999.0,-999,-999.0,-999.0,-999,-999.0,-999.0,-999.0,-999.0,-999.0,-999.0,-999.0,-999.0,-999.0,-999.0,-999.0,-999.0,-999,-999,-999,-999.0,-999.0,-999,-999,-999.0,-999.0,-999.0,-999.0,293305.47,4.35,-1.44,1.45,17.09,10.59,13.84,0,8.3,1.0,0.02,146.74,242.2,1364.18,1483.14
Primates,Atelidae,Alouatta,sara,Alouatta sara,3,6611.04,-999.0,-999.0,-999.0,-999.0,-999.0,-999.0,-999,-999.0,-999.0,-999,-999.0,-999.0,-999.0,-999.0,-999.0,-999.0,-999.0,-999.0,-999.0,-999.0,-999.0,-999.0,-999,-999,-999,-999.0,-999.0,-999,1544;2151;2655,-999.0,-999.0,-999.0,-999.0,526742.28,-9.94,-19.49,-14.72,-57.79,-69.22,-63.5,0,3.04,0.0,0.13,109.48,244.89,1270.73,1488.29
Carnivora,Felidae,Lynx,lynx,Lynx lynx,2,19300.0,-999.0,851.2,11.94,-999.0,-999.0,-999.0,1,239.99,66.99,1,136.35,137.96,365.0,2.3,1.0,321.6,289.0,-999.0,0.02,-999.0,739.52,-999.0,-999,1,3,81.85,-999.0,-999,542;543;730;1113;1297;1573;2338;2655,-999.0,-999.0,-999.0,-999.0,23827627.14,70.88,27.03,48.95,176.02,7.15,91.58,0,36.26,0.0,0.02,38.38,-17.24,346.68,538.37
Rodentia,Echimyidae,Echimys,chrysurus,Echimys chrysurus,1,609.99,-999.0,296.11,-999.0,-999.0,-999.0,-999.0,2,-999.0,-999.0,1,-999.0,-999.0,-999.0,1.94,-999.0,-999.0,-999.0,-999.0,6.2,-999.0,-999.0,1.0,-999,2,1,-999.0,-999.0,-999,730;905;1297;2151;2431;2655,-999.0,-999.0,-999.0,-999.0,1259228.06,6.89,-6.42,0.23,-45.29,-61.81,-53.55,0,6.45,0.0,0.11,162.77,252.94,1436.1,1674.17
Dasyuromorphia,Dasyuridae,Antechinus,flavipes,Antechinus flavipes,2,44.33,-999.0,-999.0,-999.0,-999.0,45.1,46.5,-999,-999.0,28.0,1,-999.0,-999.0,365.0,8.54,1.0,42.0,-999.0,-999.0,688.83,-999.0,334.58,-999.0,-999,1,-999,89.74,-999.0,-999,543;796;955;1052;1297;1760;1822;1848;2484;2655,-999.0,-999.0,-999.0,-999.0,953346.0,-15.31,-38.52,-26.92,153.63,114.97,134.3,0,11.76,0.0,0.04,62.29,169.41,675.87,1218.46
Rodentia,Geomyidae,Thomomys,idahoensis,Thomomys idahoensis,-999,-999.0,-999.0,-999.0,-999.0,-999.0,-999.0,-999.0,3,-999.0,-999.0,2,-999.0,-999.0,-999.0,-999.0,-999.0,-999.0,-999.0,-999.0,-999.0,-999.0,-999.0,-999.0,-999,1,1,-999.0,-999.0,-999,2151,-999.0,-999.0,-999.0,-999.0,98042.23,46.73,42.1,44.41,-109.52,-115.7,-112.61,0,3.34,0.0,0.06,32.99,31.3,370.55,748.37
Primates,Galagidae,Galago,cameronensis,Galago cameronensis,-999,-999.0,-999.0,-999.0,-999.0,-999.0,-999.0,-999.0,-999,-999.0,-999.0,-999,-999.0,-999.0,-999.0,-999.0,-999.0,-999.0,-999.0,-999.0,-999.0,-999.0,-999.0,-999.0,-999,-999,-999,-999.0,-999.0,-999,-999,-999.0,-999.0,-999.0,-999.0,107495.03,6.85,3.58,5.21,11.27,6.02,8.65,9,194.22,13.0,0.11,214.64,248.61,1247.89,1551.7
Artiodactyla,Bovidae,Raphicerus,sharpei,Raphicerus sharpei,1,9396.9,-999.0,679.99,-999.0,-999.0,-999.0,-999.0,3,-999.0,212.91,1,-999.0,-999.0,-999.0,1.0,-999.0,168.0,-999.0,-999.0,0.51,-999.0,-999.0,1.5,4,1,1,-999.0,-999.0,-999,730;869;1297;1848;2629;2655;2693,-999.0,-999.0,-999.0,-999.0,2548307.11,-3.42,-27.16,-15.29,40.84,22.67,31.75,1,25.4,2.0,0.16,78.96,221.75,845.74,1477.87
Rodentia,Octodontidae,Pipanacoctomys,aureus,Pipanacoctomys aureus,-999,-999.0,-999.0,-999.0,-999.0,-999.0,-999.0,-999.0,-999,-999.0,-999.0,-999,-999.0,-999.0,-999.0,-999.0,-999.0,-999.0,-999.0,-999.0,-999.0,-999.0,-999.0,-999.0,-999,-999,-999,-999.0,-999.0,-999,-999,-999.0,-999.0,-999.0,-999.0,-999.0,-999.0,-999.0,-999.0,-999.0,-999.0,-999.0,-999,-999.0,-999.0,-999.0,-999.0,-999.0,-999.0,-999.0
Rodentia,Cricetidae,Peromyscus,keeni,Peromyscus keeni,1,28.25,-999.0,93.49,-999.0,-999.0,46.69,28.3,-999,-999.0,-999.0,-999,0.003267089,0.002818206,-999.0,5.99,2.0,-999.0,-999.0,-999.0,1021.13,-999.0,-999.0,-999.0,-999,-999,-999,-999.0,-999.0,-999,51;1241;1297;1822;2151;2655,-999.0,-999.0,-999.0,-999.0,174924.33,58.28,45.65,51.97,-120.24,-136.43,-128.33,0,36.77,0.0,0.09,115.59,43.06,417.38,556.89
Rodentia,Bathyergidae,Cryptomys,bocagei,Cryptomys bocagei,-999,93.84,-999.0,-999.0,-999.0,-999.0,69.56,94.0,-999,-999.0,-999.0,-999,-999.0,-999.0,-999.0,-999.0,-999.0,-999.0,-999.0,-999.0,-999.0,-999.0,-999.0,-999.0,-999,-999,-999,-999.0,-999.0,-999,250;1822;2655,-999.0,-999.0,-999.0,-999.0,754390.24,-10.15,-16.04,-13.1,27.12,12.67,19.9,1,8.48,1.0,0.27,93.91,209.32,876.57,1393.4
Lagomorpha,Ochotonidae,Ochotona,alpina,Ochotona alpina,-999,150.0,-999.0,175.0,-999.0,-999.0,-999.0,-999.0,-999,-999.0,28.98,1,-999.0,-999.0,-999.0,3.07,2.0,36.0,8.19,-999.0,812.4,-999.0,377.57,-999.0,-999,1,-999,21.0,-999.0,-999,95;401;1297;2646;2647;2655,-999.0,-999.0,-999.0,-999.0,880723.78,54.55,38.02,46.28,123.71,83.93,103.82,0,2.88,1.0,0.02,23.77,-63.82,303.38,488.71
Carnivora,Otariidae,Arctocephalus,australis,Arctocephalus australis,1,67979.43,-999.0,1647.58,0.0,-999.0,-999.0,-999.0,6,-999.0,246.38,2,-999.0,-999.0,365.0,1.0,-999.0,252.0,4449.71,-999.0,-999.0,-999.0,1729.33,-999.0,-999,1,2,365.0,18583.3,-999,367;890;1297;1763;2151;2655,-999.0,1.1,-999.0,-999.0,-999.0,-999.0,-999.0,-999.0,-999.0,-999.0,-999.0,-999,-999.0,-999.0,-999.0,-999.0,-999.0,-999.0,-999.0
Dasyuromorphia,Dasyuridae,Antechinomys,laniger,Antechinomys laniger,2,25.57,-999.0,-999.0,-999.0,-999.0,24.4,24.9,-999,-999.0,11.74,1,-999.0,-999.0,183.0,5.99,1.5,39.6,-999.0,-999.0,-999.0,-999.0,393.87,-999.0,-999,1,-999,91.24,-999.0,-999,543;955;1052;1297;1412;1760;1822;2655,-999.0,-999.0,-999.0,-999.0,2523957.06,-19.46,-34.73,-27.09,148.7,113.77,131.24,0,0.03,0.0,0.02,21.07,205.94,278.99,1292.12
Rodentia,Capromyidae,Geocapromys,brownii,Geocapromys brownii,1,1497.48,-999.0,378.14,0.0,365.0,-999.0,-999.0,4,-999.0,120.0,2,-999.0,-999.0,168.0,1.73,2.0,99.6,-999.0,-999.0,-999.0,-999.0,-999.0,7.0,-999,2,1,2.17,-999.0,-999,88;543;899;1297;2151;2655,-999.0,-999.0,-999.0,-999.0,11081.39,18.52,17.7,18.11,-76.18,-78.36,-77.27,96,222.21,96.0,0.04,172.66,240.33,-999.0,-999.0
Primates,Hylobatidae,Nomascus,siki,Nomascus siki,-999,-999.0,-999.0,-999.0,-999.0,-999.0,-999.0,-999.0,-999,-999.0,-999.0,-999,-999.0,-999.0,-999.0,-999.0,-999.0,-999.0,-999.0,-999.0,-999.0,-999.0,-999.0,-999.0,-999,-999,-999,-999.0,-999.0,-999,-999,-999.0,-999.0,-999.0,-999.0,83883.77,19.77,15.35,17.56,108.45,104.87,106.66,7,157.93,10.0,0.12,196.94,227.04,1265.05,1496.63
Sirenia,Trichechidae,Trichechus,senegalensis,Trichechus senegalensis,-999,454000.0,-999.0,3499.99,-999.0,-999.0,-999.0,-999.0,5,-999.0,380.2,1,-999.0,-999.0,-999.0,1.0,-999.0,-999.0,-999.0,-999.0,-999.0,-999.0,-999.0,4.0,2,-999,2,-999.0,-999.0,-999,890;899;1297;1423;2151;2655,-999.0,-999.0,-999.0,-999.0,-999.0,-999.0,-999.0,-999.0,-999.0,-999.0,-999.0,-999,-999.0,-999.0,-999.0,-999.0,-999.0,-999.0,-999.0
Chiroptera,Phyllostomidae,Sturnira,oporaphilum,Sturnira oporaphilum,-999,21.99,45.99,-999.0,-999.0,-999.0,-999.0,-999.0,-999,-999.0,-999.0,-999,-999.0,-999.0,-999.0,-999.0,-999.0,-999.0,-999.0,-999.0,-999.0,-999.0,-999.0,-999.0,-999,-999,-999,-999.0,-999.0,-999,1658;2622,-999.0,-999.0,-999.0,-999.0,791859.53,-8.31,-25.12,-16.72,-63.0,-74.99,-68.99,0,8.03,0.0,0.12,137.9,196.4,1172.16,1483.77
Rodentia,Cricetidae,Myodes,imaizumii,Myodes imaizumii,-999,-999.0,-999.0,-999.0,-999.0,-999.0,-999.0,-999.0,-999,-999.0,-999.0,-999,-999.0,-999.0,-999.0,-999.0,-999.0,-999.0,-999.0,-999.0,-999.0,-999.0,-999.0,-999.0,-999,-999,-999,-999.0,-999.0,-999,-999,-999.0,-999.0,-999.0,-999.0,-999.0,-999.0,-999.0,-999.0,-999.0,-999.0,-999.0,-999,-999.0,-999.0,-999.0,-999.0,-999.0,-999.0,-999.0
Rodentia,Gliridae,Graphiurus,monardi,Graphiurus monardi,-999,-999.0,-999.0,-999.0,-999.0,-999.0,-999.0,-999.0,-999,-999.0,-999.0,-999,-999.0,-999.0,-999.0,-999.0,-999.0,-999.0,-999.0,-999.0,-999.0,-999.0,-999.0,-999.0,-999,-999,-999,-999.0,-999.0,-999,-999,-999.0,-999.0,-999.0,-999.0,126848.47,-10.19,-13.85,-12.02,25.88,20.21,23.04,1,3.2,1.5,0.33,105.35,214.48,899.68,1438.73
Primates,Cercopithecidae,Trachypithecus,delacouri,Trachypithecus delacouri,3,-999.0,-999.0,577.49,-999.0,-999.0,-999.0,-999.0,3,-999.0,-999.0,-999,-999.0,-999.0,-999.0,1.5,0.5,-999.0,-999.0,-999.0,-999.0,-999.0,-999.0,-999.0,-999,-999,1,-999.0,-999.0,-999,1015;1544;1848,4902.69,-999.0,-999.0,-999.0,33489.77,21.54,18.25,19.9,106.29,104.61,105.45,22,412.99,30.0,0.1,131.41,212.48,1073.8,1209.24
Peramelemorphia,Peramelidae,Perameles,eremiana,Perameles eremiana,2,499.99,-999.0,-999.0,-999.0,-999.0,-999.0,-999.0,2,-999.0,-999.0,2,-999.0,-999.0,-999.0,2.0,-999.0,-999.0,-999.0,-999.0,-999.0,-999.0,-999.0,-999.0,-999,1,2,-999.0,-999.0,-999,955;1297;1760;2655,-999.0,-999.0,-999.0,-999.0,-999.0,-999.0,-999.0,-999.0,-999.0,-999.0,-999.0,-999,-999.0,-999.0,-999.0,-999.0,-999.0,-999.0,-999.0
Diprotodontia,Pseudocheiridae,Hemibelideus,lemuroides,Hemibelideus lemuroides,-999,993.59,-999.0,-999.0,-999.0,-999.0,-999.0,-999.0,-999,-999.0,-999.0,1,-999.0,-999.0,365.0,1.0,-999.0,48.0,-999.0,-999.0,700.0,-999.0,-999.0,-999.0,-999,2,-999,-999.0,-999.0,-999,543;955;1412;1760;2655,-999.0,1.1,-999.0,-999.0,22321.21,-16.35,-19.27,-17.81,145.89,144.46,145.17,0,1.05,0.0,0.0,103.34,214.44,1061.51,1683.81
Chiroptera,Molossidae,Mops,niveiventer,Mops niveiventer,-999,21.82,-999.0,-999.0,-999.0,-999.0,-999.0,-999.0,1,-999.0,-999.0,1,-999.0,-999.0,-999.0,1.0,-999.0,-999.0,-999.0,-999.0,-999.0,-999.0,-999.0,-999.0,-999,2,3,-999.0,-999.0,-999,196;1297;2151;2655;2719,-999.0,-999.0,-999.0,-999.0,3527085.25,-6.31,-25.08,-15.7,40.84,12.38,26.61,1,19.44,1.0,0.18,88.44,221.31,882.82,1462.73
Primates,Cebidae,Saguinus,nigricollis,Saguinus nigricollis,3,450.0,-999.0,-999.0,-999.0,850.45,-999.0,-999.0,-999,-999.0,-999.0,1,0.25,0.4,-999.0,1.82,-999.0,182.4,43.58,-999.0,13.33,-999.0,-999.0,6.3,-999,2,-999,82.53,175.0,-999,208;543;730;905;1125;1297;1544;1547;1611;2151;2344;2520;2655;2660;2663;2986,-999.0,-999.0,-999.0,-999.0,63703.04,-1.83,-4.25,-3.04,-68.12,-73.22,-70.67,0,2.1,0.0,0.09,256.15,261.18,1480.78,1481.12
Dasyuromorphia,Dasyuridae,Pseudantechinus,ningbing,Pseudantechinus ningbing,2,20.74,-999.0,-999.0,-999.0,-999.0,-999.0,-999.0,-999,-999.0,46.71,1,-999.0,-999.0,365.0,4.0,-999.0,24.0,-999.0,-999.0,-999.0,-999.0,348.62,-999.0,-999,1,-999,111.68,-999.0,-999,955;1297;1760;2655,-999.0,1.1,-999.0,-999.0,167787.21,-13.73,-17.64,-15.69,129.8,123.42,126.61,0,0.0,0.0,-999.0,65.5,273.14,753.25,1771.15
Rodentia,Muridae,Chiropodomys,karlkoopmani,Chiropodomys karlkoopmani,-999,-999.0,-999.0,-999.0,-999.0,-999.0,-999.0,-999.0,-999,-999.0,-999.0,-999,-999.0,-999.0,-999.0,-999.0,-999.0,-999.0,-999.0,-999.0,-999.0,-999.0,-999.0,-999.0,-999,-999,-999,-999.0,-999.0,-999,-999,-999.0,-999.0,-999.0,-999.0,4520.24,-0.91,-2.85,-1.88,100.22,98.58,99.4,43,48.71,43.0,0.1,340.0,259.0,-999.0,-999.0
Chiroptera,Hipposideridae,Hipposideros,jonesi,Hipposideros jonesi,-999,5.49,49.5,-999.0,-999.0,-999.0,-999.0,-999.0,-999,-999.0,-999.0,1,-999.0,-999.0,-999.0,-999.0,-999.0,-999.0,-999.0,-999.0,-999.0,-999.0,-999.0,-999.0,-999,2,-999,-999.0,-999.0,-999,1658;2151;2622;2655,-999.0,-999.0,-999.0,-999.0,837179.2,11.17,5.61,8.39,4.86,-12.84,-3.98,3,53.15,7.0,0.11,129.51,263.47,1141.6,1571.73
Rodentia,Hystricidae,Atherurus,africanus,Atherurus africanus,1,2875.65,-999.0,430.99,0.0,-999.0,-999.0,-999.0,5,-999.0,108.18,2,0.12,0.1,-999.0,1.5,2.75,274.8,146.27,180.0,-999.0,-999.0,-999.0,1.0,-999,2,2,45.37,-999.0,-999,543;903;904;1297;1573;2151;2359;2655,-999.0,-999.0,-999.0,-999.0,5140711.56,12.42,-12.53,-0.05,36.65,-16.62,10.01,0,44.07,1.0,0.12,139.92,240.77,1261.44,1545.9
Diprotodontia,Macropodidae,Macropus,robustus,Macropus robustus,1,25978.92,-999.0,-999.0,-999.0,-999.0,5453.5,29650.0,1,-999.0,34.59,1,0.98,0.71,258.54,1.0,-999.0,288.0,0.7,-999.0,40.0,-999.0,714.3,1.92,-999,1,1,366.19,4743.41,-999,543;634;730;955;1297;1412;1501;1573;1760;1822;1848;2484;2655,-999.0,1.31,-999.0,-999.0,6741241.31,-11.11,-36.78,-23.95,153.63,113.14,133.39,0,2.47,0.0,0.03,36.44,216.05,446.35,1378.84
Primates,Cercopithecidae,Mandrillus,leucophaeus,Mandrillus leucophaeus,3,14253.3,-999.0,700.0,-999.0,1825.0,-999.0,-999.0,3,-999.0,179.22,1,-999.0,-999.0,513.43,1.01,0.5,400.8,718.15,-999.0,-999.0,22.5,1745.96,17.0,-999,1,2,486.66,-999.0,-999,208;543;899;1297;1544;1547;1848;2344;2489;2493;2655;2660;2986,-999.0,-999.0,-999.0,-999.0,106294.34,7.22,3.2,5.21,11.41,7.93,9.67,7,91.24,10.0,0.1,203.29,242.78,1219.88,1533.71
Primates,Atelidae,Oreonax,flavicauda,Oreonax flavicauda,3,8229.12,-999.0,550.38,-999.0,-999.0,-999.0,-999.0,4,-999.0,225.0,2,-999.0,-999.0,-999.0,1.0,-999.0,-999.0,-999.0,-999.0,6.46,13.0,1683.65,9.1,-999,2,1,-999.0,-999.0,-999,730;899;905;1297;1544;1547;1848;2151;2344;2371;2463;2655,-999.0,-999.0,-999.0,-999.0,33168.59,-6.26,-9.51,-7.89,-76.03,-77.97,-77.0,4,14.6,5.0,0.15,127.89,164.83,1191.15,1482.23
Didelphimorphia,Didelphidae,Caluromys,philander,Caluromys philander,1,246.47,-999.0,224.27,75.0,334.58,-999.0,-999.0,4,-999.0,23.99,2,0.009960363,0.02,166.5,4.18,2.0,76.0,0.2,10.0,62.32,-999.0,314.52,1.0,7,2,2,119.65,23.0,-999,133;256;543;730;889;890;905;955;1297;1533;1534;1573;1760;1773;2151;2159;2225;2431;2655,-999.0,-999.0,-999.0,-999.0,3212264.13,12.2,-24.58,-6.19,-40.35,-72.87,-56.61,0,39.68,0.0,0.12,144.03,239.14,1356.51,1583.7
Chiroptera,Phyllostomidae,Choeroniscus,minor,Choeroniscus minor,-999,8.63,35.49,-999.0,-999.0,-999.0,-999.0,-999.0,2,-999.0,-999.0,1,-999.0,-999.0,-999.0,0.98,-999.0,-999.0,-999.0,-999.0,-999.0,-999.0,-999.0,-999.0,-999,2,2,-999.0,-999.0,-999,26;108;196;889;1297;1658;2143;2151;2622;2655,-999.0,-999.0,-999.0,-999.0,6447650.32,10.01,-17.41,-3.7,-44.36,-81.35,-62.85,0,9.15,0.0,0.12,173.43,241.56,1414.88,1583.68
Primates,Cebidae,Cebus,kaapori,Cebus kaapori,3,3000.0,-999.0,-999.0,-999.0,-999.0,-999.0,-999.0,-999,-999.0,-999.0,-999,-999.0,-999.0,-999.0,-999.0,-999.0,-999.0,-999.0,-999.0,-999.0,-999.0,-999.0,-999.0,-999,-999,-999,-999.0,-999.0,-999,1017;1813,-999.0,-999.0,-999.0,-999.0,83826.99,-1.84,-4.16,-3.0,-44.79,-49.47,-47.13,3,11.22,3.0,0.11,162.46,248.27,1334.36,1679.89
Didelphimorphia,Didelphidae,Thylamys,pallidior,Thylamys pallidior,1,15.34,-999.0,85.87,-999.0,-999.0,-999.0,-999.0,-999,-999.0,-999.0,2,-999.0,-999.0,-999.0,-999.0,-999.0,-999.0,-999.0,-999.0,-999.0,-999.0,-999.0,-999.0,-999,2,-999,-999.0,-999.0,-999,889;890;1760;2655,-999.0,-999.0,-999.0,-999.0,341665.68,-14.73,-27.2,-20.97,-63.05,-68.84,-65.94,1,18.81,1.0,0.12,65.29,140.71,826.32,1380.51
Diprotodontia,Macropodidae,Petrogale,lateralis,Petrogale lateralis,-999,4567.88,-999.0,-999.0,-999.0,-999.0,-999.0,-999.0,-999,-999.0,-999.0,1,-999.0,-999.0,-999.0,1.0,-999.0,144.0,-999.0,-999.0,275.0,-999.0,-999.0,-999.0,-999,1,-999,-999.0,-999.0,-999,955;1760;1848;2655,-999.0,-999.0,-999.0,-999.0,299435.81,-18.19,-34.38,-26.28,137.28,113.65,125.46,0,0.06,0.0,0.0,22.25,225.61,309.14,1378.94
Cingulata,Dasypodidae,Tolypeutes,matacus,Tolypeutes matacus,2,1303.47,-999.0,-999.0,-999.0,-999.0,209.96,1160.0,3,-999.0,125.14,2,-999.0,-999.0,-999.0,1.0,-999.0,-999.0,113.0,-999.0,7.0,-999.0,330.37,1.0,-999,1,2,71.79,-999.0,-999,403;890;1297;1822;1946;1947;2151;2655,-999.0,-999.0,-999.0,-999.0,1839317.09,-12.18,-34.83,-23.51,-53.68,-68.83,-61.26,0,7.08,0.0,0.12,86.56,213.39,985.55,1294.48
Rodentia,Sciuridae,Sundasciurus,tenuis,Sundasciurus tenuis,-999,74.87,-999.0,168.37,-999.0,-999.0,-999.0,-999.0,5,-999.0,-999.0,1,-999.0,-999.0,-999.0,3.11,-999.0,-999.0,-999.0,-999.0,141.72,-999.0,-999.0,-999.0,5,2,2,-999.0,-999.0,-999,730;1297;2152;2655;2844,-999.0,-999.0,-999.0,-999.0,1174126.61,7.73,-5.94,0.89,118.18,95.18,106.68,1,75.36,4.0,0.14,240.93,248.44,1682.53,1733.08
Rodentia,Heteromyidae,Chaetodipus,intermedius,Chaetodipus intermedius,-999,14.94,-999.0,-999.0,-999.0,-999.0,15.62,14.6,-999,-999.0,-999.0,-999,-999.0,-999.0,-999.0,5.53,-999.0,-999.0,-999.0,-999.0,425.17,-999.0,-999.0,-999.0,-999,-999,-999,-999.0,-999.0,-999,730;1297;1514;1822;2411;2655,-999.0,-999.0,-999.0,-999.0,511920.17,37.45,26.99,32.22,-102.99,-114.94,-108.97,0,13.51,0.0,0.16,24.36,160.66,364.0,1166.0
Rodentia,Sciuridae,Marmota,caligata,Marmota caligata,-999,2253.71,-999.0,-999.0,-999.0,-999.0,-999.0,-999.0,-999,714.87,30.0,-999,-999.0,-999.0,-999.0,4.67,0.5,-999.0,-999.0,-999.0,-999.0,-999.0,827.69,3.0,-999,-999,-999,24.36,-999.0,-999,116;183;1297;2600;2655,-999.0,-999.0,-999.0,-999.0,2528757.24,70.36,44.81,57.58,-112.02,-166.83,-139.43,0,3.54,0.0,0.09,48.31,-52.81,270.59,326.85
Rodentia,Muridae,Gerbilliscus,robustus,Gerbilliscus robustus,-999,95.99,-999.0,-999.0,-999.0,-999.0,-999.0,-999.0,-999,-999.0,-999.0,-999,-999.0,-999.0,-999.0,5.26,-999.0,-999.0,-999.0,-999.0,-999.0,-999.0,-999.0,-999.0,-999,-999,-999,-999.0,-999.0,-999,1297;2655,-999.0,-999.0,-999.0,-999.0,4584937.39,16.42,-8.12,4.15,48.18,-5.75,21.21,0,31.56,1.0,0.11,65.34,241.77,777.37,1615.12
Didelphimorphia,Didelphidae,Philander,mcilhennyi,Philander mcilhennyi,-999,-999.0,-999.0,-999.0,-999.0,-999.0,-999.0,-999.0,-999,-999.0,-999.0,-999,-999.0,-999.0,-999.0,-999.0,-999.0,27.6,-999.0,-999.0,-999.0,-999.0,-999.0,-999.0,-999,-999,-999,-999.0,-999.0,-999,543,-999.0,-999.0,-999.0,-999.0,-999.0,-999.0,-999.0,-999.0,-999.0,-999.0,-999.0,-999,-999.0,-999.0,-999.0,-999.0,-999.0,-999.0,-999.0
Rodentia,Muridae,Pelomys,minor,Pelomys minor,-999,49.99,-999.0,-999.0,-999.0,-999.0,-999.0,-999.0,-999,-999.0,-999.0,-999,-999.0,-999.0,-999.0,2.5,-999.0,-999.0,-999.0,-999.0,-999.0,-999.0,-999.0,-999.0,-999,-999,-999,-999.0,-999.0,-999,1297;2655,-999.0,-999.0,-999.0,-999.0,1043824.08,-2.83,-12.66,-7.74,32.25,19.48,25.87,2,21.2,2.0,0.16,111.73,225.67,1013.49,1505.29
Lagomorpha,Ochotonidae,Ochotona,rutila,Ochotona rutila,-999,-999.0,-999.0,208.83,-999.0,-999.0,-999.0,-999.0,2,-999.0,-999.0,1,-999.0,-999.0,-999.0,4.1,2.5,-999.0,-999.0,-999.0,726.63,-999.0,377.57,-999.0,-999,1,1,-999.0,-999.0,-999,95;401;1297;2646;2647;2988,260.07,-999.0,-999.0,-999.0,271593.43,44.05,37.88,40.96,79.54,67.38,73.46,0,54.47,4.0,0.04,22.84,12.61,276.16,798.01
Rodentia,Sciuridae,Prosciurillus,rosenbergii,Prosciurillus rosenbergii,-999,-999.0,-999.0,-999.0,-999.0,-999.0,-999.0,-999.0,-999,-999.0,-999.0,-999,-999.0,-999.0,-999.0,-999.0,-999.0,-999.0,-999.0,-999.0,-999.0,-999.0,-999.0,-999.0,-999,-999,-999,-999.0,-999.0,-999,-999,-999.0,-999.0,-999.0,-999.0,-999.0,-999.0,-999.0,-999.0,-999.0,-999.0,-999.0,-999,-999.0,-999.0,-999.0,-999.0,-999.0,-999.0,-999.0
Carnivora,Herpestidae,Herpestes,vitticollis,Herpestes vitticollis,2,2380.0,-999.0,476.76,-999.0,-999.0,-999.0,-999.0,-999,-999.0,-999.0,1,-999.0,-999.0,-999.0,2.73,-999.0,-999.0,-999.0,-999.0,-999.0,-999.0,-999.0,-999.0,-999,1,-999,-999.0,-999.0,-999,1113;1297;2655,-999.0,-999.0,-999.0,-999.0,197229.0,15.02,5.91,10.47,81.88,74.69,78.28,68,377.61,103.0,0.06,129.65,258.43,1109.68,1606.98
Paucituberculata,Caenolestidae,Rhyncholestes,raphanurus,Rhyncholestes raphanurus,2,21.94,-999.0,113.27,-999.0,-999.0,-999.0,-999.0,6,-999.0,-999.0,2,-999.0,-999.0,-999.0,-999.0,-999.0,-999.0,-999.0,-999.0,-999.0,-999.0,-999.0,-999.0,7,2,2,-999.0,-999.0,-999,889;899;1760;2008;2230;2290;2655,-999.0,-999.0,-999.0,-999.0,14638.53,-40.47,-43.32,-41.9,-71.95,-74.17,-73.06,4,18.6,4.0,0.07,159.95,85.78,716.14,756.66
Chiroptera,Hipposideridae,Hipposideros,cineraceus,Hipposideros cineraceus,-999,3.84,34.92,-999.0,-999.0,-999.0,-999.0,-999.0,1,-999.0,-999.0,1,-999.0,-999.0,-999.0,0.98,-999.0,-999.0,-999.0,-999.0,-999.0,-999.0,-999.0,-999.0,-999,2,3,-999.0,-999.0,-999,83;679;1297;1658;2143;2151;2622;2655,-999.0,-999.0,-999.0,-999.0,1962284.84,32.47,-7.01,12.73,122.0,70.81,96.41,1,166.79,9.0,0.09,167.22,228.29,1146.79,1481.11
Rodentia,Spalacidae,Myospalax,myospalax,Myospalax myospalax,-999,225.0,-999.0,-999.0,-999.0,-999.0,-999.0,-999.0,-999,-999.0,-999.0,-999,-999.0,-999.0,-999.0,4.5,1.0,-999.0,-999.0,-999.0,-999.0,-999.0,-999.0,-999.0,-999,-999,-999,-999.0,-999.0,-999,1297;2655,-999.0,-999.0,-999.0,-999.0,327057.07,58.45,46.1,52.28,86.92,80.46,83.69,1,15.98,1.0,0.02,30.1,-8.48,377.12,491.5
Primates,Cebidae,Cebus,albifrons,Cebus albifrons,3,2509.68,-999.0,384.28,-999.0,1467.3,-999.0,-999.0,5,-999.0,158.29,2,0.53,0.15,547.5,1.01,-999.0,528.0,231.92,-999.0,16.79,-999.0,1501.69,25.0,-999,2,2,270.32,917.69,-999,208;543;730;890;1017;1297;1544;1547;1611;1763;1768;1848;2151;2251;2344;2463;2489;2493;2511;2655;2660;2986,-999.0,0.89,-999.0,-999.0,3105886.13,11.56,-13.21,-0.82,-55.24,-81.0,-68.12,0,8.75,0.0,0.11,192.99,252.69,1466.66,1559.7
Rodentia,Echimyidae,Proechimys,guairae,Proechimys guairae,1,349.28,-999.0,-999.0,-999.0,-999.0,-999.0,-999.0,2,-999.0,62.99,1,0.006001134,0.005521342,-999.0,2.79,4.4,-999.0,25.45,-999.0,389.74,-999.0,73.21,1.0,-999,1,1,10.21,-999.0,-999,31;730;905;1297;1594;1627;2151;2159;2458;2655,-999.0,-999.0,-999.0,-999.0,201471.68,11.52,6.37,8.95,-61.84,-72.61,-67.22,3,103.54,6.0,0.12,98.28,248.46,1275.26,1753.78
Chiroptera,Hipposideridae,Hipposideros,durgadasi,Hipposideros durgadasi,-999,-999.0,-999.0,-999.0,-999.0,-999.0,-999.0,-999.0,-999,-999.0,-999.0,-999,-999.0,-999.0,-999.0,-999.0,-999.0,-999.0,-999.0,-999.0,-999.0,-999.0,-999.0,-999.0,-999,-999,-999,-999.0,-999.0,-999,-999,-999.0,-999.0,-999.0,-999.0,18651.07,23.57,22.13,22.85,80.41,78.97,79.69,90,165.69,90.0,0.09,115.65,248.78,726.58,1419.71
Diprotodontia,Potoroidae,Potorous,longipes,Potorous longipes,1,1835.06,-999.0,359.99,-999.0,-999.0,-999.0,-999.0,3,-999.0,38.0,1,0.29,0.27,151.0,1.0,-999.0,120.0,-999.0,-999.0,40.0,-999.0,855.56,-999.0,-999,1,1,161.0,508.03,-999,899;955;1297;1573;1760;2655,-999.0,1.72,-999.0,-999.0,7279.9,-36.42,-37.76,-37.09,149.05,146.32,147.69,1,1.84,1.0,0.07,64.39,98.93,682.63,900.8
Diprotodontia,Macropodidae,Lagorchestes,hirsutus,Lagorchestes hirsutus,1,1407.14,-999.0,-999.0,-999.0,-999.0,-999.0,-999.0,3,-999.0,-999.0,1,-999.0,-999.0,125.0,1.0,-999.0,96.0,-999.0,-999.0,18.13,-999.0,373.77,8.0,-999,1,1,150.0,499.99,-999,511;899;955;1412;1760;1848;2655;2986,-999.0,1.89,-999.0,-999.0,89.5,-24.76,-25.27,-25.01,113.16,113.05,113.11,0,0.0,0.0,-999.0,-999.0,-999.0,-999.0,-999.0
Chiroptera,Phyllostomidae,Platyrrhinus,vittatus,Platyrrhinus vittatus,-999,37.01,57.11,81.99,-999.0,-999.0,-999.0,-999.0,1,-999.0,-999.0,1,-999.0,-999.0,-999.0,0.98,-999.0,-999.0,-999.0,-999.0,-999.0,-999.0,-999.0,-999.0,-999,2,1,-999.0,-999.0,-999,108;196;889;892;1297;1658;2151;2622;2655;2719,-999.0,-999.0,-999.0,-999.0,2096484.1,12.46,-19.72,-3.62,-61.23,-85.85,-73.54,0,45.65,1.0,0.11,136.79,199.26,1216.52,1514.99
Carnivora,Felidae,Leopardus,guigna,Leopardus guigna,-999,-999.0,-999.0,-999.0,-999.0,-999.0,-999.0,-999.0,-999,-999.0,-999.0,-999,-999.0,-999.0,-999.0,-999.0,-999.0,-999.0,-999.0,-999.0,-999.0,-999.0,-999.0,-999.0,-999,-999,-999,-999.0,-999.0,-999,-999,-999.0,-999.0,-999.0,-999.0,190039.77,-32.75,-46.04,-39.4,-70.66,-74.4,-72.53,0,47.1,0.0,0.06,102.85,83.63,570.8,785.42
Artiodactyla,Suidae,Babyrousa,celebensis,Babyrousa celebensis,-999,-999.0,-999.0,-999.0,-999.0,-999.0,-999.0,-999.0,-999,-999.0,-999.0,-999,-999.0,-999.0,-999.0,-999.0,-999.0,-999.0,-999.0,-999.0,-999.0,-999.0,-999.0,-999.0,-999,-999,-999,-999.0,-999.0,-999,-999,-999.0,-999.0,-999.0,-999.0,47657.62,1.55,-4.31,-1.37,125.29,119.82,122.55,17,45.21,17.0,0.07,231.15,206.52,1808.07,1884.79
Chiroptera,Vespertilionidae,Barbastella,leucomelas,Barbastella leucomelas,-999,15.05,41.49,-999.0,-999.0,-999.0,-999.0,-999.0,-999,-999.0,-999.0,1,-999.0,-999.0,-999.0,-999.0,-999.0,-999.0,-999.0,-999.0,-999.0,-999.0,-999.0,-999.0,-999,2,-999,-999.0,-999.0,-999,1658;2151;2622;2655,-999.0,-999.0,-999.0,-999.0,3609915.54,45.52,15.46,30.49,145.82,33.91,89.86,0,143.24,1.0,0.08,84.55,82.03,630.25,997.18
Carnivora,Mustelidae,Galictis,vittata,Galictis vittata,-999,-999.0,-999.0,-999.0,-999.0,-999.0,-999.0,-999.0,-999,-999.0,-999.0,-999,-999.0,-999.0,-999.0,-999.0,-999.0,-999.0,-999.0,-999.0,-999.0,-999.0,-999.0,-999.0,-999,-999,-999,-999.0,-999.0,-999,-999,-999.0,-999.0,-999.0,-999.0,10078448.48,23.11,-16.1,3.5,-34.79,-98.67,-66.73,0,18.86,0.0,0.12,159.64,247.98,1331.26,1576.89
Rodentia,Chinchillidae,Chinchilla,lanigera,Chinchilla lanigera,2,480.28,-999.0,305.0,-999.0,-999.0,282.1,403.0,6,-999.0,112.47,1,-999.0,-999.0,-999.0,1.87,-999.0,135.6,39.59,-999.0,958.94,100.0,222.33,-999.0,6,1,1,-999.0,-999.0,-999,511;543;890;899;1297;1492;1577;1627;1822;2151;2655,-999.0,-999.0,-999.0,-999.0,36255.13,-28.24,-32.54,-30.39,-70.32,-71.71,-71.01,1,18.86,1.0,0.04,11.48,72.17,154.67,1160.86
Chiroptera,Vespertilionidae,Hesperoptenus,gaskelli,Hesperoptenus gaskelli,-999,-999.0,39.5,-999.0,-999.0,-999.0,-999.0,-999.0,-999,-999.0,-999.0,1,-999.0,-999.0,-999.0,-999.0,-999.0,-999.0,-999.0,-999.0,-999.0,-999.0,-999.0,-999.0,-999,2,-999,-999.0,-999.0,-999,1658;2151,9.4,-999.0,-999.0,-999.0,8.89,-1.83,-1.86,-1.85,121.51,121.48,121.5,17,17.0,17.0,0.13,237.0,206.0,1795.0,1923.0
Rodentia,Muridae,Apodemus,mystacinus,Apodemus mystacinus,-999,43.84,-999.0,-999.0,-999.0,-999.0,70.64,42.3,-999,-999.0,23.0,-999,-999.0,-999.0,-999.0,3.88,2.0,-999.0,3.0,-999.0,-999.0,-999.0,-999.0,-999.0,-999,-999,-999,-999.0,-999.0,-999,1297;1822;2655,-999.0,-999.0,-999.0,-999.0,801977.78,43.24,31.94,37.59,44.36,23.52,33.94,0,97.01,26.0,0.07,50.44,104.26,427.01,1012.79
Chiroptera,Phyllostomidae,Vampyressa,brocki,Vampyressa brocki,-999,48.0,33.5,-999.0,-999.0,-999.0,-999.0,-999.0,-999,-999.0,-999.0,1,-999.0,-999.0,-999.0,-999.0,-999.0,-999.0,-999.0,-999.0,-999.0,-999.0,-999.0,-999.0,-999,2,-999,-999.0,-999.0,-999,1658;2151;2622,-999.0,-999.0,-999.0,-999.0,813032.62,7.06,-5.53,0.76,-54.07,-71.77,-62.92,0,1.96,0.0,0.11,171.14,258.51,1514.43,1648.9
Rodentia,Geomyidae,Geomys,tropicalis,Geomys tropicalis,-999,349.99,-999.0,172.85,-999.0,-999.0,-999.0,-999.0,4,-999.0,-999.0,2,-999.0,-999.0,-999.0,4.0,-999.0,84.0,-999.0,-999.0,-999.0,1.0,157.32,-999.0,-999,1,1,30.24,-999.0,-999,155;1015;2151;2655,-999.0,-999.0,-999.0,-999.0,254.65,22.55,22.35,22.45,-97.82,-97.98,-97.9,25,256.91,25.0,0.1,-999.0,-999.0,-999.0,-999.0
Hyracoidea,Procaviidae,Dendrohyrax,arboreus,Dendrohyrax arboreus,1,2981.11,-999.0,499.99,-999.0,-999.0,-999.0,-999.0,3,-999.0,229.06,1,-999.0,-999.0,-999.0,1.51,-999.0,147.6,-999.0,-999.0,22.67,-999.0,510.44,1.0,-999,2,1,152.08,-999.0,-999,543;658;730;1015;1063;1297;1848;2151;2629;2655,-999.0,-999.0,-999.0,-999.0,2556176.38,1.56,-33.75,-16.09,40.07,21.66,30.86,0,47.8,2.0,0.18,84.78,214.69,926.84,1497.2
Chiroptera,Phyllostomidae,Sturnira,bidens,Sturnira bidens,-999,18.05,41.49,-999.0,-999.0,-999.0,-999.0,-999.0,1,-999.0,-999.0,1,-999.0,-999.0,-999.0,0.99,2.0,-999.0,-999.0,25.02,-999.0,-999.0,-999.0,-999.0,-999,2,1,-999.0,-999.0,-999,889;1050;1297;1658;2046;2151;2655;3023,-999.0,-999.0,1.29,-999.0,381210.45,8.93,-12.83,-1.95,-69.71,-79.11,-74.41,1,47.83,2.0,0.1,145.74,191.0,1295.76,1481.68
Didelphimorphia,Didelphidae,Chironectes,minimus,Chironectes minimus,1,974.33,-999.0,297.5,41.5,-999.0,548.68,946.0,4,-999.0,-999.0,3,-999.0,-999.0,365.0,3.24,-999.0,36.0,-999.0,-999.0,-999.0,-999.0,344.87,1.0,4,1,2,108.36,70.0,-999,543;889;890;905;955;1297;1412;1822;1887;2151;2655,-999.0,1.1,-999.0,-999.0,3719496.58,18.97,-32.23,-6.63,-41.14,-100.29,-70.72,0,42.52,0.0,0.11,161.92,230.68,1357.31,1522.37
Chiroptera,Hipposideridae,Cloeotis,percivali,Cloeotis percivali,-999,4.16,34.5,-999.0,-999.0,-999.0,-999.0,-999.0,-999,-999.0,91.24,1,-999.0,-999.0,-999.0,0.99,-999.0,-999.0,-999.0,-999.0,-999.0,-999.0,-999.0,-999.0,-999,2,-999,-999.0,-999.0,-999,1297;1658;2151;2622;2655;2900,-999.0,-999.0,-999.0,-999.0,1855266.13,-3.46,-27.85,-15.65,39.79,25.25,32.52,1,26.5,3.0,0.15,73.96,212.26,803.33,1440.52
Chiroptera,Molossidae,Molossops,temminckii,Molossops temminckii,-999,5.86,28.49,-999.0,-999.0,-999.0,-999.0,-999.0,1,-999.0,-999.0,1,-999.0,-999.0,-999.0,0.98,-999.0,-999.0,-999.0,-999.0,-999.0,-999.0,-999.0,-999.0,-999,2,3,-999.0,-999.0,-999,890;1297;1658;2151;2622;2655;2719,-999.0,-999.0,-999.0,-999.0,7264791.36,5.26,-35.81,-15.27,-34.79,-76.61,-55.7,0,25.92,0.0,0.1,120.67,219.38,1133.59,1365.99
Chiroptera,Vespertilionidae,Myotis,pruinosus,Myotis pruinosus,-999,-999.0,31.5,-999.0,-999.0,-999.0,-999.0,-999.0,-999,-999.0,-999.0,1,-999.0,-999.0,-999.0,-999.0,-999.0,-999.0,-999.0,-999.0,-999.0,-999.0,-999.0,-999.0,-999,2,-999,-999.0,-999.0,-999,1658;2151,4.91,-999.0,-999.0,-999.0,264536.02,41.54,30.98,36.26,142.07,129.55,135.81,74,396.59,100.0,0.01,143.02,104.3,784.99,830.18
Scandentia,Tupaiidae,Tupaia,belangeri,Tupaia belangeri,-999,200.0,-999.0,-999.0,-999.0,-999.0,-999.0,-999.0,-999,-999.0,-999.0,-999,-999.0,-999.0,-999.0,-999.0,-999.0,120.0,-999.0,-999.0,-999.0,-999.0,-999.0,-999.0,6,-999,-999,-999.0,-999.0,-999,543;1736;2655,-999.0,-999.0,-999.0,-999.0,2798268.56,30.31,8.55,19.43,112.23,90.0,101.11,1,120.95,5.0,0.08,153.33,197.45,1071.26,1378.46
Primates,Cebidae,Saguinus,inustus,Saguinus inustus,3,803.0,-999.0,-999.0,-999.0,-999.0,-999.0,-999.0,-999,-999.0,-999.0,1,-999.0,-999.0,-999.0,-999.0,-999.0,-999.0,-999.0,-999.0,-999.0,-999.0,-999.0,-999.0,-999,2,-999,-999.0,-999.0,-999,1544;1547;2151;2655;2663,-999.0,-999.0,-999.0,-999.0,266932.81,3.86,-2.56,0.64,-64.4,-72.02,-68.21,0,0.17,0.0,-0.05,246.37,249.39,1552.75,1566.58
Rodentia,Cricetidae,Xenomys,nelsoni,Xenomys nelsoni,-999,129.99,-999.0,-999.0,-999.0,-999.0,-999.0,-999.0,-999,-999.0,-999.0,2,-999.0,-999.0,-999.0,1.6,-999.0,-999.0,4.99,-999.0,-999.0,-999.0,-999.0,-999.0,-999,2,-999,-999.0,-999.0,-999,568;2655,-999.0,-999.0,-999.0,-999.0,28727.89,22.87,18.76,20.82,-103.64,-105.96,-104.8,7,37.09,9.0,0.07,79.07,222.62,831.97,1619.83
Dasyuromorphia,Dasyuridae,Sminthopsis,bindi,Sminthopsis bindi,-999,-999.0,-999.0,-999.0,-999.0,-999.0,-999.0,-999.0,-999,-999.0,-999.0,-999,-999.0,-999.0,-999.0,-999.0,-999.0,-999.0,-999.0,-999.0,-999.0,-999.0,-999.0,-999.0,-999,-999,-999,-999.0,-999.0,-999,-999,-999.0,-999.0,-999.0,-999.0,58927.74,-12.37,-14.68,-13.52,134.65,131.05,132.85,0,0.27,0.0,0.0,96.43,266.04,896.45,1805.4
Artiodactyla,Bovidae,Bubalus,depressicornis,Bubalus depressicornis,3,256989.27,-999.0,1728.58,-999.0,-999.0,-999.0,-999.0,3,-999.0,295.78,1,-999.0,-999.0,-999.0,1.0,1.0,432.96,-999.0,-999.0,-999.0,-999.0,755.15,1.0,-999,1,1,-999.0,-999.0,-999,511;543;899;1297;1525;1848;2655,-999.0,-999.0,-999.0,-999.0,41026.7,0.85,-3.51,-1.33,123.99,119.57,121.78,17,40.0,17.0,0.09,227.75,197.83,1814.71,1867.36
Chiroptera,Rhinolophidae,Rhinolophus,sedulus,Rhinolophus sedulus,-999,8.74,45.99,-999.0,-999.0,-999.0,-999.0,-999.0,1,-999.0,-999.0,1,-999.0,-999.0,-999.0,-999.0,-999.0,-999.0,-999.0,-999.0,-999.0,-999.0,-999.0,-999.0,-999,2,3,-999.0,-999.0,-999,679;1658;2151;2622;2655,-999.0,-999.0,-999.0,-999.0,868927.45,7.03,-4.18,1.42,119.26,100.12,109.69,1,57.94,3.0,0.16,251.47,246.27,1681.26,1726.82
Carnivora,Mustelidae,Mustela,eversmanii,Mustela eversmanii,1,1684.21,-999.0,432.95,30.0,365.0,-999.0,-999.0,1,89.99,40.14,1,-999.0,-999.0,365.0,7.82,1.0,-999.0,4.99,-999.0,-999.0,-999.0,326.63,-999.0,-999,1,3,48.8,-999.0,-999,1113;1297;2655,-999.0,-999.0,-999.0,-999.0,16554151.55,60.17,26.63,43.4,131.93,11.75,71.84,0,39.51,0.0,0.03,34.34,17.92,352.41,615.94
Didelphimorphia,Didelphidae,Thylamys,velutinus,Thylamys velutinus,1,20.69,-999.0,49.99,-999.0,-999.0,-999.0,-999.0,2,-999.0,-999.0,-999,0.02,0.02,-999.0,-999.0,-999.0,-999.0,-999.0,-999.0,54.99,-999.0,-999.0,-999.0,-999,-999,3,-999.0,-999.0,-999,890;1760;1843;2655,-999.0,-999.0,-999.0,-999.0,639611.93,-15.51,-26.05,-20.78,-45.93,-55.37,-50.65,1,29.94,2.0,0.06,126.23,215.91,1208.38,1379.27
Rodentia,Muridae,Mus,spicilegus,Mus spicilegus,-999,-999.0,-999.0,74.87,17.5,-999.0,-999.0,-999.0,1,-999.0,-999.0,2,0.000185212,0.00018608,-999.0,6.69,4.5,-999.0,-999.0,-999.0,874.99,-999.0,103.46,-999.0,-999,1,1,-999.0,-999.0,-999,2671,13.45,-999.0,-999.0,-999.0,625827.05,49.94,42.58,46.26,39.43,16.11,27.77,18,103.44,25.0,-0.009740177,43.84,86.67,485.02,637.71
Chiroptera,Rhinolophidae,Rhinolophus,subrufus,Rhinolophus subrufus,-999,-999.0,54.99,-999.0,-999.0,-999.0,-999.0,-999.0,1,-999.0,-999.0,1,-999.0,-999.0,-999.0,-999.0,-999.0,-999.0,-999.0,-999.0,-999.0,-999.0,-999.0,-999.0,-999,2,3,-999.0,-999.0,-999,679;1658;2151,24.25,-999.0,-999.0,-999.0,225646.9,18.65,5.55,12.1,126.6,119.74,123.17,19,231.88,32.0,0.1,200.86,240.35,1470.69,1729.38
Primates,Lepilemuridae,Lepilemur,septentrionalis,Lepilemur septentrionalis,1,755.77,-999.0,280.0,-999.0,-999.0,-999.0,-999.0,3,-999.0,134.99,1,0.007059681,0.01,-999.0,1.0,1.0,-999.0,-999.0,-999.0,154.26,-999.0,377.57,1.0,2,2,1,120.97,-999.0,-999,511;1015;1048;1261;1544;1547;2151;2655,-999.0,-999.0,-999.0,-999.0,-999.0,-999.0,-999.0,-999.0,-999.0,-999.0,-999.0,-999,-999.0,-999.0,-999.0,-999.0,-999.0,-999.0,-999.0
Artiodactyla,Bovidae,Litocranius,walleri,Litocranius walleri,-999,38804.37,-999.0,1500.0,-999.0,562.7,-999.0,-999.0,1,-999.0,204.15,1,-999.0,-999.0,240.77,1.0,-999.0,156.0,-999.0,-999.0,0.43,-999.0,841.82,8.0,-999,1,1,-999.0,-999.0,-999,543;730;869;917;1297;1525;1848;2655;2693;2986,-999.0,1.35,-999.0,-999.0,1594552.7,11.64,-5.72,2.96,51.01,35.26,43.14,1,20.86,2.0,0.09,40.53,238.78,596.79,1643.47
Diprotodontia,Petauridae,Petaurus,australis,Petaurus australis,1,567.15,-999.0,-999.0,-999.0,730.0,-999.0,-999.0,3,638.75,-999.0,1,0.36,0.33,584.5,1.24,1.0,192.0,-999.0,-999.0,14.0,-999.0,822.0,5.0,-999,2,2,148.07,284.99,-999,543;955;1297;1466;1573;1760;1789;1848;2644;2655,-999.0,-999.0,-999.0,-999.0,346584.36,-16.74,-38.85,-27.8,153.63,141.33,147.48,0,27.74,0.0,0.06,76.3,165.73,809.76,1268.57
Afrosoricida,Tenrecidae,Microgale,cowani,Microgale cowani,-999,12.27,-999.0,59.99,-999.0,-999.0,-999.0,-999.0,-999,-999.0,-999.0,1,-999.0,-999.0,-999.0,-999.0,-999.0,-999.0,-999.0,-999.0,-999.0,-999.0,-999.0,-999.0,-999,1,-999,-999.0,-999.0,-999,2151;2333;2655;2786,-999.0,-999.0,-999.0,-999.0,94309.7,-13.75,-22.99,-18.37,50.47,46.79,48.63,8,47.53,11.0,0.18,175.91,195.89,1332.61,1577.34
Dasyuromorphia,Dasyuridae,Planigale,gilesi,Planigale gilesi,2,9.34,-999.0,-999.0,-999.0,-999.0,13.1,9.45,-999,-999.0,15.74,1,-999.0,-999.0,341.0,5.23,2.0,60.0,0.0097,-999.0,739.99,-999.0,272.11,-999.0,-999,1,-999,83.52,4.93,-999,955;1297;1412;1760;1822;2655,-999.0,-999.0,-999.0,-999.0,975072.84,-24.32,-34.64,-29.48,147.55,136.09,141.82,0,0.14,0.0,-0.007779836,22.2,198.91,273.38,1220.51
Chiroptera,Hipposideridae,Aselliscus,tricuspidatus,Aselliscus tricuspidatus,-999,4.08,40.5,-999.0,-999.0,-999.0,-999.0,-999.0,1,-999.0,-999.0,1,-999.0,-999.0,-999.0,0.99,-999.0,-999.0,-999.0,-999.0,-999.0,-999.0,-999.0,-999.0,-999,2,3,-999.0,-999.0,-999,196;679;1297;1658;2151;2622;2655,-999.0,-999.0,-999.0,-999.0,300956.24,2.64,-16.59,-6.97,167.83,125.99,146.91,1,15.2,2.0,0.1,292.15,234.1,1666.66,1682.57
Carnivora,Mustelidae,Mustela,nigripes,Mustela nigripes,1,907.1,-999.0,395.94,35.0,-999.0,-999.0,-999.0,1,120.0,43.0,1,0.83,1.0,365.0,3.36,-999.0,144.0,7.39,-999.0,2.0,-999.0,371.23,-999.0,-999,1,3,59.66,-999.0,-999,543;1015;1113;1297;2655;2986,-999.0,1.1,-999.0,-999.0,-999.0,-999.0,-999.0,-999.0,-999.0,-999.0,-999.0,-999,-999.0,-999.0,-999.0,-999.0,-999.0,-999.0,-999.0
Carnivora,Viverridae,Genetta,johnstoni,Genetta johnstoni,-999,2225.0,-999.0,-999.0,-999.0,-999.0,-999.0,-999.0,-999,-999.0,-999.0,1,-999.0,-999.0,-999.0,-999.0,-999.0,-999.0,-999.0,-999.0,-999.0,-999.0,-999.0,-999.0,-999,1,-999,-999.0,-999.0,-999,1113;2655,-999.0,-999.0,-999.0,-999.0,180606.44,9.37,4.35,6.86,-5.91,-11.99,-8.95,3,35.89,5.0,0.03,219.22,246.68,1335.21,1536.02
Didelphimorphia,Didelphidae,Marmosa,xerophila,Marmosa xerophila,1,46.2,-999.0,131.0,-999.0,-999.0,-999.0,-999.0,-999,-999.0,-999.0,1,-999.0,-999.0,-999.0,-999.0,-999.0,-999.0,-999.0,-999.0,-999.0,-999.0,-999.0,-999.0,-999,2,-999,-999.0,-999.0,-999,889;1760;2655,-999.0,-999.0,-999.0,-999.0,74940.72,12.46,9.68,11.07,-68.22,-72.73,-70.47,6,60.45,8.0,0.12,58.71,258.42,1198.08,1904.41
Artiodactyla,Cervidae,Hippocamelus,bisulcus,Hippocamelus bisulcus,2,69240.81,-999.0,1550.0,-999.0,-999.0,-999.0,-999.0,2,-999.0,212.91,1,0.86,-999.0,-999.0,1.0,1.0,-999.0,3575.62,989.99,1.12,-999.0,-999.0,1.9,-999,1,1,-999.0,-999.0,-999,653;792;890;899;2655;3009;3010,-999.0,-999.0,-999.0,-999.0,121225.02,-36.52,-50.74,-43.63,-71.09,-75.47,-73.28,0,2.48,0.0,0.05,143.42,34.95,527.52,643.53
Rodentia,Erethizontidae,Coendou,prehensilis,Coendou prehensilis,1,4116.2,-999.0,467.6,0.0,-999.0,918.4,3280.0,5,-999.0,200.74,1,0.14,0.13,354.82,0.98,-999.0,207.6,410.8,-999.0,35.69,-999.0,631.2,1.0,-999,2,1,69.54,-999.0,-999,543;730;905;1297;1573;1627;1822;2151;2431;2457;2655,-999.0,1.11,-999.0,-999.0,10034056.62,11.46,-28.32,-8.43,-34.79,-72.76,-53.78,0,22.72,0.0,0.11,144.37,241.56,1284.51,1545.44
Paucituberculata,Caenolestidae,Caenolestes,caniventer,Caenolestes caniventer,2,40.0,-999.0,121.79,-999.0,-999.0,-999.0,-999.0,3,-999.0,-999.0,1,-999.0,-999.0,-999.0,2.0,-999.0,-999.0,-999.0,-999.0,-999.0,-999.0,-999.0,-999.0,-999,1,2,-999.0,-999.0,-999,40;890;1297;1760;2151;2655,-999.0,-999.0,-999.0,-999.0,10517.56,-3.81,-5.27,-4.54,-78.28,-79.06,-78.67,2,18.63,2.0,0.1,72.73,202.45,934.93,1407.64
Rodentia,Nesomyidae,Saccostomus,campestris,Saccostomus campestris,-999,50.33,-999.0,117.31,21.0,96.0,51.49,61.3,3,-999.0,20.84,-999,-999.0,-999.0,51.8,6.75,-999.0,33.6,2.59,-999.0,22.06,-999.0,50.56,-999.0,-999,-999,2,28.97,-999.0,-999,543;730;897;1244;1297;1584;1798;1822;2390;2655,-999.0,2.95,-999.0,-999.0,4378642.71,-4.52,-34.83,-19.68,35.92,12.74,24.33,0,17.11,0.0,0.14,61.49,206.56,689.09,1396.84
Carnivora,Mustelidae,Mustela,felipei,Mustela felipei,-999,211.3,-999.0,214.8,-999.0,-999.0,-999.0,-999.0,-999,-999.0,-999.0,1,-999.0,-999.0,-999.0,-999.0,-999.0,-999.0,-999.0,-999.0,-999.0,-999.0,-999.0,-999.0,-999,1,-999,-999.0,-999.0,-999,1113;2655,-999.0,-999.0,-999.0,-999.0,2258.77,2.28,1.76,2.02,-76.27,-76.9,-76.59,30,45.99,30.0,0.11,113.99,131.0,1528.74,1559.99
Carnivora,Mephitidae,Spilogale,angustifrons,Spilogale angustifrons,-999,-999.0,-999.0,-999.0,-999.0,-999.0,-999.0,-999.0,-999,-999.0,-999.0,-999,-999.0,-999.0,-999.0,-999.0,-999.0,-999.0,-999.0,-999.0,-999.0,-999.0,-999.0,-999.0,-999,-999,-999,-999.0,-999.0,-999,-999,-999.0,-999.0,-999.0,-999.0,-999.0,-999.0,-999.0,-999.0,-999.0,-999.0,-999.0,-999,-999.0,-999.0,-999.0,-999.0,-999.0,-999.0,-999.0
Rodentia,Heteromyidae,Perognathus,flavescens,Perognathus flavescens,-999,9.21,-999.0,69.29,-999.0,-999.0,-999.0,-999.0,2,-999.0,-999.0,2,0.000329061,0.000330603,-999.0,4.37,2.0,-999.0,-999.0,-999.0,-999.0,-999.0,-999.0,-999.0,6,1,1,-999.0,-999.0,-999,1297;1514;2049;2655,-999.0,-999.0,-999.0,-999.0,1544925.8,47.87,30.07,38.97,-91.06,-111.63,-101.34,0,11.47,0.0,0.04,38.68,107.17,548.67,916.0
Rodentia,Echimyidae,Proechimys,quadruplicatus,Proechimys quadruplicatus,-999,284.99,-999.0,-999.0,-999.0,-999.0,-999.0,-999.0,-999,-999.0,-999.0,-999,-999.0,-999.0,-999.0,-999.0,-999.0,-999.0,-999.0,-999.0,-999.0,-999.0,-999.0,-999.0,-999,-999,-999,-999.0,-999.0,-999,2655,-999.0,-999.0,-999.0,-999.0,242986.11,4.09,-4.04,0.02,-63.05,-77.75,-70.4,0,1.67,0.0,0.18,239.8,254.44,1548.73,1554.37
Lagomorpha,Leporidae,Lepus,coreanus,Lepus coreanus,-999,-999.0,-999.0,465.0,-999.0,-999.0,-999.0,-999.0,-999,-999.0,-999.0,-999,-999.0,-999.0,-999.0,-999.0,-999.0,-999.0,-999.0,-999.0,49.99,-999.0,-999.0,-999.0,-999,-999,-999,-999.0,-999.0,-999,2;989,2622.96,-999.0,-999.0,-999.0,216940.55,42.53,34.28,38.4,130.69,124.27,127.48,24,301.13,55.0,0.03,88.44,58.71,699.77,818.27
Rodentia,Dipodidae,Stylodipus,sungorus,Stylodipus sungorus,1,-999.0,-999.0,-999.0,-999.0,-999.0,-999.0,-999.0,3,-999.0,-999.0,2,-999.0,-999.0,-999.0,-999.0,-999.0,-999.0,-999.0,-999.0,-999.0,-999.0,-999.0,-999.0,-999,1,1,-999.0,-999.0,-999,2151,-999.0,-999.0,-999.0,-999.0,106238.21,47.26,44.09,45.68,96.19,86.8,91.49,1,2.09,1.0,0.08,12.05,12.77,161.93,588.33
Primates,Lemuridae,Varecia,rubra,Varecia rubra,-999,3872.6,-999.0,-999.0,-999.0,-999.0,-999.0,-999.0,-999,-999.0,-999.0,-999,-999.0,-999.0,-999.0,-999.0,-999.0,-999.0,-999.0,-999.0,-999.0,-999.0,-999.0,-999.0,-999,-999,-999,-999.0,-999.0,-999,1546,-999.0,-999.0,-999.0,-999.0,6367.02,-14.88,-15.99,-15.44,50.44,49.59,50.02,14,28.68,14.0,0.15,176.31,223.32,1470.97,1867.64
Artiodactyla,Bovidae,Kobus,ellipsiprymnus,Kobus ellipsiprymnus,2,204393.48,-999.0,-999.0,-999.0,-999.0,26700.0,100000.0,2,-999.0,270.0,1,1.28,-999.0,365.0,1.0,-999.0,239.04,12000.0,-999.0,2.46,-999.0,1426.44,12.0,4,1,1,212.91,-999.0,-999,543;730;854;869;917;1052;1297;1525;1822;1848;1981;2338;2620;2629;2655;2693;2986;3057,-999.0,1.1,-999.0,-999.0,10067123.88,16.11,-29.06,-6.47,45.62,-16.79,14.41,0,34.77,1.0,0.13,92.0,237.74,934.8,1546.75
Dasyuromorphia,Dasyuridae,Antechinus,agilis,Antechinus agilis,-999,22.13,-999.0,-999.0,-999.0,-999.0,-999.0,-999.0,-999,-999.0,27.0,-999,-999.0,-999.0,365.0,10.0,-999.0,-999.0,-999.0,-999.0,711.0,-999.0,374.16,-999.0,-999,-999,-999,89.99,10.0,-999,955,-999.0,1.1,-999.0,-999.0,155967.12,-33.74,-39.13,-36.44,150.32,141.67,146.0,1,23.25,1.0,0.03,62.55,119.31,608.01,944.76
Diprotodontia,Phascolarctidae,Phascolarctos,cinereus,Phascolarctos cinereus,1,6528.74,-999.0,-999.0,-999.0,730.0,1034.1,4732.5,2,-999.0,34.29,1,0.01,0.01,374.0,1.01,1.0,240.0,0.36,-999.0,163.01,-999.0,834.72,1.0,-999,2,1,347.53,1155.0,-999,543;730;955;1297;1412;1760;1822;1848;2484;2644;2655,-999.0,-999.0,-999.0,-999.0,1013715.85,-17.27,-39.13,-28.2,153.58,138.26,145.92,0,15.21,0.0,0.04,56.97,178.64,660.25,1266.39
Diprotodontia,Phalangeridae,Spilocuscus,papuensis,Spilocuscus papuensis,-999,-999.0,-999.0,-999.0,-999.0,-999.0,-999.0,-999.0,-999,-999.0,-999.0,-999,-999.0,-999.0,-999.0,-999.0,-999.0,-999.0,-999.0,-999.0,-999.0,-999.0,-999.0,-999.0,-999,-999,-999,-999.0,-999.0,-999,-999,-999.0,-999.0,-999.0,-999.0,3163.91,-0.007690123,-0.45,-0.23,131.33,130.2,130.77,5,5.0,5.0,0.0,219.0,251.0,-999.0,-999.0
Primates,Cebidae,Leontopithecus,chrysopygus,Leontopithecus chrysopygus,3,656.12,-999.0,-999.0,-999.0,-999.0,-999.0,-999.0,4,-999.0,-999.0,1,0.83,1.17,-999.0,-999.0,-999.0,-999.0,-999.0,-999.0,-999.0,-999.0,-999.0,3.6,-999,2,2,-999.0,-999.0,-999,1544;1629;2151;2226;2344;2655,-999.0,-999.0,-999.0,-999.0,50004.81,-20.39,-23.58,-21.99,-47.97,-51.54,-49.76,9,52.2,14.0,0.09,127.26,218.64,1229.44,1390.24
Rodentia,Sciuridae,Spermophilus,mexicanus,Spermophilus mexicanus,-999,177.49,-999.0,193.4,-999.0,-999.0,-999.0,-999.0,5,-999.0,-999.0,2,-999.0,-999.0,-999.0,5.91,-999.0,-999.0,4.31,52.6,-999.0,-999.0,-999.0,1.0,4,1,2,-999.0,-999.0,-999,876;1297;2655;3117,-999.0,-999.0,-999.0,-999.0,718436.33,34.33,18.45,26.39,-96.39,-106.51,-101.45,0,60.09,0.0,0.08,46.83,191.94,646.58,1218.78
Carnivora,Phocidae,Phoca,largha,Phoca largha,2,98879.18,-999.0,1634.87,0.0,-999.0,35845.2,91500.0,6,28.0,287.4,2,-999.0,-999.0,365.0,1.0,-999.0,426.13,7100.0,-999.0,-999.0,-999.0,1497.64,-999.0,-999,1,2,27.84,-999.0,-999,367;543;1297;1763;2151;2655;2986,-999.0,1.1,-999.0,-999.0,-999.0,-999.0,-999.0,-999.0,-999.0,-999.0,-999.0,-999,-999.0,-999.0,-999.0,-999.0,-999.0,-999.0,-999.0
Rodentia,Dipodidae,Pygeretmus,platyurus,Pygeretmus platyurus,1,-999.0,-999.0,-999.0,-999.0,-999.0,-999.0,-999.0,4,-999.0,-999.0,2,-999.0,-999.0,-999.0,5.17,-999.0,-999.0,-999.0,-999.0,-999.0,-999.0,-999.0,-999.0,-999,1,2,-999.0,-999.0,-999,1297;2151,-999.0,-999.0,-999.0,-999.0,955522.79,51.35,40.8,46.08,88.71,51.91,70.31,0,3.04,0.0,0.00348431,15.66,60.64,240.04,609.55
Rodentia,Sciuridae,Petaurillus,emiliae,Petaurillus emiliae,-999,-999.0,-999.0,-999.0,-999.0,-999.0,-999.0,-999.0,-999,-999.0,-999.0,-999,-999.0,-999.0,-999.0,-999.0,-999.0,-999.0,-999.0,-999.0,-999.0,-999.0,-999.0,-999.0,-999,-999,-999,-999.0,-999.0,-999,-999,-999.0,-999.0,-999.0,-999.0,683.58,3.8,3.53,3.66,114.91,114.65,114.78,3,3.0,3.0,0.5,278.0,227.0,1743.0,1743.0
Rodentia,Caviidae,Cavia,tschudii,Cavia tschudii,-999,1000.0,-999.0,-999.0,-999.0,-999.0,-999.0,-999.0,-999,-999.0,62.99,2,-999.0,-999.0,-999.0,1.9,5.0,-999.0,-999.0,-999.0,-999.0,-999.0,-999.0,-999.0,2,1,-999,20.88,-999.0,-999,890;2151;2655,-999.0,-999.0,-999.0,-999.0,1337430.45,-6.33,-27.68,-17.0,-57.64,-80.05,-68.85,0,23.82,1.0,0.12,91.24,163.41,973.18,1404.93
Carnivora,Viverridae,Hemigalus,derbyanus,Hemigalus derbyanus,1,1262.7,-999.0,458.63,9.75,-999.0,-999.0,-999.0,6,-999.0,-999.0,1,-999.0,-999.0,-999.0,1.73,-999.0,144.0,125.0,-999.0,-999.0,-999.0,-999.0,-999.0,-999,1,2,69.6,-999.0,-999,543;1113;1297;2655,-999.0,-999.0,-999.0,-999.0,1431386.4,15.44,-5.94,4.74,119.26,95.18,107.22,1,70.76,4.0,0.15,245.18,248.86,1659.47,1748.43
Peramelemorphia,Peramelidae,Echymipera,clara,Echymipera clara,1,1204.61,-999.0,340.92,-999.0,-999.0,-999.0,-999.0,2,-999.0,-999.0,2,0.01,0.01,120.0,2.2,-999.0,-999.0,-999.0,-999.0,-999.0,-999.0,-999.0,1.0,-999,1,2,-999.0,-999.0,-999,977;1991;2152;2655,-999.0,1.93,-999.0,-999.0,79519.52,-1.59,-5.77,-3.68,144.89,135.41,140.15,2,9.13,2.0,0.13,257.88,251.29,1681.79,1701.08
Carnivora,Mustelidae,Meles,leucurus,Meles leucurus,-999,-999.0,-999.0,-999.0,-999.0,-999.0,-999.0,-999.0,-999,-999.0,-999.0,-999,-999.0,-999.0,-999.0,-999.0,-999.0,-999.0,-999.0,-999.0,-999.0,-999.0,-999.0,-999.0,-999,-999,-999,-999.0,-999.0,-999,-999,-999.0,-999.0,-999.0,-999.0,-999.0,-999.0,-999.0,-999.0,-999.0,-999.0,-999.0,-999,-999.0,-999.0,-999.0,-999.0,-999.0,-999.0,-999.0
Rodentia,Ctenomyidae,Ctenomys,leucodon,Ctenomys leucodon,-999,243.6,-999.0,-999.0,-999.0,-999.0,-999.0,-999.0,3,-999.0,-999.0,2,-999.0,-999.0,-999.0,-999.0,-999.0,-999.0,-999.0,-999.0,-999.0,-999.0,-999.0,-999.0,-999,1,1,-999.0,-999.0,-999,890;2151;2655,-999.0,-999.0,-999.0,-999.0,52340.92,-14.8,-17.05,-15.92,-67.79,-71.01,-69.4,3,30.92,4.0,0.06,72.39,69.3,835.96,1206.02
Soricomorpha,Soricidae,Sorex,antinorii,Sorex antinorii,-999,-999.0,-999.0,-999.0,-999.0,-999.0,-999.0,-999.0,-999,-999.0,-999.0,-999,-999.0,-999.0,-999.0,-999.0,-999.0,-999.0,-999.0,-999.0,-999.0,-999.0,-999.0,-999.0,-999,-999,-999,-999.0,-999.0,-999,-999,-999.0,-999.0,-999.0,-999.0,-999.0,-999.0,-999.0,-999.0,-999.0,-999.0,-999.0,-999,-999.0,-999.0,-999.0,-999.0,-999.0,-999.0,-999.0
Rodentia,Nesomyidae,Malacothrix,typica,Malacothrix typica,-999,17.02,-999.0,-999.0,-999.0,111.0,20.61,21.7,3,-999.0,26.37,-999,-999.0,-999.0,-999.0,4.04,1.0,-999.0,1.19,26.0,-999.0,-999.0,65.61,-999.0,-999,-999,2,31.81,-999.0,-999,1297;1584;1822;2655,-999.0,-999.0,-999.0,-999.0,1821447.98,-7.63,-34.83,-21.23,28.08,13.67,20.87,0,12.0,0.0,0.09,38.38,186.15,480.67,1281.22
Chiroptera,Rhinolophidae,Rhinolophus,acuminatus,Rhinolophus acuminatus,-999,12.1,49.62,-999.0,-999.0,-999.0,-999.0,-999.0,1,-999.0,-999.0,1,-999.0,-999.0,-999.0,1.0,-999.0,-999.0,-999.0,-999.0,-999.0,-999.0,-999.0,-999.0,-999,2,3,-999.0,-999.0,-999,76;196;679;1439;1621;1658;2151;2655,-999.0,-999.0,-999.0,-999.0,486496.76,15.94,-8.96,3.49,123.56,97.05,110.31,3,300.57,9.0,0.1,195.82,251.74,1393.64,1727.89
Artiodactyla,Camelidae,Lama,glama,Lama glama,-999,78322.67,-999.0,1595.1,-999.0,-999.0,-999.0,-999.0,2,-999.0,342.74,1,-999.0,-999.0,-999.0,1.0,1.0,339.6,8999.99,-999.0,0.45,8.0,676.66,-999.0,-999,1,1,131.7,29000.0,-999,543;613;730;890;1015;1297;1594;1848;2655,-999.0,-999.0,-999.0,-999.0,-999.0,-999.0,-999.0,-999.0,-999.0,-999.0,-999.0,-999,-999.0,-999.0,-999.0,-999.0,-999.0,-999.0,-999.0
Primates,Pitheciidae,Callicebus,ornatus,Callicebus ornatus,-999,-999.0,-999.0,-999.0,-999.0,-999.0,-999.0,-999.0,-999,-999.0,-999.0,-999,-999.0,-999.0,-999.0,-999.0,-999.0,-999.0,-999.0,-999.0,-999.0,-999.0,-999.0,-999.0,-999,-999,-999,-999.0,-999.0,-999,-999,-999.0,-999.0,-999.0,-999.0,23066.97,4.38,2.18,3.28,-73.68,-74.77,-74.23,1,104.04,1.0,0.12,130.8,209.3,1484.71,1507.5
Rodentia,Sciuridae,Atlantoxerus,getulus,Atlantoxerus getulus,-999,250.57,-999.0,189.1,-999.0,-999.0,-999.0,-999.0,-999,-999.0,-999.0,-999,-999.0,-999.0,-999.0,-999.0,-999.0,108.0,-999.0,-999.0,-999.0,-999.0,-999.0,-999.0,-999,-999,-999,-999.0,-999.0,-999,543;2495;2655,-999.0,-999.0,-999.0,-999.0,179364.26,34.96,28.29,31.63,-3.27,-10.01,-6.64,4,77.86,5.0,0.06,25.6,156.01,384.71,1270.58
Cetacea,Delphinidae,Delphinus,delphis,Delphinus delphis,-999,79271.69,-999.0,2439.99,-999.0,-999.0,-999.0,-999.0,-999,-999.0,296.89,1,-999.0,-999.0,-999.0,0.98,-999.0,240.0,7069.65,-999.0,-999.0,365.0,1473.2,-999.0,-999,-999,-999,405.05,39999.99,-999,56;93;511;543;1217;1297;1577;2151;2655,-999.0,-999.0,-999.0,-999.0,-999.0,-999.0,-999.0,-999.0,-999.0,-999.0,-999.0,-999,-999.0,-999.0,-999.0,-999.0,-999.0,-999.0,-999.0
Artiodactyla,Bovidae,Nanger,dama,Nanger dama,3,71424.81,-999.0,1462.78,-999.0,-999.0,-999.0,-999.0,1,-999.0,194.93,1,-999.0,-999.0,182.5,1.0,-999.0,207.96,-999.0,-999.0,0.18,12.5,109.36,1.0,-999,1,1,-999.0,-999.0,-999,869;899;1297;1525;1848;2655;2693,-999.0,1.56,-999.0,-999.0,1593778.59,28.23,12.21,20.22,33.87,-9.02,12.42,0,5.49,0.0,0.05,14.97,271.89,263.81,1507.48
Rodentia,Muridae,Rattus,tunneyi,Rattus tunneyi,-999,169.29,-999.0,151.64,-999.0,56.0,-999.0,-999.0,-999,-999.0,22.29,-999,-999.0,-999.0,-999.0,5.34,-999.0,-999.0,-999.0,-999.0,-999.0,-999.0,158.16,-999.0,10,-999,-999,-999.0,-999.0,-999,456;1297;1575;2655;2803,-999.0,-999.0,-999.0,-999.0,689460.95,-11.11,-28.39,-19.75,153.54,115.54,134.54,0,5.5,0.0,0.06,79.94,241.57,870.41,1674.03
Cetacea,Ziphiidae,Mesoplodon,perrini,Mesoplodon perrini,-999,-999.0,-999.0,-999.0,-999.0,-999.0,-999.0,-999.0,-999,-999.0,-999.0,-999,-999.0,-999.0,-999.0,-999.0,-999.0,-999.0,-999.0,-999.0,-999.0,-999.0,-999.0,-999.0,-999,-999,-999,-999.0,-999.0,-999,-999,-999.0,-999.0,-999.0,-999.0,-999.0,-999.0,-999.0,-999.0,-999.0,-999.0,-999.0,-999,-999.0,-999.0,-999.0,-999.0,-999.0,-999.0,-999.0
Rodentia,Cricetidae,Oryzomys,megacephalus,Oryzomys megacephalus,1,57.0,-999.0,122.13,-999.0,-999.0,-999.0,-999.0,4,-999.0,27.28,1,0.006039781,0.005666387,-999.0,3.72,6.06,45.0,3.84,-999.0,320.0,-999.0,53.85,1.0,-999,1,2,-999.0,-999.0,-999,730;905;921;979;1297;1573;1876;2151;2159;2655,-999.0,-999.0,-999.0,-999.0,-999.0,-999.0,-999.0,-999.0,-999.0,-999.0,-999.0,-999,-999.0,-999.0,-999.0,-999.0,-999.0,-999.0,-999.0
Scandentia,Ptilocercidae,Ptilocercus,lowii,Ptilocercus lowii,1,42.5,-999.0,120.0,-999.0,-999.0,43.5,58.0,3,-999.0,-999.0,1,-999.0,-999.0,-999.0,-999.0,-999.0,32.4,-999.0,-999.0,-999.0,-999.0,-999.0,-999.0,-999,2,2,-999.0,-999.0,-999,543;679;1822;2152;2655,-999.0,-999.0,-999.0,-999.0,593574.87,6.94,-5.94,0.5,117.88,95.68,106.78,1,98.64,4.0,0.14,232.38,251.14,1686.68,1759.48
Cetacea,Phocoenidae,Phocoenoides,dalli,Phocoenoides dalli,-999,106042.53,-999.0,1966.64,-999.0,-999.0,-999.0,-999.0,2,-999.0,346.74,1,-999.0,-999.0,730.0,0.98,0.33,264.0,-999.0,-999.0,-999.0,-999.0,2672.83,-999.0,-999,-999,3,91.24,-999.0,-999,69;70;144;511;543;1004;1297;2655,-999.0,-999.0,-999.0,-999.0,-999.0,-999.0,-999.0,-999.0,-999.0,-999.0,-999.0,-999,-999.0,-999.0,-999.0,-999.0,-999.0,-999.0,-999.0
Carnivora,Mephitidae,Spilogale,putorius,Spilogale putorius,1,566.49,-999.0,299.49,30.07,-999.0,261.0,550.0,6,-999.0,32.99,1,0.29,0.31,243.33,5.07,-999.0,120.0,12.29,-999.0,4.7,-999.0,196.96,-999.0,8,1,2,55.68,-999.0,-999,367;543;730;1113;1297;1573;2655,-999.0,1.35,-999.0,-999.0,2957350.08,49.34,24.94,37.14,-77.41,-106.85,-92.13,0,32.08,1.0,0.04,72.47,134.16,795.02,944.25
Rodentia,Ctenomyidae,Ctenomys,minutus,Ctenomys minutus,-999,92.0,-999.0,156.99,-999.0,-999.0,-999.0,-999.0,3,-999.0,-999.0,2,-999.0,-999.0,-999.0,-999.0,-999.0,-999.0,-999.0,-999.0,-999.0,-999.0,-999.0,-999.0,-999,1,1,-999.0,-999.0,-999,890;1779;2151;2655,-999.0,-999.0,-999.0,-999.0,108713.49,-16.51,-19.64,-18.08,-55.42,-59.9,-57.66,0,1.45,0.0,0.12,111.66,256.4,1242.85,1451.69
Rodentia,Echimyidae,Phyllomys,medius,Phyllomys medius,-999,-999.0,-999.0,-999.0,-999.0,-999.0,-999.0,-999.0,-999,-999.0,-999.0,-999,-999.0,-999.0,-999.0,-999.0,-999.0,-999.0,-999.0,-999.0,-999.0,-999.0,-999.0,-999.0,-999,-999,-999,-999.0,-999.0,-999,-999,-999.0,-999.0,-999.0,-999.0,-999.0,-999.0,-999.0,-999.0,-999.0,-999.0,-999.0,-999,-999.0,-999.0,-999.0,-999.0,-999.0,-999.0,-999.0
Chiroptera,Vespertilionidae,Kerivoula,muscina,Kerivoula muscina,-999,5.29,32.49,-999.0,-999.0,-999.0,-999.0,-999.0,-999,-999.0,-999.0,1,-999.0,-999.0,-999.0,-999.0,-999.0,-999.0,-999.0,-999.0,-999.0,-999.0,-999.0,-999.0,-999,2,-999,-999.0,-999.0,-999,1658;2151;2622;2655,-999.0,-999.0,-999.0,-999.0,260157.07,-3.02,-10.32,-6.67,150.05,140.97,145.51,1,9.41,1.0,0.09,300.77,220.18,1663.04,1673.85
Scandentia,Tupaiidae,Tupaia,chrysogaster,Tupaia chrysogaster,-999,-999.0,-999.0,-999.0,-999.0,-999.0,-999.0,-999.0,-999,-999.0,-999.0,-999,-999.0,-999.0,-999.0,-999.0,-999.0,-999.0,-999.0,-999.0,-999.0,-999.0,-999.0,-999.0,-999,-999,-999,-999.0,-999.0,-999,-999,-999.0,-999.0,-999.0,-999.0,2155.21,-2.02,-3.34,-2.68,100.47,99.51,99.99,43,60.75,43.0,0.25,-999.0,-999.0,-999.0,-999.0
Chiroptera,Phyllostomidae,Sturnira,lilium,Sturnira lilium,1,20.19,40.5,65.96,-999.0,-999.0,39.2,21.9,3,-999.0,107.97,1,-999.0,-999.0,-999.0,0.99,2.0,-999.0,5.25,35.04,-999.0,-999.0,-999.0,-999.0,-999,2,2,-999.0,-999.0,-999,108;196;197;889;892;1041;1297;1325;1326;1334;1640;1658;1822;1948;2143;2151;2295;2383;2538;2622;2655;2719;3023;3037;3038,-999.0,-999.0,-999.0,-999.0,15518876.5,29.98,-34.94,-2.47,-34.79,-110.64,-72.71,0,28.95,0.0,0.11,142.56,232.46,1248.36,1501.14
Afrosoricida,Tenrecidae,Oryzorictes,tetradactylus,Oryzorictes tetradactylus,1,35.99,-999.0,107.5,-999.0,-999.0,-999.0,-999.0,-999,-999.0,-999.0,-999,-999.0,-999.0,-999.0,-999.0,-999.0,-999.0,-999.0,-999.0,-999.0,-999.0,-999.0,-999.0,-999,-999,-999,-999.0,-999.0,-999,2151;2655,-999.0,-999.0,-999.0,-999.0,13130.86,-20.34,-22.84,-21.59,47.86,46.68,47.27,8,45.3,8.0,0.17,165.62,183.82,1323.38,1509.8
Rodentia,Cricetidae,Alticola,albicaudus,Alticola albicaudus,-999,-999.0,-999.0,-999.0,-999.0,-999.0,-999.0,-999.0,-999,-999.0,-999.0,-999,-999.0,-999.0,-999.0,-999.0,-999.0,-999.0,-999.0,-999.0,-999.0,-999.0,-999.0,-999.0,-999,-999,-999,-999.0,-999.0,-999,-999,-999.0,-999.0,-999.0,-999.0,33357.58,36.23,33.7,34.96,78.3,74.93,76.62,3,17.01,13.0,0.11,8.19,-49.57,251.98,909.46
Chiroptera,Pteropodidae,Pteropus,melanopogon,Pteropus melanopogon,-999,874.94,191.5,285.02,-999.0,-999.0,-999.0,-999.0,-999,-999.0,-999.0,1,-999.0,-999.0,-999.0,-999.0,-999.0,-999.0,-999.0,-999.0,-999.0,-999.0,-999.0,-999.0,-999,2,-999,-999.0,-999.0,-999,978;1658;2151;2655,-999.0,-999.0,-999.0,-999.0,30972.95,-2.77,-8.03,-5.4,132.8,125.99,129.4,19,22.18,19.0,0.06,269.37,238.97,-999.0,-999.0
Sirenia,Dugongidae,Hydrodamalis,gigas,Hydrodamalis gigas,-999,4000000.0,-999.0,7628.12,-999.0,-999.0,-999.0,-999.0,-999,-999.0,365.0,1,-999.0,-999.0,-999.0,1.0,-999.0,-999.0,-999.0,-999.0,-999.0,-999.0,-999.0,-999.0,2,-999,-999,-999.0,-999.0,-999,890;1001;1297;2655,-999.0,-999.0,-999.0,-999.0,-999.0,-999.0,-999.0,-999.0,-999.0,-999.0,-999.0,-999,-999.0,-999.0,-999.0,-999.0,-999.0,-999.0,-999.0
Rodentia,Caviidae,Hydrochoerus,isthmius,Hydrochoerus isthmius,-999,21267.32,-999.0,-999.0,-999.0,-999.0,-999.0,-999.0,-999,-999.0,108.21,-999,-999.0,-999.0,-999.0,4.99,-999.0,-999.0,-999.0,-999.0,-999.0,-999.0,-999.0,-999.0,-999,-999,-999,112.0,-999.0,-999,2151;2865,-999.0,-999.0,-999.0,-999.0,307442.57,11.7,1.48,6.59,-70.52,-80.04,-75.28,2,71.65,4.0,0.11,165.58,249.07,1459.36,1685.82
Dasyuromorphia,Dasyuridae,Sminthopsis,butleri,Sminthopsis butleri,2,25.0,-999.0,-999.0,-999.0,-999.0,-999.0,-999.0,-999,-999.0,-999.0,1,-999.0,-999.0,-999.0,-999.0,-999.0,-999.0,-999.0,-999.0,-999.0,-999.0,-999.0,-999.0,-999,1,-999,-999.0,-999.0,-999,1760;2655,-999.0,-999.0,-999.0,-999.0,15927.83,-11.15,-14.87,-13.01,131.53,126.21,128.87,0,0.0,0.0,-999.0,94.95,280.59,851.67,1807.67
Rodentia,Caviidae,Dolichotis,salinicola,Dolichotis salinicola,3,1607.6,-999.0,-999.0,-999.0,-999.0,725.85,1613.0,4,-999.0,77.5,1,-999.0,-999.0,-999.0,1.94,-999.0,-999.0,199.0,-999.0,-999.0,-999.0,-999.0,-999.0,4,1,1,-999.0,-999.0,-999,1297;1627;1822;2151;2480;2655,-999.0,-999.0,-999.0,-999.0,709321.91,-17.22,-34.17,-25.7,-57.4,-67.59,-62.5,0,9.4,0.0,0.08,60.17,199.86,769.38,1127.5
Chiroptera,Vespertilionidae,Hypsugo,lophurus,Hypsugo lophurus,-999,-999.0,34.99,-999.0,-999.0,-999.0,-999.0,-999.0,-999,-999.0,-999.0,1,-999.0,-999.0,-999.0,-999.0,-999.0,-999.0,-999.0,-999.0,-999.0,-999.0,-999.0,-999.0,-999,2,-999,-999.0,-999.0,-999,1658;2151,6.64,-999.0,-999.0,-999.0,2.7,10.24,10.22,10.23,98.63,98.62,98.63,40,40.0,40.0,0.11,290.0,246.0,-999.0,-999.0
Dasyuromorphia,Dasyuridae,Dasyurus,maculatus,Dasyurus maculatus,2,3284.15,-999.0,427.29,-999.0,-999.0,588.06,1782.0,3,-999.0,21.0,2,1.36,1.46,365.0,4.47,1.0,60.0,-999.0,7.0,3.49,1.0,374.39,-999.0,6,2,2,134.99,700.0,-999,543;955;1015;1297;1412;1530;1532;1760;1822;1848;2655,-999.0,-999.0,0.05,-999.0,580449.23,-14.16,-43.64,-28.9,153.63,140.92,147.28,0,22.85,0.0,0.02,71.38,158.95,708.76,1158.13
Rodentia,Nesomyidae,Steatomys,jacksoni,Steatomys jacksoni,-999,-999.0,-999.0,-999.0,-999.0,-999.0,-999.0,-999.0,-999,-999.0,-999.0,-999,-999.0,-999.0,-999.0,-999.0,-999.0,-999.0,-999.0,-999.0,-999.0,-999.0,-999.0,-999.0,-999,-999,-999,-999.0,-999.0,-999,-999,-999.0,-999.0,-999.0,-999.0,5980.85,7.9,7.08,7.49,-1.08,-1.93,-1.5,38,68.51,38.0,0.21,113.75,264.99,1276.26,1663.74
Rodentia,Dipodidae,Sicista,pseudonapaea,Sicista pseudonapaea,-999,-999.0,-999.0,-999.0,-999.0,-999.0,-999.0,-999.0,-999,-999.0,-999.0,-999,-999.0,-999.0,-999.0,-999.0,-999.0,-999.0,-999.0,-999.0,-999.0,-999.0,-999.0,-999.0,-999,-999,-999,-999.0,-999.0,-999,-999,-999.0,-999.0,-999.0,-999.0,26692.53,49.68,48.57,49.12,87.73,82.07,84.9,2,9.7,2.0,-0.000523317,29.22,-45.16,352.18,547.38
Artiodactyla,Cervidae,Muntiacus,gongshanensis,Muntiacus gongshanensis,-999,18590.01,-999.0,-999.0,-999.0,-999.0,-999.0,-999.0,4,-999.0,-999.0,-999,-999.0,-999.0,-999.0,-999.0,-999.0,-999.0,-999.0,-999.0,-999.0,-999.0,-999.0,-999.0,-999,-999,2,-999.0,-999.0,-999,653;899,-999.0,-999.0,-999.0,-999.0,170.54,29.65,27.52,28.59,98.85,96.25,97.55,2,8.56,2.0,0.03,188.44,-21.62,870.87,1006.82
Primates,Galagidae,Galago,gabonensis,Galago gabonensis,-999,-999.0,-999.0,-999.0,-999.0,-999.0,-999.0,-999.0,-999,-999.0,-999.0,-999,-999.0,-999.0,-999.0,-999.0,-999.0,-999.0,-999.0,-999.0,-999.0,-999.0,-999.0,-999.0,-999,-999,-999,-999.0,-999.0,-999,-999,-999.0,-999.0,-999.0,-999.0,465080.61,4.89,-6.05,-0.58,14.59,8.69,11.64,0,17.38,1.0,0.08,157.01,242.78,1267.81,1494.24
Didelphimorphia,Didelphidae,Monodelphis,adusta,Monodelphis adusta,1,36.04,-999.0,120.88,-999.0,-999.0,-999.0,-999.0,3,-999.0,-999.0,1,-999.0,-999.0,-999.0,-999.0,-999.0,-999.0,-999.0,-999.0,-999.0,-999.0,-999.0,-999.0,-999,1,2,-999.0,-999.0,-999,889;890;905;1760;2655;2676,-999.0,-999.0,-999.0,-999.0,505245.72,9.4,-13.89,-2.24,-69.34,-78.37,-73.86,1,33.39,2.0,0.11,184.96,213.45,1373.96,1507.06
Paucituberculata,Caenolestidae,Caenolestes,fuliginosus,Caenolestes fuliginosus,2,28.64,-999.0,113.02,-999.0,-999.0,-999.0,-999.0,4,-999.0,-999.0,1,-999.0,-999.0,-999.0,3.62,-999.0,-999.0,-999.0,-999.0,-999.0,-999.0,-999.0,-999.0,4,1,2,-999.0,-999.0,-999,192;193;889;890;955;1297;1612;1760;2655,-999.0,-999.0,-999.0,-999.0,127434.1,9.04,1.17,5.1,-70.78,-76.84,-73.81,5,75.48,7.0,0.09,103.05,188.16,1415.54,1530.66
Peramelemorphia,Peramelidae,Peroryctes,raffrayana,Peroryctes raffrayana,1,905.63,-999.0,346.48,-999.0,-999.0,-999.0,-999.0,1,-999.0,-999.0,1,-999.0,-999.0,-999.0,1.27,-999.0,39.6,-999.0,-999.0,-999.0,-999.0,-999.0,1.0,-999,1,1,-999.0,-999.0,-999,543;661;977;1991;2152;2655,-999.0,-999.0,-999.0,-999.0,215767.6,-0.61,-10.17,-5.39,149.73,132.66,141.19,1,10.15,2.0,0.13,263.55,202.46,1689.75,1724.96
Chiroptera,Phyllostomidae,Tonatia,saurophila,Tonatia saurophila,-999,-999.0,-999.0,-999.0,-999.0,-999.0,-999.0,-999.0,-999,-999.0,-999.0,-999,-999.0,-999.0,-999.0,-999.0,-999.0,-999.0,-999.0,-999.0,-999.0,-999.0,-999.0,-999.0,-999,-999,-999,-999.0,-999.0,-999,-999,-999.0,-999.0,-999.0,-999.0,7442847.6,17.73,-16.75,0.48,-37.3,-91.6,-64.45,0,15.84,0.0,0.12,162.39,246.85,1372.47,1591.69
Rodentia,Dipodidae,Sicista,caudata,Sicista caudata,-999,-999.0,-999.0,-999.0,-999.0,-999.0,-999.0,-999.0,-999,-999.0,-999.0,-999,-999.0,-999.0,-999.0,-999.0,-999.0,-999.0,-999.0,-999.0,-999.0,-999.0,-999.0,-999.0,-999,-999,-999,-999.0,-999.0,-999,-999,-999.0,-999.0,-999.0,-999.0,106216.82,52.33,44.73,48.53,143.54,135.02,139.28,1,5.16,1.0,-0.06,54.05,-20.75,477.24,513.69
Didelphimorphia,Didelphidae,Marmosa,rubra,Marmosa rubra,1,62.99,-999.0,-999.0,-999.0,-999.0,-999.0,-999.0,-999,-999.0,-999.0,-999,-999.0,-999.0,-999.0,-999.0,-999.0,-999.0,-999.0,-999.0,-999.0,-999.0,-999.0,-999.0,-999,-999,-999,-999.0,-999.0,-999,1760;2655,-999.0,-999.0,-999.0,-999.0,272062.11,1.53,-9.78,-4.12,-73.33,-77.71,-75.52,1,5.28,1.0,0.16,192.7,261.74,1423.23,1451.63
Carnivora,Viverridae,Paradoxurus,jerdoni,Paradoxurus jerdoni,1,3530.33,-999.0,589.08,-999.0,-999.0,-999.0,-999.0,6,-999.0,-999.0,1,-999.0,-999.0,-999.0,3.0,-999.0,144.0,-999.0,-999.0,-999.0,-999.0,-999.0,-999.0,-999,1,2,-999.0,-999.0,-999,1015;1113;2655,-999.0,-999.0,-999.0,-999.0,14283.81,12.33,8.94,10.64,77.64,75.88,76.76,221,468.69,221.0,0.05,167.05,257.01,1119.99,1628.51
Rodentia,Muridae,Mus,phillipsi,Mus phillipsi,-999,-999.0,-999.0,-999.0,-999.0,-999.0,-999.0,-999.0,-999,-999.0,-999.0,-999,-999.0,-999.0,-999.0,-999.0,-999.0,-999.0,-999.0,-999.0,-999.0,-999.0,-999.0,-999.0,-999,-999,-999,-999.0,-999.0,-999,-999,-999.0,-999.0,-999.0,-999.0,1234844.45,28.61,8.06,18.34,86.19,72.35,79.27,22,342.82,94.0,0.09,91.33,258.32,786.85,1510.53
Lagomorpha,Leporidae,Lepus,habessinicus,Lepus habessinicus,-999,2015.56,-999.0,-999.0,-999.0,-999.0,-999.0,-999.0,-999,-999.0,-999.0,-999,-999.0,-999.0,-999.0,-999.0,-999.0,-999.0,-999.0,-999.0,-999.0,-999.0,-999.0,-999.0,-999,-999,-999,-999.0,-999.0,-999,989,-999.0,-999.0,-999.0,-999.0,1029651.57,13.56,0.53,7.05,51.41,39.92,45.66,1,15.42,3.0,0.08,29.1,244.39,422.35,1714.94
Chiroptera,Phyllostomidae,Platyrrhinus,recifinus,Platyrrhinus recifinus,-999,-999.0,41.49,-999.0,-999.0,-999.0,-999.0,-999.0,-999,-999.0,-999.0,1,-999.0,-999.0,-999.0,-999.0,-999.0,-999.0,-999.0,-999.0,-999.0,-999.0,-999.0,-999.0,-999,2,-999,-999.0,-999.0,-999,889;1658;2151,10.82,-999.0,-999.0,-999.0,2076551.04,-7.46,-29.67,-18.57,-34.81,-52.61,-43.71,1,70.73,3.0,0.07,112.17,214.97,1100.18,1396.81
Rodentia,Echimyidae,Proechimys,brevicauda,Proechimys brevicauda,1,284.99,-999.0,-999.0,-999.0,-999.0,-999.0,-999.0,4,-999.0,-999.0,1,0.004969113,0.004992401,-999.0,-999.0,-999.0,-999.0,-999.0,-999.0,-999.0,-999.0,-999.0,1.0,-999,1,2,-999.0,-999.0,-999,31;905;2655,-999.0,-999.0,-999.0,-999.0,1197226.52,0.35,-19.78,-9.71,-59.38,-77.75,-68.56,0,4.16,0.0,0.17,156.07,242.28,1336.93,1506.3
Chiroptera,Hipposideridae,Hipposideros,orbiculus,Hipposideros orbiculus,-999,-999.0,-999.0,-999.0,-999.0,-999.0,-999.0,-999.0,-999,-999.0,-999.0,-999,-999.0,-999.0,-999.0,-999.0,-999.0,-999.0,-999.0,-999.0,-999.0,-999.0,-999.0,-999.0,-999,-999,-999,-999.0,-999.0,-999,-999,-999.0,-999.0,-999.0,-999.0,1442.51,3.46,-1.15,1.15,101.83,101.23,101.53,36,322.29,36.0,0.15,252.04,257.99,1662.02,1851.41
Carnivora,Felidae,Felis,margarita,Felis margarita,1,2823.36,-999.0,511.33,14.0,-999.0,-999.0,-999.0,1,-999.0,63.61,1,-999.0,-999.0,197.7,4.12,-999.0,-999.0,63.99,-999.0,-999.0,-999.0,-999.0,-999.0,-999,1,3,-999.0,-999.0,-999,1113;1297;2655,-999.0,1.5,-999.0,-999.0,12141993.7,47.88,12.95,30.41,67.81,-14.58,26.61,0,10.35,0.0,0.1,7.48,223.87,125.83,1210.52
Rodentia,Muridae,Hapalomys,longicaudatus,Hapalomys longicaudatus,-999,70.0,-999.0,-999.0,-999.0,-999.0,-999.0,-999.0,1,-999.0,-999.0,-999,-999.0,-999.0,-999.0,-999.0,-999.0,-999.0,-999.0,-999.0,-999.0,-999.0,-999.0,-999.0,-999,-999,1,-999.0,-999.0,-999,679;2655,-999.0,-999.0,-999.0,-999.0,79996.41,18.22,3.21,10.71,102.8,95.98,99.39,3,91.27,5.0,0.08,233.51,249.33,1317.4,1700.93
Dasyuromorphia,Dasyuridae,Sminthopsis,aitkeni,Sminthopsis aitkeni,2,22.5,-999.0,-999.0,-999.0,-999.0,-999.0,-999.0,-999,-999.0,-999.0,1,-999.0,-999.0,-999.0,-999.0,-999.0,-999.0,-999.0,-999.0,-999.0,-999.0,-999.0,-999.0,-999,1,-999,-999.0,-999.0,-999,1760;2655,-999.0,-999.0,-999.0,-999.0,4407.63,-35.56,-36.07,-35.82,138.13,136.53,137.33,1,1.71,1.0,0.02,45.25,144.5,-999.0,-999.0
Artiodactyla,Suidae,Babyrousa,bolabatuensis,Babyrousa bolabatuensis,-999,-999.0,-999.0,-999.0,-999.0,-999.0,-999.0,-999.0,-999,-999.0,-999.0,-999,-999.0,-999.0,-999.0,-999.0,-999.0,-999.0,-999.0,-999.0,-999.0,-999.0,-999.0,-999.0,-999,-999,-999,-999.0,-999.0,-999,-999,-999.0,-999.0,-999.0,-999.0,-999.0,-999.0,-999.0,-999.0,-999.0,-999.0,-999.0,-999,-999.0,-999.0,-999.0,-999.0,-999.0,-999.0,-999.0
Chiroptera,Phyllostomidae,Sturnira,aratathomasi,Sturnira aratathomasi,-999,49.67,58.59,89.27,-999.0,-999.0,-999.0,-999.0,1,-999.0,-999.0,1,-999.0,-999.0,-999.0,0.99,-999.0,-999.0,13.6,41.03,-999.0,-999.0,-999.0,-999.0,-999,2,1,-999.0,-999.0,-999,889;1297;1658;2151;2268;2655;2677;2835,-999.0,-999.0,-999.0,-999.0,450907.36,9.34,-3.03,3.15,-69.93,-77.71,-73.82,0,51.41,1.0,0.12,188.57,227.58,1456.3,1533.95
Soricomorpha,Soricidae,Crocidura,suaveolens,Crocidura suaveolens,2,7.35,-999.0,-999.0,9.0,-999.0,-999.0,-999.0,4,-999.0,27.15,-999,-999.0,-999.0,-999.0,3.49,-999.0,32.4,0.53,-999.0,5541.66,-999.0,68.97,-999.0,-999,-999,2,28.03,54.0,-999,409;540;543;626;1297;1577;2254;2655;2951,-999.0,-999.0,-999.0,-999.0,-999.0,-999.0,-999.0,-999.0,-999.0,-999.0,-999.0,-999,-999.0,-999.0,-999.0,-999.0,-999.0,-999.0,-999.0
Rodentia,Echimyidae,Mesomys,leniceps,Mesomys leniceps,1,108.0,-999.0,-999.0,-999.0,-999.0,-999.0,-999.0,-999,-999.0,-999.0,1,-999.0,-999.0,-999.0,-999.0,-999.0,-999.0,-999.0,-999.0,-999.0,-999.0,-999.0,-999.0,-999,2,-999,-999.0,-999.0,-999,2151;2655,-999.0,-999.0,-999.0,-999.0,-999.0,-999.0,-999.0,-999.0,-999.0,-999.0,-999.0,-999,-999.0,-999.0,-999.0,-999.0,-999.0,-999.0,-999.0
Rodentia,Sciuridae,Marmota,menzbieri,Marmota menzbieri,3,-999.0,-999.0,450.0,-999.0,-999.0,-999.0,-999.0,4,-999.0,-999.0,1,-999.0,-999.0,-999.0,2.73,-999.0,180.0,-999.0,-999.0,-999.0,-999.0,943.94,-999.0,-999,1,2,-999.0,-999.0,-999,1015;1297,2386.05,-999.0,-999.0,-999.0,31538.38,42.89,40.72,41.81,71.9,69.56,70.73,9,73.74,9.0,0.05,18.87,19.46,285.78,847.45
Chiroptera,Phyllostomidae,Lionycteris,spurrelli,Lionycteris spurrelli,-999,8.85,34.99,-999.0,-999.0,-999.0,-999.0,-999.0,1,-999.0,-999.0,1,-999.0,-999.0,-999.0,0.98,-999.0,-999.0,-999.0,-999.0,-999.0,-999.0,-999.0,-999.0,-999,2,1,-999.0,-999.0,-999,196;889;1297;1658;2151;2622;2655,-999.0,-999.0,-999.0,-999.0,7325792.0,12.59,-15.1,-1.25,-44.36,-81.72,-63.04,0,15.8,0.0,0.12,173.7,243.13,1417.53,1596.72
Diprotodontia,Macropodidae,Petrogale,xanthopus,Petrogale xanthopus,-999,8499.99,-999.0,-999.0,-999.0,541.3,-999.0,-999.0,3,-999.0,33.16,1,-999.0,-999.0,196.0,1.02,-999.0,144.0,0.48,-999.0,15.0,-999.0,581.78,-999.0,-999,1,1,342.05,1581.13,-999,955;1297;1412;1760;1848;2655,-999.0,1.5,-999.0,-999.0,173888.42,-25.15,-33.62,-29.39,144.51,134.15,139.33,0,0.52,0.0,-0.04,20.98,183.45,265.57,1136.95
Primates,Cercopithecidae,Simias,concolor,Simias concolor,3,7393.9,-999.0,499.99,-999.0,-999.0,-999.0,-999.0,3,-999.0,-999.0,2,0.1,0.13,-999.0,1.02,-999.0,-999.0,-999.0,-999.0,10.9,-999.0,-999.0,2.75,-999,2,1,-999.0,-999.0,-999,741;899;1544;1547;1848;2344;2655,-999.0,-999.0,-999.0,-999.0,6044.85,-0.91,-3.34,-2.13,100.47,98.58,99.52,43,55.33,43.0,0.11,340.0,259.0,-999.0,-999.0
Rodentia,Abrocomidae,Abrocoma,uspallata,Abrocoma uspallata,-999,-999.0,-999.0,-999.0,-999.0,-999.0,-999.0,-999.0,-999,-999.0,-999.0,-999,-999.0,-999.0,-999.0,-999.0,-999.0,-999.0,-999.0,-999.0,-999.0,-999.0,-999.0,-999.0,-999,-999,-999,-999.0,-999.0,-999,-999,-999.0,-999.0,-999.0,-999.0,-999.0,-999.0,-999.0,-999.0,-999.0,-999.0,-999.0,-999,-999.0,-999.0,-999.0,-999.0,-999.0,-999.0,-999.0
Diprotodontia,Pseudocheiridae,Pseudochirulus,cinereus,Pseudochirulus cinereus,-999,977.48,-999.0,-999.0,-999.0,-999.0,-999.0,-999.0,1,-999.0,-999.0,1,-999.0,-999.0,-999.0,2.0,-999.0,-999.0,-999.0,-999.0,146.0,-999.0,-999.0,-999.0,-999,2,1,-999.0,280.0,-999,955;1848,-999.0,-999.0,-999.0,-999.0,9764.16,-15.56,-16.67,-16.12,145.32,144.15,144.74,0,0.74,0.0,0.0,108.26,225.51,1061.13,1712.37
Perissodactyla,Rhinocerotidae,Rhinoceros,sondaicus,Rhinoceros sondaicus,-999,1750000.0,-999.0,3099.99,-999.0,-999.0,-999.0,-999.0,2,-999.0,486.66,1,-999.0,-999.0,-999.0,1.0,-999.0,480.0,-999.0,-999.0,0.1,1.0,-999.0,-999.0,-999,1,1,509.21,-999.0,-999,511;543;730;899;997;2335;2655;3105,-999.0,-999.0,-999.0,-999.0,50679.79,12.37,-7.41,2.47,109.28,105.2,107.24,19,477.13,22.0,0.12,167.05,244.58,1230.73,1522.52
Carnivora,Phocidae,Phoca,vitulina,Phoca vitulina,2,87316.66,-999.0,1611.75,0.0,1095.0,32350.8,87316.67,1,38.49,288.95,2,-999.0,-999.0,365.0,1.0,-999.0,480.0,10213.75,771.42,5.68,-999.0,1526.85,-999.0,-999,1,3,30.74,21815.73,-999,367;543;1297;1763;2151;2655;2986,-999.0,1.1,-999.0,-999.0,-999.0,-999.0,-999.0,-999.0,-999.0,-999.0,-999.0,-999,-999.0,-999.0,-999.0,-999.0,-999.0,-999.0,-999.0
Chiroptera,Pteropodidae,Rousettus,celebensis,Rousettus celebensis,-999,63.07,71.76,104.5,-999.0,-999.0,-999.0,-999.0,-999,-999.0,-999.0,1,-999.0,-999.0,-999.0,1.0,-999.0,-999.0,-999.0,-999.0,-999.0,20.0,-999.0,-999.0,-999,2,-999,-999.0,-999.0,-999,77;978;1297;1658;2017;2143;2151;2655,-999.0,-999.0,-999.0,-999.0,173659.28,3.74,-5.7,-0.98,126.34,118.75,122.55,5,92.44,17.0,0.07,229.41,215.47,1812.6,1909.15
Soricomorpha,Nesophontidae,Nesophontes,zamicrus,Nesophontes zamicrus,-999,-999.0,-999.0,-999.0,-999.0,-999.0,-999.0,-999.0,-999,-999.0,-999.0,-999,-999.0,-999.0,-999.0,-999.0,-999.0,-999.0,-999.0,-999.0,-999.0,-999.0,-999.0,-999.0,-999,-999,-999,-999.0,-999.0,-999,-999,-999.0,-999.0,-999.0,-999.0,-999.0,-999.0,-999.0,-999.0,-999.0,-999.0,-999.0,-999,-999.0,-999.0,-999.0,-999.0,-999.0,-999.0,-999.0
Pilosa,Myrmecophagidae,Tamandua,tetradactyla,Tamandua tetradactyla,2,4800.0,-999.0,559.33,-999.0,-999.0,897.75,3500.0,1,-999.0,160.0,2,2.72,3.02,-999.0,1.0,1.0,108.0,-999.0,-999.0,5.31,-999.0,-999.0,1.0,-999,2,3,-999.0,-999.0,-999,543;730;889;890;1297;1822;1848;1947;2051;2151;2431;2655,-999.0,-999.0,-999.0,-999.0,12531429.9,12.2,-32.33,-10.06,-34.79,-78.21,-56.5,0,21.26,0.0,0.11,148.14,239.73,1281.33,1504.42
Artiodactyla,Bovidae,Capra,sibirica,Capra sibirica,-999,130000.0,-999.0,-999.0,-999.0,-999.0,-999.0,-999.0,-999,-999.0,175.0,-999,-999.0,-999.0,-999.0,-999.0,-999.0,267.0,3640.0,-999.0,-999.0,-999.0,-999.0,-999.0,-999,-999,-999,-999.0,-999.0,-999,543;1068;1525;2655,-999.0,-999.0,-999.0,-999.0,2802214.24,55.63,31.43,43.53,106.03,61.59,83.81,0,23.15,1.0,0.09,20.81,-12.88,271.47,677.11
Rodentia,Sciuridae,Funambulus,pennantii,Funambulus pennantii,-999,102.49,-999.0,-999.0,17.0,-999.0,-999.0,-999.0,-999,-999.0,41.77,-999,0.001374507,0.001522961,152.08,2.95,2.5,-999.0,6.54,-999.0,-999.0,-999.0,250.22,-999.0,-999,-999,-999,56.0,-999.0,-999,175;1297;1573;1849;2324;2325;2331;2343;2655;2947,-999.0,-999.0,-999.0,-999.0,2692844.28,34.3,14.91,24.6,93.32,60.48,76.9,4,319.05,15.0,0.1,81.53,244.09,631.74,1380.53
Artiodactyla,Bovidae,Hemitragus,jayakari,Hemitragus jayakari,2,22210.18,-999.0,1075.0,-999.0,-999.0,-999.0,-999.0,3,-999.0,164.31,1,-999.0,-999.0,-999.0,1.0,-999.0,168.0,-999.0,-999.0,-999.0,-999.0,-999.0,-999.0,3,1,1,-999.0,-999.0,-999,511;543;899;1848;2555;2655,-999.0,-999.0,-999.0,-999.0,16233.68,26.15,22.42,24.28,59.29,56.23,57.76,4,40.38,4.5,0.19,6.05,220.21,148.74,1351.58
Dasyuromorphia,Dasyuridae,Antechinus,swainsonii,Antechinus swainsonii,2,58.69,-999.0,-999.0,-999.0,-999.0,-999.0,-999.0,2,-999.0,29.69,2,-999.0,-999.0,365.0,8.24,1.0,24.0,-999.0,-999.0,974.49,-999.0,319.37,-999.0,-999,1,2,105.66,8.83,-999,796;955;1297;1412;1760;1762;1848;2484;2574;2655,-999.0,-999.0,-999.0,-999.0,319669.55,-26.69,-43.06,-34.87,153.63,141.21,147.42,0,37.92,1.0,0.03,70.99,136.67,677.94,1059.91
Chiroptera,Vespertilionidae,Myotis,abei,Myotis abei,-999,-999.0,34.0,-999.0,-999.0,-999.0,-999.0,-999.0,-999,-999.0,-999.0,1,-999.0,-999.0,-999.0,-999.0,-999.0,-999.0,-999.0,-999.0,-999.0,-999.0,-999.0,-999.0,-999,2,-999,-999.0,-999.0,-999,1658;2151,6.11,-999.0,-999.0,-999.0,5.11,48.64,48.61,48.63,142.81,142.78,142.8,8,8.0,8.0,-0.11,52.0,-9.0,-999.0,-999.0
Artiodactyla,Bovidae,Tragelaphus,eurycerus,Tragelaphus eurycerus,2,270998.37,-999.0,2274.99,-999.0,-999.0,-999.0,-999.0,4,-999.0,284.99,1,-999.0,-999.0,-999.0,1.0,-999.0,233.0,19944.92,-999.0,0.4,-999.0,887.46,13.5,-999,1,1,-999.0,-999.0,-999,543;869;917;1297;1525;1848;2366;2655;2693;2875;2882;2986,-999.0,-999.0,-999.0,-999.0,2564432.61,10.0,-5.83,2.08,37.81,-12.64,12.58,0,30.97,1.0,0.11,143.55,243.77,1379.01,1585.05
Dasyuromorphia,Myrmecobiidae,Myrmecobius,fasciatus,Myrmecobius fasciatus,2,511.44,-999.0,230.0,-999.0,-999.0,164.8,440.0,1,-999.0,14.0,2,0.24,0.35,365.0,3.68,-999.0,72.0,-999.0,-999.0,5.3,-999.0,-999.0,1.0,-999,1,3,269.23,-999.0,-999,543;899;955;1297;1412;1760;1822;1848;1947;2655,-999.0,1.1,-999.0,-999.0,7560.06,-32.96,-34.69,-33.82,117.45,116.63,117.04,0,0.79,0.0,-0.04,58.51,144.04,456.39,1024.83
Rodentia,Nesomyidae,Eliurus,webbi,Eliurus webbi,-999,61.13,-999.0,-999.0,-999.0,-999.0,-999.0,-999.0,1,-999.0,-999.0,-999,-999.0,-999.0,-999.0,-999.0,-999.0,-999.0,-999.0,-999.0,-999.0,2.0,-999.0,-999.0,-999,-999,1,-999.0,-999.0,-999,1048;1133;2655;2723,-999.0,-999.0,-999.0,-999.0,85117.66,-12.35,-23.07,-17.71,50.46,46.78,48.62,8,43.45,11.0,0.17,178.33,200.16,1366.14,1588.21
Rodentia,Geomyidae,Pappogeomys,bulleri,Pappogeomys bulleri,-999,150.0,-999.0,-999.0,-999.0,-999.0,-999.0,-999.0,3,-999.0,-999.0,2,-999.0,-999.0,-999.0,0.97,-999.0,-999.0,-999.0,-999.0,-999.0,-999.0,-999.0,-999.0,-999,1,1,-999.0,-999.0,-999,1297;2151;2655,-999.0,-999.0,-999.0,-999.0,35746.47,21.86,18.73,20.3,-103.15,-105.7,-104.42,5,73.81,7.0,0.07,79.39,205.46,818.29,1567.62
Chiroptera,Molossidae,Tadarida,kuboriensis,Tadarida kuboriensis,-999,26.8,-999.0,-999.0,-999.0,-999.0,-999.0,-999.0,-999,-999.0,-999.0,-999,-999.0,-999.0,-999.0,-999.0,-999.0,-999.0,-999.0,-999.0,-999.0,-999.0,-999.0,-999.0,-999,-999,-999,-999.0,-999.0,-999,2622,-999.0,-999.0,-999.0,-999.0,182715.75,-3.33,-10.12,-6.72,149.62,137.82,143.72,1,9.51,2.0,0.14,269.77,208.03,1678.34,1681.47
Didelphimorphia,Didelphidae,Monodelphis,americana,Monodelphis americana,3,19.5,-999.0,107.0,-999.0,-999.0,-999.0,-999.0,1,-999.0,-999.0,2,0.000536788,0.000463036,-999.0,-999.0,-999.0,-999.0,-999.0,-999.0,-999.0,-999.0,-999.0,-999.0,-999,2,3,-999.0,-999.0,-999,48;889;905;2655,-999.0,-999.0,-999.0,-999.0,1022061.77,-0.53,-23.84,-12.19,-34.79,-49.25,-42.02,3,97.33,8.0,0.07,130.09,227.39,1143.3,1507.47
Chiroptera,Pteropodidae,Pteropus,vetulus,Pteropus vetulus,-999,151.54,101.83,135.99,-999.0,-999.0,-999.0,-999.0,-999,-999.0,-999.0,1,-999.0,-999.0,-999.0,-999.0,-999.0,-999.0,-999.0,-999.0,-999.0,-999.0,-999.0,-999.0,-999,2,-999,-999.0,-999.0,-999,978;1658;2151;2655,-999.0,-999.0,-999.0,-999.0,16470.95,-20.08,-22.39,-21.24,167.02,163.98,165.5,10,10.0,10.0,0.11,87.85,205.31,-999.0,-999.0
Didelphimorphia,Didelphidae,Micoureus,alstoni,Micoureus alstoni,1,132.3,-999.0,192.5,-999.0,-999.0,-999.0,-999.0,-999,-999.0,-999.0,-999,-999.0,-999.0,-999.0,-999.0,-999.0,-999.0,-999.0,-999.0,-999.0,-999.0,-999.0,-999.0,-999,-999,-999,-999.0,-999.0,-999,889;1760;2655,-999.0,-999.0,-999.0,-999.0,196544.91,17.19,9.39,13.29,-82.79,-89.21,-86.0,2,38.82,3.0,0.2,209.32,230.63,1387.21,1651.01
Chiroptera,Pteropodidae,Paranyctimene,raptor,Paranyctimene raptor,-999,24.94,51.66,77.67,-999.0,-999.0,32.54,22.45,1,-999.0,-999.0,1,-999.0,-999.0,-999.0,0.98,2.0,-999.0,-999.0,-999.0,-999.0,-999.0,-999.0,1.0,-999,2,1,-999.0,-999.0,-999,196;360;406;1297;1658;1822;1948;1950;2143;2151;2622;2655,-999.0,-999.0,-999.0,-999.0,361367.13,-0.89,-10.7,-5.79,150.8,130.63,140.72,1,8.6,1.0,0.1,283.61,226.93,1668.68,1687.15
Dasyuromorphia,Dasyuridae,Dasyurus,hallucatus,Dasyurus hallucatus,2,470.92,-999.0,214.16,-999.0,-999.0,297.84,584.0,-999,-999.0,-999.0,1,0.02,0.02,365.0,6.39,1.0,34.8,-999.0,-999.0,16.24,-999.0,374.16,-999.0,8,1,-999,141.89,100.0,-999,800;955;1297;1412;1760;1822;1848;2484;2565;2655,-999.0,-999.0,-999.0,-999.0,578100.34,-10.69,-25.32,-18.0,152.55,115.42,133.98,0,2.04,0.0,0.04,76.89,245.05,804.58,1698.75
Soricomorpha,Soricidae,Crocidura,hilliana,Crocidura hilliana,-999,-999.0,-999.0,-999.0,-999.0,-999.0,-999.0,-999.0,-999,-999.0,-999.0,-999,-999.0,-999.0,-999.0,-999.0,-999.0,-999.0,-999.0,-999.0,-999.0,-999.0,-999.0,-999.0,-999,-999,-999,-999.0,-999.0,-999,-999,-999.0,-999.0,-999.0,-999.0,-999.0,-999.0,-999.0,-999.0,-999.0,-999.0,-999.0,-999,-999.0,-999.0,-999.0,-999.0,-999.0,-999.0,-999.0
Chiroptera,Molossidae,Molossus,barnesi,Molossus barnesi,-999,-999.0,-999.0,-999.0,-999.0,-999.0,-999.0,-999.0,-999,-999.0,-999.0,-999,-999.0,-999.0,-999.0,-999.0,-999.0,-999.0,-999.0,-999.0,-999.0,-999.0,-999.0,-999.0,-999,-999,-999,-999.0,-999.0,-999,-999,-999.0,-999.0,-999.0,-999.0,3843.41,5.29,4.7,4.99,-52.27,-53.14,-52.7,0,9.0,0.0,0.19,303.4,246.59,1552.0,1739.01
Rodentia,Cricetidae,Arvicola,amphibius,Arvicola amphibius,-999,120.0,-999.0,193.57,-999.0,365.0,113.1,97.5,-999,-999.0,21.24,-999,-999.0,-999.0,22.0,4.76,3.5,60.0,5.29,-999.0,57067.85,-999.0,48.43,-999.0,-999,-999,-999,14.0,-999.0,-999,222;543;730;1020;1297;1577;1822;1849;1949;2655;2678;2732;2733,-999.0,-999.0,-999.0,-999.0,18177352.0,71.13,31.28,51.2,138.21,-7.8,65.2,0,45.95,0.0,0.005328653,39.14,10.26,348.9,467.63
Chiroptera,Pteropodidae,Pteropus,admiralitatum,Pteropus admiralitatum,-999,306.46,115.0,179.97,-999.0,-999.0,-999.0,-999.0,-999,-999.0,-999.0,1,-999.0,-999.0,-999.0,1.0,-999.0,-999.0,-999.0,-999.0,-999.0,29.0,-999.0,-999.0,-999,2,-999,-999.0,-999.0,-999,78;406;978;1658;2151;2280;2655,-999.0,-999.0,-999.0,-999.0,28281.49,-1.31,-9.94,-5.63,161.39,145.04,153.21,0,12.99,10.0,0.14,189.91,255.51,-999.0,-999.0
Scandentia,Tupaiidae,Tupaia,montana,Tupaia montana,3,168.05,-999.0,185.0,-999.0,-999.0,-999.0,-999.0,4,-999.0,48.99,1,-999.0,-999.0,-999.0,2.01,-999.0,-999.0,11.0,-999.0,-999.0,-999.0,-999.0,-999.0,-999,1,2,27.84,-999.0,-999,899;1297;2152;2655,-999.0,-999.0,-999.0,-999.0,62408.01,7.03,3.85,5.44,117.93,113.82,115.87,3,45.11,3.5,0.24,267.88,237.74,1780.53,1838.59
Carnivora,Viverridae,Genetta,victoriae,Genetta victoriae,-999,2743.69,-999.0,570.78,-999.0,-999.0,-999.0,-999.0,-999,-999.0,-999.0,1,-999.0,-999.0,-999.0,-999.0,-999.0,-999.0,-999.0,-999.0,-999.0,-999.0,-999.0,-999.0,-999,1,-999,-999.0,-999.0,-999,1113;2655,-999.0,-999.0,-999.0,-999.0,657455.4,4.87,-4.38,0.24,30.13,17.68,23.91,1,25.47,2.0,0.14,140.08,234.39,1466.33,1613.43
Rodentia,Cricetidae,Akodon,bogotensis,Akodon bogotensis,-999,12.99,-999.0,-999.0,-999.0,-999.0,-999.0,-999.0,-999,-999.0,-999.0,-999,-999.0,-999.0,-999.0,-999.0,-999.0,-999.0,-999.0,-999.0,-999.0,-999.0,-999.0,-999.0,-999,-999,-999,-999.0,-999.0,-999,2655,-999.0,-999.0,-999.0,-999.0,117248.52,10.03,2.08,6.06,-69.82,-75.42,-72.62,2,73.76,5.0,0.09,109.88,201.66,1394.45,1555.13
Artiodactyla,Bovidae,Addax,nasomaculatus,Addax nasomaculatus,1,96077.36,-999.0,-999.0,-999.0,1066.86,-999.0,-999.0,5,-999.0,262.74,1,-999.0,-999.0,360.0,1.0,-999.0,308.04,5633.76,-999.0,-999.0,61.25,-999.0,12.62,4,1,1,-999.0,-999.0,-999,511;543;899;1297;1525;1848;2655;2693,-999.0,1.1,-999.0,-999.0,1168708.88,26.45,14.6,20.52,32.63,-16.77,7.93,0,1.49,0.0,0.08,5.51,264.48,130.78,1382.39
Carnivora,Otariidae,Arctocephalus,galapagoensis,Arctocephalus galapagoensis,1,39448.04,-999.0,1352.21,0.0,-999.0,12433.8,45950.0,6,1095.0,215.94,2,-999.0,-999.0,730.0,1.0,-999.0,264.0,3499.99,-999.0,-999.0,-999.0,1683.65,-999.0,-999,1,2,821.25,12927.84,-999,367;543;890;1297;1763;2151;2655;2986,-999.0,0.77,-999.0,-999.0,-999.0,-999.0,-999.0,-999.0,-999.0,-999.0,-999.0,-999,-999.0,-999.0,-999.0,-999.0,-999.0,-999.0,-999.0
Rodentia,Cricetidae,Habromys,ixtlani,Habromys ixtlani,-999,-999.0,-999.0,-999.0,-999.0,-999.0,-999.0,-999.0,-999,-999.0,-999.0,-999,-999.0,-999.0,-999.0,-999.0,-999.0,-999.0,-999.0,-999.0,-999.0,-999.0,-999.0,-999.0,-999,-999,-999,-999.0,-999.0,-999,-999,-999.0,-999.0,-999.0,-999.0,-999.0,-999.0,-999.0,-999.0,-999.0,-999.0,-999.0,-999,-999.0,-999.0,-999.0,-999.0,-999.0,-999.0,-999.0
Rodentia,Gliridae,Graphiurus,nagtglasii,Graphiurus nagtglasii,1,30.0,-999.0,-999.0,-999.0,-999.0,-999.0,-999.0,4,-999.0,-999.0,2,-999.0,-999.0,-999.0,3.11,-999.0,-999.0,-999.0,-999.0,-999.0,-999.0,-999.0,-999.0,7,2,2,-999.0,-999.0,-999,1297;2151;2655,-999.0,-999.0,-999.0,-999.0,758306.28,13.41,1.67,7.54,18.32,-12.29,3.01,1,75.64,2.0,0.09,149.41,253.82,1250.38,1549.79
Rodentia,Spalacidae,Tachyoryctes,ruandae,Tachyoryctes ruandae,-999,-999.0,-999.0,-999.0,-999.0,-999.0,-999.0,-999.0,-999,-999.0,48.63,-999,-999.0,-999.0,-999.0,1.4,-999.0,-999.0,20.0,-999.0,-999.0,-999.0,-999.0,-999.0,-999,-999,-999,-999.0,-999.0,-999,2360;2361,-999.0,-999.0,-999.0,-999.0,45270.89,-1.23,-3.98,-2.6,31.02,28.31,29.67,29,178.85,30.0,0.06,97.93,184.07,1306.79,1501.56
Primates,Cebidae,Saguinus,melanoleucus,Saguinus melanoleucus,-999,-999.0,-999.0,-999.0,-999.0,-999.0,-999.0,-999.0,-999,-999.0,-999.0,-999,-999.0,-999.0,-999.0,-999.0,-999.0,-999.0,-999.0,-999.0,-999.0,-999.0,-999.0,-999.0,-999,-999,-999,-999.0,-999.0,-999,-999,-999.0,-999.0,-999.0,-999.0,47371.93,-6.8,-10.05,-8.42,-70.03,-72.8,-71.42,0,1.46,1.0,0.03,183.93,247.81,1531.71,1574.18
Primates,Cebidae,Saguinus,labiatus,Saguinus labiatus,3,508.46,-999.0,-999.0,-999.0,-999.0,-999.0,-999.0,-999,-999.0,144.16,1,0.19,0.32,299.3,1.84,-999.0,-999.0,40.67,-999.0,14.08,-999.0,-999.0,5.25,-999,2,-999,-999.0,-999.0,-999,730;905;1125;1297;1544;1547;2151;2344;2493;2655;2660;2663;2986,-999.0,1.21,-999.0,-999.0,253794.53,-1.74,-11.07,-6.4,-59.06,-69.53,-64.29,0,2.41,0.0,0.15,168.04,256.81,1462.06,1604.76
Chiroptera,Rhinolophidae,Rhinolophus,maclaudi,Rhinolophus maclaudi,-999,-999.0,63.03,-999.0,-999.0,-999.0,-999.0,-999.0,-999,-999.0,-999.0,1,-999.0,-999.0,-999.0,0.98,-999.0,-999.0,-999.0,-999.0,-999.0,-999.0,-999.0,-999.0,-999,2,-999,-999.0,-999.0,-999,1297;1658;2151;2642;2655,35.84,-999.0,-999.0,-999.0,123994.44,10.25,6.54,8.4,10.07,-13.65,-1.79,3,66.4,18.0,0.07,182.55,257.93,1035.41,1557.86
Didelphimorphia,Didelphidae,Marmosops,impavidus,Marmosops impavidus,1,41.71,-999.0,137.5,-999.0,-999.0,-999.0,-999.0,-999,-999.0,-999.0,2,-999.0,-999.0,-999.0,-999.0,-999.0,-999.0,-999.0,-999.0,-999.0,-999.0,-999.0,-999.0,-999,2,-999,-999.0,-999.0,-999,889;890;1760;2655,-999.0,-999.0,-999.0,-999.0,973342.07,8.19,-10.27,-1.03,-65.38,-79.66,-72.52,0,27.97,0.0,0.11,199.1,227.51,1417.42,1513.91
Soricomorpha,Soricidae,Crocidura,beccarii,Crocidura beccarii,-999,-999.0,-999.0,-999.0,-999.0,-999.0,-999.0,-999.0,-999,-999.0,-999.0,-999,-999.0,-999.0,-999.0,-999.0,-999.0,-999.0,-999.0,-999.0,-999.0,-999.0,-999.0,-999.0,-999,-999,-999,-999.0,-999.0,-999,-999,-999.0,-999.0,-999.0,-999.0,2324.82,0.39,-0.09,0.15,100.44,99.95,100.2,69,122.66,69.0,0.06,222.33,220.66,1581.33,1581.33
Chiroptera,Vespertilionidae,Nyctophilus,heran,Nyctophilus heran,-999,-999.0,-999.0,-999.0,-999.0,-999.0,-999.0,-999.0,-999,-999.0,-999.0,1,-999.0,-999.0,-999.0,-999.0,-999.0,-999.0,-999.0,-999.0,-999.0,-999.0,-999.0,-999.0,-999,2,-999,-999.0,-999.0,-999,2151,-999.0,-999.0,-999.0,-999.0,1261.04,-8.17,-8.58,-8.38,123.91,123.19,123.55,123,132.24,123.0,-0.01,-999.0,-999.0,-999.0,-999.0
Artiodactyla,Cervidae,Mazama,bricenii,Mazama bricenii,-999,16499.85,-999.0,-999.0,-999.0,-999.0,-999.0,-999.0,-999,-999.0,-999.0,1,-999.0,-999.0,-999.0,-999.0,-999.0,-999.0,-999.0,-999.0,-999.0,-999.0,-999.0,-999.0,-999,1,-999,-999.0,-999.0,-999,2151;2655,-999.0,-999.0,-999.0,-999.0,83134.92,10.48,1.88,6.18,-69.31,-75.83,-72.57,2,74.21,6.0,0.09,106.98,193.15,1412.72,1582.86
Diprotodontia,Macropodidae,Petrogale,coenensis,Petrogale coenensis,-999,-999.0,-999.0,-999.0,-999.0,-999.0,-999.0,-999.0,-999,-999.0,-999.0,-999,-999.0,-999.0,-999.0,-999.0,-999.0,-999.0,-999.0,-999.0,-999.0,-999.0,-999.0,-999.0,-999,-999,-999,-999.0,-999.0,-999,-999,-999.0,-999.0,-999.0,-999.0,17688.74,-12.43,-14.66,-13.54,143.84,142.75,143.3,0,0.0,0.0,-999.0,104.67,272.58,895.8,1684.04
Macroscelidea,Macroscelididae,Elephantulus,revoili,Elephantulus revoili,-999,32.49,-999.0,-999.0,-999.0,-999.0,-999.0,-999.0,-999,-999.0,-999.0,-999,-999.0,-999.0,-999.0,-999.0,-999.0,-999.0,-999.0,-999.0,-999.0,-999.0,-999.0,-999.0,-999,-999,-999,-999.0,-999.0,-999,2655,-999.0,-999.0,-999.0,-999.0,127810.0,11.32,8.2,9.76,49.68,41.79,45.73,1,11.59,2.0,0.04,18.06,243.2,243.78,1757.37
Afrosoricida,Chrysochloridae,Chrysospalax,trevelyani,Chrysospalax trevelyani,2,434.04,-999.0,234.94,-999.0,-999.0,-999.0,-999.0,2,-999.0,115.0,2,0.000602526,0.000615355,-999.0,1.41,1.0,48.0,28.0,-999.0,1000.0,2.0,-999.0,1.0,-999,1,3,-999.0,-999.0,-999,470;846;948;1338;1339;1848;1855;1856;2131;2303;2629;2655,-999.0,-999.0,-999.0,-999.0,43844.11,-30.48,-33.56,-32.02,30.47,27.0,28.74,10,73.38,17.0,0.09,63.73,156.04,956.76,1171.87
Chiroptera,Pteropodidae,Pteropus,personatus,Pteropus personatus,-999,130.84,91.9,136.38,-999.0,-999.0,-999.0,-999.0,-999,-999.0,-999.0,1,-999.0,-999.0,-999.0,-999.0,-999.0,-999.0,-999.0,-999.0,-999.0,-999.0,-999.0,-999.0,-999,2,-999,-999.0,-999.0,-999,978;1658;2151;2655,-999.0,-999.0,-999.0,-999.0,25383.48,2.64,-1.74,0.45,128.9,127.28,128.09,5,35.19,5.0,0.04,201.4,250.0,-999.0,-999.0
Soricomorpha,Soricidae,Crocidura,telfordi,Crocidura telfordi,-999,-999.0,-999.0,-999.0,-999.0,-999.0,-999.0,-999.0,-999,-999.0,-999.0,-999,-999.0,-999.0,-999.0,-999.0,-999.0,-999.0,-999.0,-999.0,-999.0,-999.0,-999.0,-999.0,-999,-999,-999,-999.0,-999.0,-999,-999,-999.0,-999.0,-999.0,-999.0,451.92,-6.73,-6.95,-6.84,37.74,37.52,37.63,36,36.0,36.0,0.16,73.0,246.0,1032.0,1494.0
Chiroptera,Rhinolophidae,Rhinolophus,cornutus,Rhinolophus cornutus,-999,7.27,40.5,-999.0,14.0,-999.0,-999.0,-999.0,1,-999.0,-999.0,1,-999.0,-999.0,-999.0,1.0,-999.0,-999.0,2.57,-999.0,-999.0,-999.0,-999.0,-999.0,-999,2,3,41.85,6.41,-999,185;196;679;1297;1658;1705;2151;2655;3108,-999.0,-999.0,-999.0,-999.0,365187.97,45.52,24.24,34.88,145.82,123.66,134.74,56,314.89,73.0,0.01,132.24,90.59,743.5,799.35
Lagomorpha,Prolagidae,Prolagus,sardus,Prolagus sardus,-999,-999.0,-999.0,225.0,-999.0,-999.0,-999.0,-999.0,-999,-999.0,-999.0,-999,-999.0,-999.0,-999.0,-999.0,-999.0,-999.0,-999.0,-999.0,-999.0,-999.0,-999.0,-999.0,-999,-999,-999,-999.0,-999.0,-999,1712,322.55,-999.0,-999.0,-999.0,-999.0,-999.0,-999.0,-999.0,-999.0,-999.0,-999.0,-999,-999.0,-999.0,-999.0,-999.0,-999.0,-999.0,-999.0
Soricomorpha,Soricidae,Crocidura,niobe,Crocidura niobe,-999,16.0,-999.0,-999.0,-999.0,-999.0,-999.0,-999.0,-999,-999.0,-999.0,-999,-999.0,-999.0,-999.0,2.99,-999.0,-999.0,-999.0,-999.0,-999.0,-999.0,-999.0,-999.0,-999,-999,-999,-999.0,-999.0,-999,1297;2655,-999.0,-999.0,-999.0,-999.0,50103.11,0.9,-1.21,-0.15,31.45,28.64,30.05,14,106.49,42.0,0.17,106.65,199.92,1355.19,1504.96
Carnivora,Viverridae,Genetta,thierryi,Genetta thierryi,-999,1400.0,-999.0,418.64,-999.0,-999.0,-999.0,-999.0,-999,-999.0,-999.0,1,-999.0,-999.0,-999.0,-999.0,-999.0,-999.0,-999.0,-999.0,-999.0,-999.0,-999.0,-999.0,-999,1,-999,-999.0,-999.0,-999,1113;2655,-999.0,-999.0,-999.0,-999.0,2289307.11,17.79,4.83,11.31,15.15,-17.53,-1.18,2,73.19,6.0,0.12,108.6,265.67,915.75,1587.08
Rodentia,Geomyidae,Orthogeomys,hispidus,Orthogeomys hispidus,-999,499.99,-999.0,-999.0,-999.0,-999.0,-999.0,-999.0,3,-999.0,-999.0,2,-999.0,-999.0,-999.0,1.97,-999.0,-999.0,-999.0,-999.0,-999.0,-999.0,-999.0,-999.0,-999,1,1,-999.0,-999.0,-999,1297;2151;2655,-999.0,-999.0,-999.0,-999.0,399397.84,23.45,14.19,18.82,-86.86,-99.87,-93.36,3,56.13,4.0,0.14,116.21,234.91,1260.67,1570.09
Afrosoricida,Tenrecidae,Microgale,dryas,Microgale dryas,-999,40.0,-999.0,-999.0,-999.0,-999.0,-999.0,-999.0,-999,-999.0,-999.0,-999,-999.0,-999.0,-999.0,-999.0,-999.0,-999.0,-999.0,-999.0,-999.0,-999.0,-999.0,-999.0,-999,-999,-999,-999.0,-999.0,-999,2655,-999.0,-999.0,-999.0,-999.0,87.5,-16.47,-16.56,-16.52,49.12,49.03,49.07,16,19.99,16.0,0.17,201.95,196.0,1473.97,1562.51
Chiroptera,Vespertilionidae,Lasiurus,borealis,Lasiurus borealis,-999,12.33,40.71,-999.0,-999.0,-999.0,17.44,12.2,1,-999.0,84.21,1,-999.0,-999.0,-999.0,3.12,1.0,-999.0,4.29,23.77,-999.0,-999.0,-999.0,1.0,-999,2,3,38.0,5.84,-999,186;196;662;670;1006;1085;1297;1658;1693;1705;2143;2151;2617;2622;2655;2702;2719;3047,-999.0,-999.0,-999.0,-999.0,2598559.1,47.84,24.94,36.39,-60.96,-93.4,-77.18,0,80.18,4.0,0.04,87.53,119.77,790.22,874.07
Rodentia,Sciuridae,Funisciurus,pyrropus,Funisciurus pyrropus,3,243.18,-999.0,204.81,-999.0,-999.0,181.29,244.0,1,-999.0,-999.0,1,-999.0,-999.0,-999.0,1.26,-999.0,-999.0,-999.0,-999.0,-999.0,-999.0,-999.0,-999.0,-999,1,1,-999.0,-999.0,-999,900;901;904;1297;1599;1822;2495;2655,-999.0,-999.0,-999.0,-999.0,3542071.4,13.37,-8.12,2.62,34.07,-16.13,8.96,0,40.56,1.0,0.12,149.16,244.1,1328.27,1550.95
Carnivora,Canidae,Vulpes,corsac,Vulpes corsac,1,2615.33,-999.0,578.27,-999.0,-999.0,-999.0,-999.0,6,-999.0,54.99,1,-999.0,-999.0,365.0,5.62,-999.0,-999.0,63.12,-999.0,-999.0,-999.0,1024.89,-999.0,-999,1,2,54.56,-999.0,-999,1113;1297;2655,-999.0,1.1,-999.0,-999.0,6378396.4,54.73,29.19,41.96,125.77,59.02,92.4,0,22.43,0.0,0.08,19.36,37.75,230.03,718.59
Soricomorpha,Soricidae,Crocidura,ansellorum,Crocidura ansellorum,-999,-999.0,-999.0,-999.0,-999.0,-999.0,-999.0,-999.0,-999,-999.0,-999.0,-999,-999.0,-999.0,-999.0,-999.0,-999.0,-999.0,-999.0,-999.0,-999.0,-999.0,-999.0,-999.0,-999,-999,-999,-999.0,-999.0,-999,-999,-999.0,-999.0,-999.0,-999.0,39928.17,-10.84,-12.65,-11.75,26.16,23.45,24.81,2,8.43,2.0,0.3,104.85,206.58,896.98,1434.71
Scandentia,Tupaiidae,Tupaia,minor,Tupaia minor,3,70.0,-999.0,185.0,-999.0,-999.0,-999.0,-999.0,4,-999.0,-999.0,-999,-999.0,-999.0,-999.0,1.93,-999.0,-999.0,-999.0,-999.0,-999.0,-999.0,-999.0,-999.0,-999,-999,2,-999.0,-999.0,-999,1297;2152;2655,-999.0,-999.0,-999.0,-999.0,1286356.26,9.33,-5.94,1.69,118.78,95.18,106.98,1,73.41,4.0,0.15,241.37,248.57,1683.73,1745.68
Carnivora,Mustelidae,Lontra,canadensis,Lontra canadensis,2,8087.42,-999.0,683.1,33.12,730.0,-999.0,-999.0,1,225.0,58.4,2,14.18,16.95,365.0,2.67,-999.0,300.0,135.94,-999.0,1.12,-999.0,729.99,-999.0,4,1,3,121.66,-999.0,-999,543;1113;1297;2338;2655,-999.0,1.1,-999.0,-999.0,11887021.15,70.25,24.94,47.6,-52.63,-168.12,-110.38,0,19.38,0.0,0.05,55.55,10.63,431.41,524.75
Chiroptera,Pteropodidae,Pteropus,speciosus,Pteropus speciosus,-999,-999.0,121.5,-999.0,-999.0,-999.0,-999.0,-999.0,-999,-999.0,-999.0,1,-999.0,-999.0,-999.0,-999.0,-999.0,-999.0,-999.0,-999.0,-999.0,-999.0,-999.0,-999.0,-999,2,-999,-999.0,-999.0,-999,78;978;1658;2151,234.85,-999.0,-999.0,-999.0,96863.56,9.82,-5.58,2.11,126.6,114.39,120.5,0,161.5,35.0,0.12,170.68,236.39,1567.81,1734.24
Rodentia,Cricetidae,Microtus,limnophilus,Microtus limnophilus,-999,-999.0,-999.0,-999.0,-999.0,-999.0,-999.0,-999.0,-999,-999.0,-999.0,-999,-999.0,-999.0,-999.0,-999.0,-999.0,-999.0,-999.0,-999.0,-999.0,-999.0,-999.0,-999.0,-999,-999,-999,-999.0,-999.0,-999,-999,-999.0,-999.0,-999.0,-999.0,909659.0,48.73,36.07,42.4,104.66,90.21,97.44,0,3.52,0.0,0.02,14.05,2.21,152.83,624.78
Artiodactyla,Bovidae,Aepyceros,melampus,Aepyceros melampus,3,52591.69,-999.0,1420.0,-999.0,730.0,-999.0,-999.0,2,-999.0,196.74,1,1.97,2.36,365.0,0.98,-999.0,213.0,5238.4,-999.0,13.36,-999.0,498.97,15.25,4,1,1,150.0,14563.8,-999,543;730;854;869;1297;1525;1573;1763;1848;2338;2620;2629;2655;2693;3057,-999.0,1.1,-999.0,-999.0,3926868.66,2.58,-28.42,-12.91,40.84,11.71,26.27,0,37.6,1.0,0.15,73.05,216.36,841.64,1480.32
Carnivora,Viverridae,Prionodon,linsang,Prionodon linsang,1,684.83,-999.0,399.17,-999.0,-999.0,-999.0,-999.0,6,-999.0,-999.0,1,-999.0,-999.0,182.5,2.3,-999.0,128.4,40.0,-999.0,-999.0,-999.0,-999.0,-999.0,4,1,2,-999.0,-999.0,-999,543;1113;1297;2655,-999.0,1.56,-999.0,-999.0,1202013.54,16.69,-8.78,3.95,119.26,95.18,107.22,1,172.11,4.0,0.12,236.46,249.83,1621.57,1750.87
Didelphimorphia,Didelphidae,Micoureus,demerarae,Micoureus demerarae,1,102.28,-999.0,168.6,-999.0,-999.0,-999.0,-999.0,1,-999.0,-999.0,2,-999.0,-999.0,-999.0,6.29,-999.0,-999.0,-999.0,-999.0,26.38,-999.0,323.13,-999.0,11,2,3,-999.0,-999.0,-999,890;955;1760;2655,-999.0,-999.0,-999.0,-999.0,10966042.03,10.41,-27.45,-8.52,-34.79,-77.93,-56.36,0,19.39,0.0,0.11,153.67,242.73,1302.74,1531.63
Chiroptera,Molossidae,Otomops,martiensseni,Otomops martiensseni,-999,34.92,65.31,-999.0,-999.0,456.25,-999.0,-999.0,2,-999.0,92.54,1,-999.0,-999.0,-999.0,0.99,1.0,-999.0,7.99,-999.0,-999.0,20.0,371.23,-999.0,-999,2,2,-999.0,-999.0,-999,196;945;1297;1384;1658;1809;2093;2143;2151;2622;2655;2719;3023,-999.0,-999.0,-999.0,-999.0,6798311.47,5.19,-32.66,-13.73,42.17,13.88,28.03,0,33.97,2.0,0.15,95.23,226.35,1019.57,1508.4
Chiroptera,Molossidae,Cynomops,mexicanus,Cynomops mexicanus,-999,-999.0,-999.0,-999.0,-999.0,-999.0,-999.0,-999.0,-999,-999.0,-999.0,-999,-999.0,-999.0,-999.0,-999.0,-999.0,-999.0,-999.0,-999.0,-999.0,-999.0,-999.0,-999.0,-999,-999,-999,-999.0,-999.0,-999,-999,-999.0,-999.0,-999.0,-999.0,552617.08,20.04,7.2,13.62,-79.99,-105.41,-92.7,2,60.5,4.0,0.12,159.18,223.7,1165.43,1665.21
Rodentia,Nesomyidae,Petromyscus,monticularis,Petromyscus monticularis,-999,20.72,-999.0,-999.0,-999.0,-999.0,-999.0,-999.0,-999,-999.0,-999.0,-999,-999.0,-999.0,-999.0,-999.0,-999.0,-999.0,-999.0,-999.0,-999.0,-999.0,-999.0,-999.0,-999,-999,-999,-999.0,-999.0,-999,2655,-999.0,-999.0,-999.0,-999.0,50605.31,-26.2,-28.55,-27.37,20.01,16.99,18.5,0,0.43,0.0,0.0,9.28,199.03,183.26,1181.65
Chiroptera,Vespertilionidae,Pipistrellus,aero,Pipistrellus aero,-999,-999.0,32.0,-999.0,-999.0,-999.0,-999.0,-999.0,-999,-999.0,-999.0,1,-999.0,-999.0,-999.0,-999.0,-999.0,-999.0,-999.0,-999.0,-999.0,-999.0,-999.0,-999.0,-999,2,-999,-999.0,-999.0,-999,1658;2151,5.14,-999.0,-999.0,-999.0,35388.28,2.52,-1.57,0.47,37.8,36.39,37.1,1,104.33,1.0,0.13,65.76,200.14,937.49,1463.89
Dasyuromorphia,Dasyuridae,Sminthopsis,youngsoni,Sminthopsis youngsoni,2,11.14,-999.0,-999.0,-999.0,-999.0,-999.0,-999.0,-999,-999.0,-999.0,1,-999.0,-999.0,365.0,5.49,-999.0,-999.0,-999.0,-999.0,-999.0,-999.0,-999.0,-999.0,-999,1,-999,-999.0,-999.0,-999,955;1760;2655,-999.0,1.1,-999.0,-999.0,1301460.1,-18.49,-25.92,-22.21,140.06,113.57,126.82,0,0.03,0.0,0.03,23.86,231.65,327.1,1385.93
Chiroptera,Nycteridae,Nycteris,major,Nycteris major,-999,-999.0,47.0,-999.0,-999.0,-999.0,-999.0,-999.0,-999,-999.0,-999.0,1,-999.0,-999.0,-999.0,-999.0,-999.0,-999.0,-999.0,-999.0,-999.0,-999.0,-999.0,-999.0,-999,2,-999,-999.0,-999.0,-999,1658;2151,15.46,-999.0,-999.0,-999.0,3096721.15,8.26,-13.37,-2.55,29.42,-10.7,9.36,0,42.24,1.0,0.13,145.87,243.93,1319.51,1551.37
Primates,Cercopithecidae,Cercopithecus,preussi,Cercopithecus preussi,3,5132.57,-999.0,545.0,-999.0,-999.0,-999.0,-999.0,4,-999.0,-999.0,-999,-999.0,-999.0,-999.0,1.02,-999.0,-999.0,-999.0,-999.0,-999.0,-999.0,-999.0,3.0,-999,-999,2,-999.0,-999.0,-999,899;1544;1547;2655;2660,-999.0,-999.0,-999.0,-999.0,60552.81,6.42,3.14,4.78,10.48,7.86,9.17,9,121.4,10.0,0.1,234.82,245.41,1255.21,1565.51
Chiroptera,Molossidae,Otomops,wroughtoni,Otomops wroughtoni,-999,-999.0,65.0,-999.0,-999.0,-999.0,-999.0,-999.0,1,-999.0,-999.0,1,-999.0,-999.0,-999.0,1.0,1.0,-999.0,-999.0,-999.0,-999.0,-999.0,-999.0,-999.0,-999,2,3,-999.0,-999.0,-999,679;1297;1658;1685;2151,39.15,-999.0,-999.0,-999.0,64.59,15.29,15.21,15.25,74.25,74.17,74.21,143,143.0,143.0,0.05,185.0,271.0,870.0,1631.0
Rodentia,Muridae,Gerbillus,pyramidum,Gerbillus pyramidum,1,42.8,-999.0,101.71,19.5,-999.0,81.37,80.9,1,-999.0,22.14,-999,-999.0,-999.0,-999.0,3.3,5.0,98.4,2.5,32.99,-999.0,-999.0,78.15,-999.0,-999,-999,1,27.5,14.83,-999,543;770;1253;1255;1297;1822;2655;2978,-999.0,-999.0,-999.0,-999.0,673374.84,31.6,18.41,25.0,36.05,25.18,30.62,0,83.29,0.0,0.06,2.59,236.89,28.4,1298.82
Rodentia,Sciuridae,Glaucomys,volans,Glaucomys volans,1,71.9,-999.0,127.98,26.0,-999.0,67.05,73.0,5,-999.0,39.49,1,0.005345752,0.008785644,116.75,3.13,2.0,144.0,3.61,-999.0,447.59,-999.0,335.63,-999.0,-999,2,2,57.23,46.2,-999,32;237;543;730;815;1020;1297;1573;1822;1849;1853;1977;2003;2095;2097;2155;2655;2707;2806;2844;2883,-999.0,-999.0,-999.0,-999.0,3850610.98,48.1,13.7,30.9,-60.96,-108.69,-84.83,0,68.15,3.0,0.05,85.84,137.16,840.75,988.8
Artiodactyla,Bovidae,Beatragus,hunteri,Beatragus hunteri,-999,79132.17,-999.0,1600.0,-999.0,-999.0,-999.0,-999.0,1,-999.0,252.28,1,-999.0,-999.0,-999.0,1.0,-999.0,182.04,8350.0,-999.0,0.42,-999.0,-999.0,13.5,2,1,1,-999.0,-999.0,-999,511;869;899;1297;1525;1848;2655;2693,-999.0,-999.0,-999.0,-999.0,30188.68,0.8,-1.95,-0.57,42.52,39.93,41.23,1,6.59,1.0,0.04,42.28,272.23,643.41,1847.86
Chiroptera,Rhinolophidae,Rhinolophus,creaghi,Rhinolophus creaghi,-999,-999.0,48.5,-999.0,-999.0,-999.0,-999.0,-999.0,1,-999.0,-999.0,1,-999.0,-999.0,-999.0,-999.0,-999.0,-999.0,-999.0,-999.0,-999.0,-999.0,-999.0,-999.0,-999,2,3,-999.0,-999.0,-999,679;1658;2151,16.92,-999.0,-999.0,-999.0,134974.23,6.21,-7.24,-0.51,119.26,110.36,114.81,1,97.24,3.0,0.18,273.12,245.12,1689.0,1737.91
Chiroptera,Phyllostomidae,Micronycteris,microtis,Micronycteris microtis,-999,-999.0,-999.0,-999.0,-999.0,-999.0,-999.0,-999.0,-999,-999.0,-999.0,-999,-999.0,-999.0,-999.0,-999.0,-999.0,-999.0,-999.0,-999.0,-999.0,-999.0,-999.0,-999.0,-999,-999,-999,-999.0,-999.0,-999,-999,-999.0,-999.0,-999.0,-999.0,2664514.34,23.5,-0.32,11.59,-54.94,-105.08,-80.01,0,34.08,0.0,0.13,147.21,238.11,1356.39,1639.85
Rodentia,Heteromyidae,Chaetodipus,fallax,Chaetodipus fallax,-999,19.19,-999.0,83.35,-999.0,-999.0,30.2,19.9,3,-999.0,25.0,1,0.002300009,0.002940029,-999.0,3.45,1.0,99.6,-999.0,-999.0,502.5,-999.0,168.83,1.0,-999,1,1,-999.0,-999.0,-999,543;808;1297;1726;1822;1849;2655,-999.0,-999.0,-999.0,-999.0,82998.2,34.73,27.56,31.14,-113.85,-117.82,-115.84,1,102.6,1.0,0.14,16.49,144.93,284.57,1150.02
Lagomorpha,Leporidae,Sylvilagus,dicei,Sylvilagus dicei,-999,-999.0,-999.0,374.48,-999.0,-999.0,-999.0,-999.0,2,-999.0,30.41,1,-999.0,-999.0,-999.0,4.5,-999.0,108.0,-999.0,-999.0,-999.0,1.0,-999.0,-999.0,-999,1,1,31.32,-999.0,-999,1015;1136;2151,1403.92,-999.0,-999.0,-999.0,20643.01,10.55,8.63,9.59,-82.54,-84.67,-83.6,13,72.41,13.0,0.15,274.02,248.14,1391.73,1748.72
Chiroptera,Hipposideridae,Hipposideros,grandis,Hipposideros grandis,-999,-999.0,-999.0,-999.0,-999.0,-999.0,-999.0,-999.0,-999,-999.0,-999.0,-999,-999.0,-999.0,-999.0,-999.0,-999.0,-999.0,-999.0,-999.0,-999.0,-999.0,-999.0,-999.0,-999,-999,-999,-999.0,-999.0,-999,-999,-999.0,-999.0,-999.0,-999.0,315496.46,23.03,18.32,20.68,105.73,94.86,100.29,6,73.43,10.0,0.09,112.86,216.31,1049.5,1427.97
Chiroptera,Nycteridae,Nycteris,gambiensis,Nycteris gambiensis,-999,7.13,39.5,-999.0,-999.0,-999.0,-999.0,-999.0,-999,-999.0,-999.0,1,-999.0,-999.0,-999.0,-999.0,-999.0,-999.0,-999.0,-999.0,-999.0,-999.0,-999.0,-999.0,-999,2,-999,-999.0,-999.0,-999,1658;2151;2622;2655,-999.0,-999.0,-999.0,-999.0,558271.78,13.89,4.73,9.31,0.88,-16.82,-7.96,3,61.4,7.0,0.13,127.26,269.94,997.98,1585.38
Erinaceomorpha,Erinaceidae,Hylomys,megalotis,Hylomys megalotis,-999,-999.0,-999.0,-999.0,-999.0,-999.0,-999.0,-999.0,-999,-999.0,-999.0,-999,-999.0,-999.0,-999.0,-999.0,-999.0,-999.0,-999.0,-999.0,-999.0,-999.0,-999.0,-999.0,-999,-999,-999,-999.0,-999.0,-999,-999,-999.0,-999.0,-999.0,-999.0,-999.0,-999.0,-999.0,-999.0,-999.0,-999.0,-999.0,-999,-999.0,-999.0,-999.0,-999.0,-999.0,-999.0,-999.0
Artiodactyla,Cervidae,Pudu,puda,Pudu puda,2,9642.62,-999.0,-999.0,-999.0,-999.0,-999.0,-999.0,4,-999.0,210.0,1,0.17,0.15,-999.0,1.22,-999.0,150.0,780.0,-999.0,-999.0,1.0,229.14,-999.0,-999,1,1,54.75,2863.2,-999,200;543;653;890;1015;1297;1573;1763;1852;2204;2655;3009,-999.0,-999.0,-999.0,-999.0,223036.92,-34.84,-52.55,-43.69,-70.94,-74.3,-72.62,0,11.99,0.0,0.05,109.54,60.55,567.07,719.68
Chiroptera,Rhinolophidae,Rhinolophus,fumigatus,Rhinolophus fumigatus,-999,13.09,53.5,-999.0,-999.0,-999.0,-999.0,-999.0,1,-999.0,92.54,1,-999.0,-999.0,-999.0,0.99,1.0,-999.0,-999.0,-999.0,-999.0,-999.0,-999.0,-999.0,-999,2,3,60.41,-999.0,-999,44;1257;1297;1658;2143;2151;2622;2655;2900,-999.0,-999.0,-999.0,-999.0,11664438.1,18.63,-29.7,-5.53,44.06,-16.81,13.62,0,32.82,1.0,0.13,86.95,235.97,883.56,1537.53
Rodentia,Sciuridae,Sciurus,richmondi,Sciurus richmondi,3,237.51,-999.0,194.4,-999.0,-999.0,-999.0,-999.0,-999,-999.0,-999.0,2,-999.0,-999.0,-999.0,2.59,-999.0,-999.0,-999.0,-999.0,-999.0,-999.0,-999.0,-999.0,-999,2,-999,-999.0,-999.0,-999,1297;1639;1849;2151;2655,-999.0,-999.0,-999.0,-999.0,27219.65,13.39,11.91,12.65,-83.62,-85.98,-84.8,2,22.05,2.0,0.12,202.67,225.16,1350.18,1713.64
Lagomorpha,Leporidae,Lepus,granatensis,Lepus granatensis,-999,2323.94,-999.0,459.0,-999.0,-999.0,-999.0,-999.0,-999,-999.0,-999.0,-999,-999.0,-999.0,-999.0,1.46,-999.0,-999.0,-999.0,-999.0,-999.0,-999.0,-999.0,-999.0,-999,-999,-999,-999.0,-999.0,-999,2210,-999.0,-999.0,-999.0,-999.0,401179.96,43.79,36.01,39.9,3.47,-9.29,-2.91,3,77.85,7.0,0.001362943,45.33,131.24,486.46,965.72
Rodentia,Gliridae,Eliomys,munbyanus,Eliomys munbyanus,-999,-999.0,-999.0,-999.0,-999.0,-999.0,-999.0,-999.0,-999,-999.0,-999.0,-999,-999.0,-999.0,-999.0,-999.0,-999.0,-999.0,-999.0,-999.0,-999.0,-999.0,-999.0,-999.0,-999,-999,-999,-999.0,-999.0,-999,-999,-999.0,-999.0,-999.0,-999.0,-999.0,-999.0,-999.0,-999.0,-999.0,-999.0,-999.0,-999,-999.0,-999.0,-999.0,-999.0,-999.0,-999.0,-999.0
Rodentia,Nesomyidae,Dendromus,messorius,Dendromus messorius,-999,-999.0,-999.0,-999.0,-999.0,-999.0,-999.0,-999.0,-999,-999.0,-999.0,-999,-999.0,-999.0,-999.0,2.95,-999.0,-999.0,-999.0,-999.0,-999.0,-999.0,-999.0,-999.0,-999,-999,-999,-999.0,-999.0,-999,1297,-999.0,-999.0,-999.0,-999.0,2336490.65,9.46,-1.64,3.9,37.24,1.69,19.47,0,45.64,1.0,0.1,132.62,243.09,1280.55,1581.87
Primates,Cercopithecidae,Trachypithecus,geei,Trachypithecus geei,3,8356.0,-999.0,605.0,-999.0,-999.0,-999.0,-999.0,-999,-999.0,-999.0,-999,2.22,3.75,-999.0,1.02,-999.0,-999.0,-999.0,-999.0,2.6,13.3,-999.0,11.0,-999,-999,-999,-999.0,-999.0,-999,208;741;1347;1544;1547;1848;2344;2655;2660;2986,-999.0,-999.0,-999.0,-999.0,10913.89,27.28,26.3,26.79,91.12,89.7,90.41,29,230.87,29.0,0.09,147.91,175.84,1040.94,1243.13
Primates,Cercopithecidae,Colobus,guereza,Colobus guereza,3,9925.88,-999.0,625.0,-999.0,1916.25,3055.0,10625.0,2,-999.0,169.02,1,0.17,-999.0,486.66,1.0,-999.0,294.0,444.92,-999.0,99.2,7.0,1929.19,7.6,-999,2,1,387.79,1532.74,-999,208;543;730;741;904;930;1297;1347;1544;1547;1763;1767;1822;1848;2344;2489;2493;2655;2660;2748;2986;3086,-999.0,0.95,-999.0,-999.0,3994317.48,14.41,-4.09,5.15,44.32,8.2,26.26,0,40.2,1.0,0.1,108.92,231.64,1126.47,1560.54
Diprotodontia,Burramyidae,Cercartetus,caudatus,Cercartetus caudatus,1,23.05,-999.0,97.97,49.5,465.0,-999.0,-999.0,3,-999.0,-999.0,3,-999.0,-999.0,183.0,2.37,2.0,38.4,-999.0,-999.0,49.99,-999.0,464.04,3.0,4,2,2,76.04,8.97,-999,131;511;661;955;975;977;1297;1760;1991;2152;2644;2645;2655;2877;2969,-999.0,-999.0,-999.0,-999.0,221311.97,-1.09,-18.08,-9.58,150.93,133.77,142.35,0,8.67,0.0,0.13,233.35,203.07,1518.15,1688.53
Rodentia,Ctenomyidae,Ctenomys,juris,Ctenomys juris,-999,-999.0,-999.0,-999.0,-999.0,-999.0,-999.0,-999.0,-999,-999.0,-999.0,-999,-999.0,-999.0,-999.0,-999.0,-999.0,-999.0,-999.0,-999.0,-999.0,-999.0,-999.0,-999.0,-999,-999,-999,-999.0,-999.0,-999,-999,-999.0,-999.0,-999.0,-999.0,-999.0,-999.0,-999.0,-999.0,-999.0,-999.0,-999.0,-999,-999.0,-999.0,-999.0,-999.0,-999.0,-999.0,-999.0
Primates,Pitheciidae,Chiropotes,satanas,Chiropotes satanas,3,2967.27,-999.0,416.26,-999.0,-999.0,-999.0,-999.0,3,-999.0,157.67,1,1.48,2.25,-999.0,1.0,-999.0,216.0,-999.0,-999.0,15.6,-999.0,-999.0,14.4,-999,2,1,-999.0,-999.0,-999,208;543;730;890;1297;1544;1547;1848;2151;2344;2464;2511;2655;2660;2911;2986,-999.0,-999.0,-999.0,-999.0,-999.0,-999.0,-999.0,-999.0,-999.0,-999.0,-999.0,-999,-999.0,-999.0,-999.0,-999.0,-999.0,-999.0,-999.0
Didelphimorphia,Didelphidae,Thylamys,sponsorius,Thylamys sponsorius,-999,-999.0,-999.0,-999.0,-999.0,-999.0,-999.0,-999.0,-999,-999.0,-999.0,-999,-999.0,-999.0,-999.0,-999.0,-999.0,-999.0,-999.0,-999.0,-999.0,-999.0,-999.0,-999.0,-999,-999,-999,-999.0,-999.0,-999,-999,-999.0,-999.0,-999.0,-999.0,-999.0,-999.0,-999.0,-999.0,-999.0,-999.0,-999.0,-999,-999.0,-999.0,-999.0,-999.0,-999.0,-999.0,-999.0
Rodentia,Dipodidae,Napaeozapus,insignis,Napaeozapus insignis,1,22.25,-999.0,89.73,26.0,-999.0,39.6,22.0,5,-999.0,22.73,2,0.01,0.01,-999.0,4.5,1.25,48.0,0.93,30.0,667.18,-999.0,420.91,-999.0,8,1,2,34.99,8.9,-999,543;1297;1822;1849;2151;2655;2943;3004,-999.0,-999.0,-999.0,-999.0,2009406.44,54.23,34.57,44.4,-55.61,-96.83,-76.22,0,36.23,0.0,0.02,70.31,40.16,537.46,577.95
Cetacea,Delphinidae,Lagenorhynchus,obscurus,Lagenorhynchus obscurus,-999,127499.99,-999.0,-999.0,-999.0,-999.0,-999.0,-999.0,2,-999.0,-999.0,1,-999.0,-999.0,-999.0,-999.0,-999.0,-999.0,-999.0,-999.0,-999.0,-999.0,-999.0,-999.0,-999,-999,3,-999.0,-999.0,-999,5;58;890;2151;2655,-999.0,-999.0,-999.0,-999.0,-999.0,-999.0,-999.0,-999.0,-999.0,-999.0,-999.0,-999,-999.0,-999.0,-999.0,-999.0,-999.0,-999.0,-999.0
Rodentia,Abrocomidae,Abrocoma,shistacea,Abrocoma shistacea,-999,-999.0,-999.0,-999.0,-999.0,-999.0,-999.0,-999.0,-999,-999.0,-999.0,-999,-999.0,-999.0,-999.0,-999.0,-999.0,-999.0,-999.0,-999.0,-999.0,-999.0,-999.0,-999.0,-999,-999,-999,-999.0,-999.0,-999,-999,-999.0,-999.0,-999.0,-999.0,-999.0,-999.0,-999.0,-999.0,-999.0,-999.0,-999.0,-999,-999.0,-999.0,-999.0,-999.0,-999.0,-999.0,-999.0
Rodentia,Abrocomidae,Abrocoma,cinerea,Abrocoma cinerea,-999,193.64,-999.0,-999.0,-999.0,-999.0,-999.0,-999.0,-999,-999.0,109.49,3,-999.0,-999.0,-999.0,2.19,-999.0,-999.0,13.26,-999.0,-999.0,-999.0,-999.0,-999.0,-999,2,-999,-999.0,-999.0,-999,890;1297;1627;2655,-999.0,-999.0,-999.0,-999.0,381391.02,-14.43,-24.35,-19.39,-64.27,-70.6,-67.43,0,13.72,0.0,0.06,48.46,35.22,515.1,1257.35
Chiroptera,Vespertilionidae,Scotophilus,viridis,Scotophilus viridis,-999,19.81,-999.0,-999.0,-999.0,-999.0,-999.0,-999.0,1,-999.0,-999.0,1,-999.0,-999.0,-999.0,2.0,-999.0,-999.0,-999.0,-999.0,-999.0,-999.0,-999.0,-999.0,-999,2,3,-999.0,-999.0,-999,1257;1297;2151;2655,-999.0,-999.0,-999.0,-999.0,11311741.69,14.4,-29.7,-7.65,42.25,-16.82,12.71,0,36.14,1.0,0.14,108.74,234.29,1062.18,1527.45
Rodentia,Caviidae,Kerodon,acrobata,Kerodon acrobata,-999,-999.0,-999.0,-999.0,-999.0,-999.0,-999.0,-999.0,-999,-999.0,-999.0,-999,-999.0,-999.0,-999.0,-999.0,-999.0,-999.0,-999.0,-999.0,-999.0,-999.0,-999.0,-999.0,-999,-999,-999,-999.0,-999.0,-999,-999,-999.0,-999.0,-999.0,-999.0,-999.0,-999.0,-999.0,-999.0,-999.0,-999.0,-999.0,-999,-999.0,-999.0,-999.0,-999.0,-999.0,-999.0,-999.0
Cingulata,Dasypodidae,Chaetophractus,villosus,Chaetophractus villosus,-999,4372.8,-999.0,-999.0,23.0,-999.0,808.12,4540.0,-999,-999.0,68.93,2,-999.0,-999.0,-999.0,1.62,-999.0,240.0,124.48,-999.0,-999.0,-999.0,280.79,-999.0,-999,1,-999,76.56,-999.0,-999,543;1297;1822;1946;2151;2655,-999.0,-999.0,-999.0,-999.0,2743631.76,-13.83,-53.51,-33.67,-51.85,-72.8,-62.32,0,13.77,0.0,0.1,72.15,180.66,827.02,1085.2
Soricomorpha,Talpidae,Parascaptor,leucura,Parascaptor leucura,-999,-999.0,-999.0,-999.0,-999.0,-999.0,-999.0,-999.0,1,-999.0,-999.0,-999,-999.0,-999.0,-999.0,-999.0,-999.0,-999.0,-999.0,-999.0,-999.0,-999.0,-999.0,-999.0,-999,-999,3,-999.0,-999.0,-999,2131,-999.0,-999.0,-999.0,-999.0,259508.38,28.1,21.5,24.8,101.56,90.75,96.15,1,125.73,10.0,0.08,163.94,136.86,1015.25,1245.98
Rodentia,Sciuridae,Sciurus,niger,Sciurus niger,-999,-999.0,-999.0,-999.0,-999.0,-999.0,-999.0,-999.0,-999,-999.0,-999.0,-999,0.23,0.19,-999.0,-999.0,-999.0,-999.0,-999.0,-999.0,6.32,-999.0,-999.0,-999.0,-999,-999,-999,-999.0,-999.0,-999,1543;1662,-999.0,-999.0,-999.0,-999.0,4359547.5,51.95,24.94,38.45,-75.05,-109.73,-92.39,0,42.9,1.0,0.04,71.07,126.75,760.59,916.92
Rodentia,Echimyidae,Proechimys,mincae,Proechimys mincae,-999,284.99,-999.0,-999.0,-999.0,-999.0,-999.0,-999.0,-999,-999.0,-999.0,-999,-999.0,-999.0,-999.0,-999.0,-999.0,-999.0,-999.0,-999.0,-999.0,-999.0,-999.0,-999.0,-999,-999,-999,-999.0,-999.0,-999,2655,-999.0,-999.0,-999.0,-999.0,383.45,11.23,11.01,11.12,-73.97,-74.17,-74.07,115,129.0,115.0,0.11,18.0,236.0,1485.0,1972.0
Primates,Hylobatidae,Hylobates,albibarbis,Hylobates albibarbis,-999,-999.0,-999.0,-999.0,-999.0,-999.0,-999.0,-999.0,-999,-999.0,-999.0,-999,-999.0,-999.0,-999.0,-999.0,-999.0,-999.0,-999.0,-999.0,-999.0,-999.0,-999.0,-999.0,-999,-999,-999,-999.0,-999.0,-999,-999,-999.0,-999.0,-999.0,-999.0,159603.65,0.29,-3.57,-1.63,114.12,109.76,111.94,6,16.2,12.0,0.1,243.75,258.84,1686.4,1724.39
Cetacea,Neobalaenidae,Caperea,marginata,Caperea marginata,-999,31999999.98,-999.0,-999.0,-999.0,-999.0,-999.0,-999.0,-999,-999.0,-999.0,-999,-999.0,-999.0,-999.0,0.98,-999.0,-999.0,-999.0,-999.0,-999.0,-999.0,-999.0,-999.0,-999,-999,-999,-999.0,-999.0,-999,1297;2655,-999.0,-999.0,-999.0,-999.0,-999.0,-999.0,-999.0,-999.0,-999.0,-999.0,-999.0,-999,-999.0,-999.0,-999.0,-999.0,-999.0,-999.0,-999.0
Chiroptera,Natalidae,Nyctiellus,lepidus,Nyctiellus lepidus,-999,-999.0,29.0,-999.0,-999.0,-999.0,-999.0,-999.0,1,-999.0,-999.0,1,-999.0,-999.0,-999.0,-999.0,-999.0,-999.0,-999.0,-999.0,-999.0,-999.0,-999.0,-999.0,-999,2,3,-999.0,-999.0,-999,889;1658;2151,3.88,-999.0,-999.0,-999.0,66549.07,25.56,21.23,23.39,-75.0,-84.95,-79.97,2,92.09,5.0,0.03,111.11,250.96,1261.0,1950.0
Rodentia,Dasyproctidae,Dasyprocta,kalinowskii,Dasyprocta kalinowskii,3,2650.03,-999.0,-999.0,0.0,-999.0,-999.0,-999.0,3,-999.0,-999.0,1,-999.0,-999.0,-999.0,-999.0,-999.0,-999.0,-999.0,-999.0,-999.0,-999.0,-999.0,-999.0,-999,1,1,140.0,-999.0,-999,2151;2655,-999.0,-999.0,-999.0,-999.0,61009.2,-11.7,-14.65,-13.18,-68.86,-72.34,-70.6,0,5.37,1.0,0.07,287.95,155.49,1393.23,1460.46
Carnivora,Canidae,Chrysocyon,brachyurus,Chrysocyon brachyurus,2,23325.0,-999.0,1245.72,9.03,-999.0,-999.0,-999.0,6,-999.0,63.48,1,21.36,22.62,-999.0,2.0,-999.0,180.0,372.29,-999.0,-999.0,-999.0,420.91,-999.0,4,1,2,119.0,-999.0,-999,543;890;1113;1297;1573;2655,-999.0,-999.0,-999.0,-999.0,5038801.01,-3.02,-31.62,-17.32,-35.45,-69.51,-52.48,0,23.01,1.0,0.09,110.24,223.49,1096.54,1386.5
Diprotodontia,Potoroidae,Potorous,platyops,Potorous platyops,1,499.99,-999.0,-999.0,-999.0,-999.0,-999.0,-999.0,-999,-999.0,-999.0,-999,-999.0,-999.0,-999.0,-999.0,-999.0,-999.0,-999.0,-999.0,-999.0,-999.0,-999.0,-999.0,-999,-999,-999,-999.0,-999.0,-999,1760;2655,-999.0,-999.0,-999.0,-999.0,-999.0,-999.0,-999.0,-999.0,-999.0,-999.0,-999.0,-999,-999.0,-999.0,-999.0,-999.0,-999.0,-999.0,-999.0
Chiroptera,Vespertilionidae,Myotis,yumanensis,Myotis yumanensis,-999,5.15,35.05,-999.0,5.0,-999.0,8.5,5.0,-999,-999.0,-999.0,1,-999.0,-999.0,-999.0,0.99,1.0,105.96,0.79,20.02,-999.0,-999.0,-999.0,-999.0,-999,2,-999,-999.0,-999.0,-999,43;657;664;750;924;1297;1536;1658;1822;1948;2030;2075;2143;2151;2622;2655,-999.0,-999.0,-999.0,-999.0,3753876.77,54.97,19.42,37.19,-99.42,-130.48,-114.95,0,27.34,0.0,0.1,38.01,112.76,420.45,979.1
Didelphimorphia,Didelphidae,Marmosa,robinsoni,Marmosa robinsoni,1,60.57,-999.0,150.12,37.25,-999.0,97.6,122.0,3,-999.0,13.83,2,0.00155313,0.0022,134.0,9.5,1.5,24.0,0.08,-999.0,189.03,-999.0,253.82,1.0,15,2,2,64.63,10.48,-999,730;889;890;905;955;1297;1412;1760;1773;1822;1876;2151;2158;2159;2655,-999.0,-999.0,-999.0,-999.0,704865.99,17.44,-3.21,7.11,-60.51,-90.12,-75.32,1,81.24,4.0,0.12,141.3,245.93,1336.2,1688.48
Rodentia,Cricetidae,Oxymycterus,quaestor,Oxymycterus quaestor,-999,-999.0,-999.0,-999.0,-999.0,-999.0,-999.0,-999.0,-999,-999.0,-999.0,-999,-999.0,-999.0,-999.0,-999.0,-999.0,-999.0,-999.0,-999.0,-999.0,-999.0,-999.0,-999.0,-999,-999,-999,-999.0,-999.0,-999,-999,-999.0,-999.0,-999.0,-999.0,-999.0,-999.0,-999.0,-999.0,-999.0,-999.0,-999.0,-999,-999.0,-999.0,-999.0,-999.0,-999.0,-999.0,-999.0
Primates,Cercopithecidae,Trachypithecus,shortridgei,Trachypithecus shortridgei,-999,-999.0,-999.0,-999.0,-999.0,-999.0,-999.0,-999.0,-999,-999.0,-999.0,-999,-999.0,-999.0,-999.0,-999.0,-999.0,-999.0,-999.0,-999.0,-999.0,-999.0,-999.0,-999.0,-999,-999,-999,-999.0,-999.0,-999,-999,-999.0,-999.0,-999.0,-999.0,80950.94,27.54,23.38,25.46,99.88,96.08,97.98,1,39.62,1.0,0.05,153.88,109.62,1064.16,1272.25
Diprotodontia,Pseudocheiridae,Petauroides,volans,Petauroides volans,1,1257.17,-999.0,-999.0,121.0,730.0,493.5,1070.0,2,365.0,-999.0,1,0.01,0.01,443.0,1.0,1.0,180.0,0.27,-999.0,69.0,-999.0,733.29,1.0,2,2,1,228.41,273.86,-999,543;730;955;1297;1412;1535;1573;1760;1789;1822;1848;2484;2644;2655;2880,-999.0,-999.0,-999.0,-999.0,733564.17,-16.77,-38.01,-27.39,153.63,144.51,149.07,0,20.5,0.0,0.06,70.77,173.75,785.69,1301.98
Chiroptera,Vespertilionidae,Vespertilio,murinus,Vespertilio murinus,-999,15.42,44.84,-999.0,-999.0,-999.0,-999.0,-999.0,1,-999.0,52.14,1,-999.0,-999.0,-999.0,1.5,1.0,144.0,-999.0,-999.0,-999.0,-999.0,371.23,-999.0,-999,2,3,94.29,-999.0,-999,196;578;1297;1658;2143;2151;2519;2655;2719,-999.0,-999.0,-999.0,-999.0,11582955.4,61.2,34.29,47.75,137.64,4.94,71.29,0,45.97,1.0,0.02,34.99,40.46,367.71,588.14
Soricomorpha,Talpidae,Talpa,stankovici,Talpa stankovici,2,71.12,-999.0,-999.0,-999.0,-999.0,-999.0,-999.0,1,-999.0,-999.0,2,-999.0,-999.0,-999.0,-999.0,-999.0,-999.0,-999.0,-999.0,4999.99,1.0,-999.0,-999.0,-999,1,3,-999.0,-999.0,-999,2131,-999.0,-999.0,-999.0,-999.0,32002.56,42.46,39.24,40.85,22.73,19.22,20.97,30,72.82,31.0,0.008830234,68.91,89.89,551.93,900.97
Primates,Pitheciidae,Callicebus,nigrifrons,Callicebus nigrifrons,-999,-999.0,-999.0,-999.0,-999.0,-999.0,-999.0,-999.0,-999,-999.0,-999.0,-999,-999.0,-999.0,-999.0,-999.0,-999.0,-999.0,-999.0,-999.0,-999.0,-999.0,-999.0,-999.0,-999,-999,-999,-999.0,-999.0,-999,-999,-999.0,-999.0,-999.0,-999.0,513267.9,-16.37,-24.44,-20.4,-41.86,-51.33,-46.6,3,136.21,5.0,0.05,128.2,203.7,1160.18,1370.31
Primates,Galagidae,Galago,orinus,Galago orinus,-999,-999.0,-999.0,-999.0,-999.0,-999.0,-999.0,-999.0,-999,-999.0,-999.0,-999,-999.0,-999.0,-999.0,-999.0,-999.0,-999.0,-999.0,-999.0,-999.0,-999.0,-999.0,-999.0,-999,-999,-999,-999.0,-999.0,-999,-999,-999.0,-999.0,-999.0,-999.0,69256.66,-5.66,-9.29,-7.48,37.95,34.8,36.37,8,27.38,11.0,0.16,71.04,226.83,894.28,1439.03
Primates,Cercopithecidae,Nasalis,larvatus,Nasalis larvatus,3,12265.65,-999.0,647.49,-999.0,1642.5,-999.0,-999.0,4,-999.0,165.04,2,1.4,-999.0,547.5,1.02,-999.0,252.0,450.0,-999.0,8.99,14.45,1894.11,11.25,-999,2,1,211.75,2000.0,-999,208;543;730;741;899;1297;1347;1544;1547;1577;1767;1768;1848;2151;2344;2493;2655;2660;2986;3101,-999.0,0.89,-999.0,-999.0,574819.55,7.03,-4.18,1.42,119.26,108.83,114.05,2,29.67,4.0,0.18,257.08,250.21,1684.01,1720.98
Artiodactyla,Bovidae,Eudorcas,rufifrons,Eudorcas rufifrons,-999,26999.77,-999.0,885.0,-999.0,-999.0,-999.0,-999.0,-999,-999.0,174.73,1,-999.0,-999.0,-999.0,1.0,-999.0,162.0,-999.0,-999.0,1.56,-999.0,-999.0,-999.0,-999,1,-999,-999.0,-999.0,-999,511;869;1297;1525;1848;2655;2693,-999.0,-999.0,-999.0,-999.0,3084371.64,18.9,8.7,13.8,39.0,-17.53,10.73,0,32.64,1.0,0.1,47.7,271.83,545.87,1624.71
Rodentia,Heteromyidae,Chaetodipus,rudinoris,Chaetodipus rudinoris,-999,-999.0,-999.0,-999.0,-999.0,-999.0,-999.0,-999.0,-999,-999.0,-999.0,-999,-999.0,-999.0,-999.0,-999.0,-999.0,-999.0,-999.0,-999.0,-999.0,-999.0,-999.0,-999.0,-999,-999,-999,-999.0,-999.0,-999,-999,-999.0,-999.0,-999.0,-999.0,100302.54,33.45,23.28,28.37,-109.84,-116.62,-113.23,0,12.23,1.0,0.12,12.01,179.57,216.94,1124.99
Rodentia,Echimyidae,Trinomys,mirapitanga,Trinomys mirapitanga,-999,-999.0,-999.0,-999.0,-999.0,-999.0,-999.0,-999.0,-999,-999.0,-999.0,-999,-999.0,-999.0,-999.0,-999.0,-999.0,-999.0,-999.0,-999.0,-999.0,-999.0,-999.0,-999.0,-999,-999,-999,-999.0,-999.0,-999,-999,-999.0,-999.0,-999.0,-999.0,-999.0,-999.0,-999.0,-999.0,-999.0,-999.0,-999.0,-999,-999.0,-999.0,-999.0,-999.0,-999.0,-999.0,-999.0
Chiroptera,Vespertilionidae,Scotophilus,nucella,Scotophilus nucella,-999,-999.0,-999.0,-999.0,-999.0,-999.0,-999.0,-999.0,-999,-999.0,-999.0,-999,-999.0,-999.0,-999.0,-999.0,-999.0,-999.0,-999.0,-999.0,-999.0,-999.0,-999.0,-999.0,-999,-999,-999,-999.0,-999.0,-999,-999,-999.0,-999.0,-999.0,-999.0,4453808.43,10.79,-4.08,3.35,34.75,-11.36,11.69,0,40.9,1.0,0.1,133.35,250.19,1235.77,1590.28
Chiroptera,Rhinolophidae,Rhinolophus,swinnyi,Rhinolophus swinnyi,-999,7.07,41.99,-999.0,-999.0,-999.0,-999.0,-999.0,-999,-999.0,91.24,1,-999.0,-999.0,-999.0,0.98,-999.0,-999.0,-999.0,-999.0,-999.0,-999.0,-999.0,-999.0,-999,2,-999,-999.0,-999.0,-999,44;1297;1658;2143;2151;2622;2655,-999.0,-999.0,-999.0,-999.0,2562195.54,-5.35,-34.21,-19.78,40.84,22.52,31.68,1,36.31,3.0,0.16,77.83,215.89,867.02,1439.31
Rodentia,Spalacidae,Spalax,arenarius,Spalax arenarius,-999,-999.0,-999.0,-999.0,-999.0,-999.0,-999.0,-999.0,-999,-999.0,-999.0,-999,-999.0,-999.0,-999.0,-999.0,-999.0,-999.0,-999.0,-999.0,-999.0,-999.0,-999.0,-999.0,-999,-999,-999,-999.0,-999.0,-999,-999,-999.0,-999.0,-999.0,-999.0,12814.55,46.99,45.94,46.46,34.29,31.51,32.9,20,72.56,20.0,-0.007184385,30.84,93.59,402.13,713.9
Artiodactyla,Bovidae,Raphicerus,melanotis,Raphicerus melanotis,1,10503.14,-999.0,-999.0,-999.0,-999.0,-999.0,-999.0,2,-999.0,-999.0,1,-999.0,-999.0,-999.0,-999.0,-999.0,168.0,-999.0,-999.0,10.5,-999.0,-999.0,1.5,4,1,1,-999.0,-999.0,-999,511;869;1848;2629;2655;2693,-999.0,-999.0,-999.0,-999.0,243785.08,-29.78,-34.83,-32.31,29.42,17.1,23.26,0,47.94,1.0,0.09,33.18,157.2,501.32,1107.93
Peramelemorphia,Peramelidae,Isoodon,macrourus,Isoodon macrourus,2,1505.77,-999.0,354.18,46.25,148.0,573.87,1550.0,4,-999.0,12.51,2,0.02,0.02,60.5,3.13,2.66,36.0,0.17,13.3,70.0,-999.0,184.92,1.0,8,1,2,62.99,150.0,-999,543;955;977;1070;1071;1072;1073;1074;1151;1218;1219;1297;1412;1760;1822;1842;1848;1926;1946;1991;1993;2152;2484;2655;2682;2822,-999.0,-999.0,-999.0,-999.0,1181088.16,-8.49,-33.76,-21.13,153.63,123.42,138.53,0,8.15,0.0,0.07,80.16,232.49,847.9,1592.97
Chiroptera,Rhinolophidae,Rhinolophus,rufus,Rhinolophus rufus,-999,-999.0,-999.0,-999.0,-999.0,-999.0,-999.0,-999.0,-999,-999.0,-999.0,-999,-999.0,-999.0,-999.0,-999.0,-999.0,-999.0,-999.0,-999.0,-999.0,-999.0,-999.0,-999.0,-999,-999,-999,-999.0,-999.0,-999,-999,-999.0,-999.0,-999.0,-999.0,224259.96,18.65,5.55,12.1,126.6,119.74,123.17,19,228.54,32.0,0.1,204.58,240.16,1470.06,1728.0
Carnivora,Ailuridae,Ailurus,fulgens,Ailurus fulgens,2,5170.08,-999.0,582.32,18.0,760.41,838.36,5345.0,3,270.0,131.5,1,1.43,1.52,365.0,1.7,1.0,168.0,104.04,-999.0,-999.0,-999.0,604.05,-999.0,4,1,1,136.87,-999.0,-999,367;543;1113;1297;1573;1822;2655,-999.0,-999.0,-999.0,-999.0,1075406.59,35.36,21.41,28.38,106.15,82.62,94.38,1,51.8,2.0,0.07,131.93,44.73,828.72,1043.82
Lagomorpha,Ochotonidae,Ochotona,pallasi,Ochotona pallasi,-999,-999.0,-999.0,-999.0,-999.0,-999.0,-999.0,-999.0,-999,-999.0,25.0,2,0.001754244,0.001879837,-999.0,7.45,2.5,48.0,7.0,-999.0,10000.0,-999.0,365.0,-999.0,-999,1,-999,19.44,-999.0,-999,95;1297;2646;2647,-999.0,-999.0,-999.0,-999.0,723598.9,51.23,39.16,45.2,114.21,70.35,92.28,0,4.59,0.0,0.03,18.98,-5.21,229.49,570.5
Rodentia,Ctenomyidae,Ctenomys,bergi,Ctenomys bergi,-999,-999.0,-999.0,-999.0,-999.0,-999.0,-999.0,-999.0,-999,-999.0,-999.0,-999,-999.0,-999.0,-999.0,-999.0,-999.0,-999.0,-999.0,-999.0,-999.0,-999.0,-999.0,-999.0,-999,-999,-999,-999.0,-999.0,-999,-999,-999.0,-999.0,-999.0,-999.0,-999.0,-999.0,-999.0,-999.0,-999.0,-999.0,-999.0,-999,-999.0,-999.0,-999.0,-999.0,-999.0,-999.0,-999.0
Rodentia,Dipodidae,Salpingotulus,michaelis,Salpingotulus michaelis,1,-999.0,-999.0,-999.0,-999.0,-999.0,-999.0,-999.0,4,-999.0,-999.0,2,-999.0,-999.0,60.83,3.0,-999.0,-999.0,-999.0,17.0,-999.0,-999.0,-999.0,-999.0,6,1,1,-999.0,-999.0,-999,1297;2151,-999.0,2.72,0.48,-999.0,110350.78,31.11,28.23,29.67,66.62,61.34,63.98,3,12.65,3.0,0.19,9.1,189.62,113.63,1209.68
Rodentia,Nesomyidae,Nesomys,lambertoni,Nesomys lambertoni,-999,155.0,-999.0,-999.0,-999.0,-999.0,-999.0,-999.0,-999,-999.0,-999.0,-999,-999.0,-999.0,-999.0,-999.0,-999.0,-999.0,-999.0,-999.0,-999.0,-999.0,-999.0,-999.0,-999,-999,-999,-999.0,-999.0,-999,2655,-999.0,-999.0,-999.0,-999.0,-999.0,-999.0,-999.0,-999.0,-999.0,-999.0,-999.0,-999,-999.0,-999.0,-999.0,-999.0,-999.0,-999.0,-999.0
Pholidota,Manidae,Manis,javanica,Manis javanica,-999,4861.71,-999.0,590.0,-999.0,-999.0,1105.64,4220.0,1,-999.0,-999.0,-999,-999.0,-999.0,365.0,1.0,1.0,-999.0,-999.0,-999.0,-999.0,-999.0,755.15,-999.0,2,-999,3,-999.0,-999.0,-999,1297;1300;1822;1848;1947;2152;2655,-999.0,-999.0,-999.0,-999.0,2642894.09,21.59,-8.96,6.31,119.21,94.19,106.7,1,142.42,4.0,0.12,206.16,247.19,1422.94,1663.51
Chiroptera,Pteropodidae,Pteropus,brunneus,Pteropus brunneus,-999,200.0,117.99,117.64,-999.0,-999.0,-999.0,-999.0,-999,-999.0,-999.0,1,-999.0,-999.0,-999.0,-999.0,-999.0,-999.0,-999.0,-999.0,-999.0,-999.0,-999.0,-999.0,-999,2,-999,-999.0,-999.0,-999,1658;2151;2655;2744,-999.0,-999.0,-999.0,-999.0,-999.0,-999.0,-999.0,-999.0,-999.0,-999.0,-999.0,-999,-999.0,-999.0,-999.0,-999.0,-999.0,-999.0,-999.0
Rodentia,Echimyidae,Phyllomys,lamarum,Phyllomys lamarum,1,215.19,-999.0,-999.0,-999.0,-999.0,-999.0,-999.0,-999,-999.0,-999.0,1,-999.0,-999.0,-999.0,-999.0,-999.0,-999.0,-999.0,-999.0,-999.0,-999.0,-999.0,-999.0,-999,2,-999,-999.0,-999.0,-999,890;2655,-999.0,-999.0,-999.0,-999.0,92612.71,-11.45,-19.83,-15.64,-37.36,-40.88,-39.12,7,111.01,11.0,0.08,127.15,235.57,1397.12,1673.61
Dasyuromorphia,Dasyuridae,Planigale,tenuirostris,Planigale tenuirostris,2,6.27,-999.0,-999.0,-999.0,-999.0,-999.0,-999.0,-999,-999.0,19.0,1,-999.0,-999.0,211.5,5.99,2.0,36.0,-999.0,-999.0,-999.0,-999.0,272.11,-999.0,-999,1,-999,94.46,2.33,-999,955;1297;1760;2400;2655,-999.0,-999.0,-999.0,-999.0,1261840.98,-23.11,-33.95,-28.53,148.91,134.65,141.78,0,0.04,0.0,-0.14,23.02,199.59,282.95,1254.65
Soricomorpha,Talpidae,Urotrichus,talpoides,Urotrichus talpoides,2,18.2,-999.0,89.99,-999.0,-999.0,-999.0,-999.0,2,-999.0,36.05,2,0.001791593,0.00217889,-999.0,3.49,1.25,42.0,-999.0,-999.0,4999.99,2.0,371.23,-999.0,-999,1,2,27.79,-999.0,-999,1297;1438;1451;2131;2655;2741;2786;3107,-999.0,-999.0,-999.0,-999.0,284142.56,41.54,30.98,36.26,142.07,129.55,135.81,74,382.65,100.0,0.008954066,145.01,105.61,784.99,830.18
Rodentia,Ctenomyidae,Ctenomys,steinbachi,Ctenomys steinbachi,-999,384.99,-999.0,196.6,-999.0,-999.0,-999.0,-999.0,3,-999.0,-999.0,2,-999.0,-999.0,-999.0,-999.0,-999.0,-999.0,-999.0,-999.0,-999.0,-999.0,-999.0,-999.0,-999,1,1,-999.0,-999.0,-999,890;1779;2151;2655,-999.0,-999.0,-999.0,-999.0,19311.11,-16.22,-18.34,-17.28,-62.48,-64.14,-63.31,1,26.09,1.0,0.04,87.36,222.89,1268.7,1457.21
Primates,Cebidae,Callithrix,pygmaea,Callithrix pygmaea,3,123.94,-999.0,154.6,0.0,840.41,113.99,116.9,3,-999.0,134.44,1,0.002117904,0.003087223,182.5,1.93,-999.0,181.2,14.5,-999.0,15.9,-999.0,708.5,6.0,-999,2,2,90.73,70.0,-999,208;543;730;890;905;1125;1297;1544;1547;1611;1822;1848;2151;2251;2344;2489;2493;2511;2520;2655;2660;2668;2864;2986,-999.0,1.56,-999.0,-999.0,1508925.87,0.59,-12.52,-5.96,-61.36,-78.52,-69.94,0,2.19,0.0,0.1,208.53,256.47,1483.18,1526.07
Soricomorpha,Soricidae,Crocidura,hildegardeae,Crocidura hildegardeae,-999,10.28,-999.0,-999.0,-999.0,-999.0,29.9,11.5,-999,-999.0,-999.0,-999,-999.0,-999.0,-999.0,-999.0,-999.0,-999.0,-999.0,-999.0,347.22,-999.0,-999.0,-999.0,-999,-999,-999,-999.0,-999.0,-999,730;1822;2399;2655,-999.0,-999.0,-999.0,-999.0,1955205.86,4.96,-4.64,0.16,36.82,16.78,26.8,0,43.36,2.0,0.15,131.45,233.67,1383.7,1595.35
Dasyuromorphia,Dasyuridae,Neophascogale,lorentzi,Neophascogale lorentzi,2,212.0,-999.0,195.77,-999.0,-999.0,-999.0,-999.0,-999,-999.0,-999.0,2,-999.0,-999.0,-999.0,-999.0,-999.0,-999.0,-999.0,-999.0,-999.0,-999.0,-999.0,-999.0,-999,2,-999,-999.0,-999.0,-999,977;1760;1991;2655,-999.0,-999.0,-999.0,-999.0,30928.61,-3.74,-6.16,-4.95,144.39,137.82,141.1,3,10.32,3.0,0.2,230.41,194.83,1663.49,1663.49
Didelphimorphia,Didelphidae,Monodelphis,theresa,Monodelphis theresa,1,112.0,-999.0,86.42,-999.0,-999.0,-999.0,-999.0,1,-999.0,-999.0,1,-999.0,-999.0,-999.0,-999.0,-999.0,-999.0,-999.0,-999.0,-999.0,-999.0,-999.0,-999.0,-999,1,3,-999.0,-999.0,-999,890;1760;2655,-999.0,-999.0,-999.0,-999.0,177325.11,-7.75,-22.77,-15.26,-40.19,-77.49,-58.84,2,103.24,6.0,0.07,135.65,190.07,1213.37,1384.34
Erinaceomorpha,Erinaceidae,Erinaceus,amurensis,Erinaceus amurensis,1,-999.0,-999.0,249.64,-999.0,-999.0,-999.0,-999.0,1,-999.0,-999.0,1,-999.0,-999.0,-999.0,-999.0,-999.0,-999.0,-999.0,-999.0,-999.0,-999.0,-999.0,-999.0,-999,1,3,-999.0,-999.0,-999,678;1456,435.41,-999.0,-999.0,-999.0,2819497.45,50.69,25.94,38.32,134.24,102.47,118.36,1,321.59,16.0,0.04,67.19,91.73,728.54,828.65
Rodentia,Hystricidae,Hystrix,indica,Hystrix indica,1,14298.6,-999.0,747.76,-999.0,-999.0,-999.0,-999.0,6,-999.0,112.0,2,1.05,1.5,109.0,1.73,-999.0,-999.0,-999.0,-999.0,5.11,-999.0,-999.0,-999.0,-999,1,2,-999.0,-999.0,-999,50;679;1297;1573;2151;2534;2585;2655,-999.0,2.03,-999.0,-999.0,9590116.31,43.49,5.91,24.7,86.71,26.06,56.38,0,131.27,3.0,0.12,39.72,185.12,386.4,1241.99
Rodentia,Muridae,Uromys,boeadii,Uromys boeadii,-999,-999.0,-999.0,-999.0,-999.0,-999.0,-999.0,-999.0,-999,-999.0,-999.0,-999,-999.0,-999.0,-999.0,-999.0,-999.0,-999.0,-999.0,-999.0,-999.0,-999.0,-999.0,-999.0,-999,-999,-999,-999.0,-999.0,-999,-999,-999.0,-999.0,-999.0,-999.0,-999.0,-999.0,-999.0,-999.0,-999.0,-999.0,-999.0,-999,-999.0,-999.0,-999.0,-999.0,-999.0,-999.0,-999.0
Soricomorpha,Soricidae,Crocidura,foxi,Crocidura foxi,-999,21.0,-999.0,-999.0,-999.0,-999.0,-999.0,-999.0,-999,-999.0,-999.0,-999,-999.0,-999.0,-999.0,1.99,-999.0,-999.0,-999.0,-999.0,-999.0,-999.0,-999.0,-999.0,-999,-999,-999,-999.0,-999.0,-999,1297;2655,-999.0,-999.0,-999.0,-999.0,13366.6,10.61,9.06,9.83,9.68,8.37,9.02,36,90.1,36.0,0.1,112.66,247.99,847.71,1599.38
Artiodactyla,Cervidae,Muntiacus,atherodes,Muntiacus atherodes,2,18939.1,-999.0,994.99,-999.0,-999.0,-999.0,-999.0,2,-999.0,-999.0,-999,-999.0,-999.0,-999.0,-999.0,-999.0,-999.0,-999.0,-999.0,-999.0,-999.0,-999.0,-999.0,-999,-999,1,-999.0,-999.0,-999,2152;2655,-999.0,-999.0,-999.0,-999.0,108466.54,4.19,-1.86,1.16,117.33,115.15,116.24,3,16.81,4.0,0.27,255.41,236.32,1671.15,1676.97
Chiroptera,Pteropodidae,Epomophorus,minimus,Epomophorus minimus,-999,-999.0,-999.0,-999.0,-999.0,-999.0,-999.0,-999.0,-999,-999.0,-999.0,1,-999.0,-999.0,-999.0,-999.0,-999.0,-999.0,-999.0,-999.0,-999.0,-999.0,-999.0,-999.0,-999,2,-999,-999.0,-999.0,-999,2151,-999.0,-999.0,-999.0,-999.0,3035705.24,11.93,-16.83,-2.44,45.3,26.57,35.94,1,36.02,3.0,0.12,73.96,228.57,872.81,1552.53
Chiroptera,Hipposideridae,Hipposideros,coronatus,Hipposideros coronatus,-999,-999.0,46.5,-999.0,-999.0,-999.0,-999.0,-999.0,1,-999.0,-999.0,1,-999.0,-999.0,-999.0,-999.0,-999.0,-999.0,-999.0,-999.0,-999.0,-999.0,-999.0,-999.0,-999,2,3,-999.0,-999.0,-999,679;1658;2151,15.0,-999.0,-999.0,-999.0,1063.57,9.82,9.37,9.6,125.7,125.39,125.54,103,161.46,103.0,0.07,281.0,220.0,-999.0,-999.0
Soricomorpha,Soricidae,Sorex,minutissimus,Sorex minutissimus,-999,2.46,-999.0,52.04,-999.0,-999.0,-999.0,-999.0,1,-999.0,-999.0,-999,-999.0,-999.0,-999.0,8.99,-999.0,-999.0,-999.0,-999.0,-999.0,-999.0,-999.0,-999.0,-999,-999,3,-999.0,-999.0,-999,34;629;1248;1445;2597;2655;2741,-999.0,-999.0,-999.0,-999.0,17707282.04,72.88,41.02,56.95,179.62,4.96,92.29,0,11.48,0.0,-0.01,31.67,-56.25,298.03,339.93
Rodentia,Capromyidae,Plagiodontia,aedium,Plagiodontia aedium,1,1268.86,-999.0,300.0,-999.0,-999.0,-999.0,-999.0,3,-999.0,136.5,1,-999.0,-999.0,-999.0,1.14,-999.0,118.8,105.76,-999.0,-999.0,-999.0,-999.0,-999.0,-999,1,1,-999.0,-999.0,-999,543;899;1297;1627;2151;2655,-999.0,-999.0,-999.0,-999.0,75198.74,19.95,17.6,18.77,-68.31,-74.47,-71.39,10,214.83,38.0,0.08,104.89,239.05,1406.39,1578.86
Rodentia,Cricetidae,Microtus,mongolicus,Microtus mongolicus,-999,-999.0,-999.0,-999.0,-999.0,-999.0,-999.0,-999.0,-999,-999.0,-999.0,-999,-999.0,-999.0,-999.0,-999.0,-999.0,-999.0,-999.0,-999.0,-999.0,-999.0,-999.0,-999.0,-999,-999,-999,-999.0,-999.0,-999,-999,-999.0,-999.0,-999.0,-999.0,872986.49,53.35,45.42,49.39,133.42,98.76,116.09,1,13.03,1.0,0.06,28.99,-31.19,383.88,480.77
Rodentia,Muridae,Gerbillurus,paeba,Gerbillurus paeba,1,25.91,-999.0,93.22,16.0,-999.0,27.23,33.9,4,-999.0,26.0,2,0.01,0.01,-999.0,3.64,-999.0,-999.0,2.09,30.68,866.8,-999.0,72.41,-999.0,6,1,2,22.84,13.49,53,730;1297;1584;1822;2121;2262;2655;2754;2978,-999.0,-999.0,-999.0,-999.0,2281938.71,-14.94,-34.83,-24.89,33.78,11.71,22.75,0,8.06,0.0,0.09,31.08,190.68,444.46,1303.31
Cingulata,Dasypodidae,Cabassous,chacoensis,Cabassous chacoensis,-999,1490.01,-999.0,-999.0,-999.0,-999.0,-999.0,-999.0,1,-999.0,-999.0,1,-999.0,-999.0,-999.0,-999.0,-999.0,-999.0,-999.0,-999.0,-999.0,-999.0,-999.0,-999.0,-999,1,3,-999.0,-999.0,-999,889;890;2655,-999.0,-999.0,-999.0,-999.0,1693763.25,-11.42,-28.93,-20.18,-52.8,-64.88,-58.84,0,7.25,0.0,0.12,101.84,228.4,1102.12,1325.62
Pilosa,Bradypodidae,Bradypus,torquatus,Bradypus torquatus,2,4468.42,-999.0,549.99,-999.0,-999.0,-999.0,-999.0,4,-999.0,150.0,3,0.03,0.03,-999.0,1.0,-999.0,144.0,-999.0,-999.0,-999.0,-999.0,-999.0,1.0,-999,2,2,28.28,1468.31,-999,511;543;604;605;889;890;899;1573;2151;2287;2655,-999.0,-999.0,-999.0,-999.0,163652.84,-12.48,-23.1,-17.79,-37.95,-44.02,-40.99,7,209.51,13.0,0.07,126.13,220.69,1345.27,1568.54
Erinaceomorpha,Erinaceidae,Paraechinus,nudiventris,Paraechinus nudiventris,-999,-999.0,-999.0,-999.0,-999.0,-999.0,-999.0,-999.0,2,-999.0,-999.0,-999,-999.0,-999.0,-999.0,-999.0,1.0,-999.0,-999.0,-999.0,-999.0,-999.0,-999.0,-999.0,-999,-999,3,-999.0,-999.0,-999,1456,-999.0,-999.0,-999.0,-999.0,169687.97,13.51,8.07,10.79,80.34,74.85,77.6,166,639.1,217.0,0.06,120.92,270.0,1027.56,1576.88
Primates,Lorisidae,Nycticebus,bengalensis,Nycticebus bengalensis,-999,1137.36,-999.0,-999.0,-999.0,-999.0,-999.0,-999.0,-999,-999.0,-999.0,-999,-999.0,-999.0,-999.0,-999.0,-999.0,-999.0,-999.0,-999.0,-999.0,-999.0,-999.0,-999.0,-999,-999,-999,-999.0,-999.0,-999,1547,-999.0,-999.0,-999.0,-999.0,1941260.0,27.17,8.55,17.86,109.46,88.33,98.89,2,155.17,9.0,0.09,164.24,232.83,1095.58,1474.0
Chiroptera,Emballonuridae,Taphozous,achates,Taphozous achates,-999,-999.0,-999.0,-999.0,-999.0,-999.0,-999.0,-999.0,-999,-999.0,-999.0,-999,-999.0,-999.0,-999.0,-999.0,-999.0,-999.0,-999.0,-999.0,-999.0,-999.0,-999.0,-999.0,-999,-999,-999,-999.0,-999.0,-999,-999,-999.0,-999.0,-999.0,-999.0,31015.35,-5.59,-10.94,-8.26,132.8,121.69,127.25,0,72.64,19.0,0.1,111.37,246.44,-999.0,-999.0
Rodentia,Geomyidae,Cratogeomys,zinseri,Cratogeomys zinseri,-999,150.0,-999.0,-999.0,-999.0,-999.0,-999.0,-999.0,3,-999.0,-999.0,2,-999.0,-999.0,-999.0,-999.0,-999.0,-999.0,-999.0,-999.0,-999.0,-999.0,-999.0,-999.0,-999,1,1,-999.0,-999.0,-999,2151;2655,-999.0,-999.0,-999.0,-999.0,557.24,21.31,21.1,21.2,-101.81,-102.1,-101.95,45,174.0,45.0,0.07,53.0,180.5,709.0,1301.0
Rodentia,Cricetidae,Rhipidomys,venezuelae,Rhipidomys venezuelae,1,89.99,-999.0,-999.0,-999.0,-999.0,-999.0,-999.0,-999,-999.0,-999.0,1,-999.0,-999.0,-999.0,-999.0,-999.0,-999.0,-999.0,-999.0,-999.0,-999.0,-999.0,-999.0,-999,2,-999,-999.0,-999.0,-999,2151;2655,-999.0,-999.0,-999.0,-999.0,218910.02,12.46,5.94,9.2,-65.1,-73.53,-69.31,4,91.85,7.0,0.12,89.6,236.99,1320.63,1738.34
Carnivora,Canidae,Canis,aureus,Canis aureus,2,9658.7,-999.0,827.53,7.5,-999.0,-999.0,-999.0,6,-999.0,61.24,1,2.95,3.13,365.0,3.74,-999.0,192.0,211.82,-999.0,0.22,-999.0,371.23,-999.0,8,1,2,61.3,-999.0,-999,543;679;730;1113;1297;1573;2655,-999.0,1.1,-999.0,-999.0,25739527.43,47.0,-4.71,21.14,108.54,-17.05,45.74,0,79.29,0.0,0.1,44.61,217.23,438.02,1358.98
Carnivora,Felidae,Prionailurus,viverrinus,Prionailurus viverrinus,2,8826.46,-999.0,777.67,16.0,-999.0,-999.0,-999.0,1,-999.0,71.43,1,-999.0,-999.0,-999.0,2.0,-999.0,120.0,170.0,-999.0,-999.0,-999.0,-999.0,-999.0,-999,1,3,135.96,-999.0,-999,1113;1297;2655,-999.0,-999.0,-999.0,-999.0,3546617.17,29.23,-8.64,10.29,114.16,76.59,95.38,1,246.55,10.0,0.09,160.45,233.96,1128.81,1475.35
Carnivora,Phocidae,Mirounga,angustirostris,Mirounga angustirostris,2,1112390.81,-999.0,3713.91,0.0,1460.0,-999.0,-999.0,6,27.19,290.63,2,-999.0,-999.0,365.0,1.0,-999.0,243.5,34381.77,-999.0,-999.0,-999.0,1522.5,-999.0,-999,1,2,27.37,120217.94,-999,367;543;1297;1763;2151;2655;2986,-999.0,1.1,-999.0,-999.0,-999.0,-999.0,-999.0,-999.0,-999.0,-999.0,-999.0,-999,-999.0,-999.0,-999.0,-999.0,-999.0,-999.0,-999.0
Artiodactyla,Bovidae,Capricornis,crispus,Capricornis crispus,-999,43030.64,-999.0,-999.0,-999.0,-999.0,-999.0,-999.0,-999,1603.59,213.0,-999,0.11,0.11,547.5,1.0,1.0,222.96,3499.99,-999.0,1.98,-999.0,988.23,-999.0,4,-999,-999,59.27,-999.0,-999,543;812;1069;1297;1454;1525;1614;1848;1862;2555;2986,-999.0,-999.0,-999.0,-999.0,113318.46,41.54,31.96,36.75,142.07,130.84,136.45,74,346.2,93.0,0.01,144.41,93.81,783.9,836.41
Chiroptera,Molossidae,Mormopterus,doriae,Mormopterus doriae,-999,-999.0,38.0,-999.0,-999.0,-999.0,-999.0,-999.0,1,-999.0,-999.0,1,-999.0,-999.0,-999.0,-999.0,-999.0,-999.0,-999.0,-999.0,-999.0,-999.0,-999.0,-999.0,-999,2,3,-999.0,-999.0,-999,76;679;1658;2151,8.41,-999.0,-999.0,-999.0,38232.28,4.49,2.16,3.32,99.44,97.09,98.26,30,153.7,30.0,0.07,169.22,236.94,1499.05,1686.84
Rodentia,Muridae,Rattus,burrus,Rattus burrus,-999,-999.0,-999.0,-999.0,-999.0,-999.0,-999.0,-999.0,-999,-999.0,-999.0,-999,-999.0,-999.0,-999.0,-999.0,-999.0,-999.0,-999.0,-999.0,-999.0,-999.0,-999.0,-999.0,-999,-999,-999,-999.0,-999.0,-999,-999,-999.0,-999.0,-999.0,-999.0,1257.84,8.22,6.74,7.48,93.95,93.45,93.7,14,14.0,14.0,0.16,-999.0,-999.0,-999.0,-999.0
Rodentia,Ctenomyidae,Ctenomys,fodax,Ctenomys fodax,-999,-999.0,-999.0,-999.0,-999.0,-999.0,-999.0,-999.0,-999,-999.0,-999.0,-999,-999.0,-999.0,-999.0,-999.0,-999.0,-999.0,-999.0,-999.0,-999.0,-999.0,-999.0,-999.0,-999,-999,-999,-999.0,-999.0,-999,-999,-999.0,-999.0,-999.0,-999.0,-999.0,-999.0,-999.0,-999.0,-999.0,-999.0,-999.0,-999,-999.0,-999.0,-999.0,-999.0,-999.0,-999.0,-999.0
Rodentia,Cricetidae,Delomys,sublineatus,Delomys sublineatus,3,89.99,-999.0,-999.0,-999.0,-999.0,-999.0,-999.0,-999,-999.0,-999.0,1,-999.0,-999.0,-999.0,-999.0,-999.0,-999.0,-999.0,-999.0,-999.0,-999.0,-999.0,-999.0,-999,1,-999,-999.0,-999.0,-999,905;2655,-999.0,-999.0,-999.0,-999.0,176241.08,-18.28,-26.76,-22.52,-40.14,-49.86,-45.0,10,200.86,15.0,0.05,119.42,200.39,1182.89,1360.55
Chiroptera,Pteropodidae,Myonycteris,brachycephala,Myonycteris brachycephala,-999,-999.0,63.01,-999.0,-999.0,-999.0,-999.0,-999.0,-999,-999.0,-999.0,1,-999.0,-999.0,-999.0,-999.0,-999.0,-999.0,-999.0,-999.0,-999.0,-999.0,-999.0,-999.0,-999,2,-999,-999.0,-999.0,-999,273;1658;2151,35.81,-999.0,-999.0,-999.0,862.58,0.41,0.02,0.22,6.76,6.47,6.61,144,144.0,144.0,0.11,-999.0,-999.0,-999.0,-999.0
Rodentia,Echimyidae,Proechimys,cuvieri,Proechimys cuvieri,1,339.85,-999.0,-999.0,-999.0,-999.0,-999.0,-999.0,4,-999.0,-999.0,1,0.004517324,0.004238052,-999.0,-999.0,-999.0,-999.0,-999.0,-999.0,-999.0,-999.0,-999.0,1.0,-999,1,2,-999.0,-999.0,-999,905;1573;2655,-999.0,-999.0,-999.0,-999.0,2411712.57,6.33,-8.77,-1.22,-47.34,-78.81,-63.08,0,3.86,0.0,0.1,189.44,256.56,1477.63,1590.39
Rodentia,Nesomyidae,Cricetomys,emini,Cricetomys emini,1,1280.0,-999.0,-999.0,-999.0,-999.0,-999.0,-999.0,-999,-999.0,-999.0,1,-999.0,-999.0,-999.0,0.97,-999.0,-999.0,-999.0,-999.0,-999.0,-999.0,-999.0,-999.0,-999,1,-999,-999.0,-999.0,-999,904;1297;2399;2655,-999.0,-999.0,-999.0,-999.0,2945905.07,9.22,-6.04,1.58,35.29,-13.32,10.98,0,51.76,1.0,0.1,148.27,242.8,1333.83,1559.28
Scandentia,Tupaiidae,Anathana,ellioti,Anathana ellioti,-999,160.0,-999.0,-999.0,-999.0,-999.0,-999.0,-999.0,-999,-999.0,-999.0,-999,-999.0,-999.0,-999.0,4.84,-999.0,-999.0,-999.0,-999.0,-999.0,-999.0,-999.0,-999.0,-999,-999,-999,-999.0,-999.0,-999,1297;2655,-999.0,-999.0,-999.0,-999.0,1373476.69,23.94,8.06,16.0,87.75,72.61,80.18,22,314.6,90.0,0.08,99.8,259.26,818.58,1548.17
Soricomorpha,Soricidae,Crocidura,hispida,Crocidura hispida,-999,-999.0,-999.0,-999.0,-999.0,-999.0,-999.0,-999.0,-999,-999.0,-999.0,-999,-999.0,-999.0,-999.0,-999.0,-999.0,-999.0,-999.0,-999.0,-999.0,-999.0,-999.0,-999.0,-999,-999,-999,-999.0,-999.0,-999,-999,-999.0,-999.0,-999.0,-999.0,1535.89,12.9,12.31,12.61,92.98,92.69,92.84,41,46.5,41.0,0.2,215.0,268.0,-999.0,-999.0
Chiroptera,Molossidae,Chaerephon,ansorgei,Chaerephon ansorgei,-999,-999.0,45.99,-999.0,-999.0,-999.0,-999.0,-999.0,-999,-999.0,68.43,1,-999.0,-999.0,-999.0,-999.0,-999.0,-999.0,-999.0,-999.0,-999.0,-999.0,-999.0,-999.0,-999,2,-999,72.83,-999.0,-999,1297;1658;2151,14.53,-999.0,-999.0,-999.0,5163213.18,4.78,-28.43,-11.82,37.83,13.39,25.61,0,27.89,2.0,0.16,111.51,226.89,1125.34,1509.98
Carnivora,Ursidae,Ursus,americanus,Ursus americanus,3,110500.0,-999.0,1380.87,38.86,1797.62,24365.4,110500.0,1,483.0,213.95,1,31.25,34.07,821.25,2.39,-999.0,384.0,293.99,-999.0,0.72,-999.0,1448.45,-999.0,-999,1,1,167.99,-999.0,-999,367;542;543;730;1113;1297;1573;2338;2620;2655,-999.0,0.73,-999.0,-999.0,9650153.48,71.58,23.55,47.57,179.99,-179.99,0.0,0,11.45,0.0,0.05,51.94,3.89,392.57,516.74
Chiroptera,Molossidae,Mops,nanulus,Mops nanulus,-999,-999.0,29.0,-999.0,-999.0,-999.0,-999.0,-999.0,-999,-999.0,-999.0,1,-999.0,-999.0,-999.0,1.0,1.5,-999.0,-999.0,-999.0,-999.0,-999.0,-999.0,-999.0,-999,2,-999,-999.0,-999.0,-999,1297;1658;1685;2151,3.88,-999.0,-999.0,-999.0,3078183.15,9.34,-5.56,1.89,37.06,-13.32,11.86,0,55.63,1.0,0.12,149.71,241.81,1364.26,1560.83
Chiroptera,Nycteridae,Nycteris,woodi,Nycteris woodi,-999,7.6,39.5,-999.0,-999.0,-999.0,-999.0,-999.0,-999,-999.0,-999.0,1,-999.0,-999.0,-999.0,-999.0,-999.0,-999.0,-999.0,-999.0,-999.0,-999.0,-999.0,-999.0,-999,2,-999,-999.0,-999.0,-999,1658;2151;2622;2655,-999.0,-999.0,-999.0,-999.0,665399.76,-11.05,-23.02,-17.04,36.6,27.31,31.96,1,32.61,4.0,0.15,69.29,219.64,793.43,1462.07
Rodentia,Capromyidae,Mesocapromys,sanfelipensis,Mesocapromys sanfelipensis,-999,-999.0,-999.0,-999.0,-999.0,-999.0,-999.0,-999.0,3,-999.0,-999.0,1,-999.0,-999.0,-999.0,-999.0,-999.0,-999.0,-999.0,-999.0,-999.0,-999.0,-999.0,-999.0,-999,2,2,-999.0,-999.0,-999,2151,-999.0,-999.0,-999.0,-999.0,-999.0,-999.0,-999.0,-999.0,-999.0,-999.0,-999.0,-999,-999.0,-999.0,-999.0,-999.0,-999.0,-999.0,-999.0
Chiroptera,Rhinolophidae,Rhinolophus,landeri,Rhinolophus landeri,-999,9.39,41.99,-999.0,-999.0,-999.0,-999.0,-999.0,1,-999.0,119.61,1,-999.0,-999.0,-999.0,0.99,-999.0,-999.0,-999.0,-999.0,-999.0,-999.0,-999.0,-999.0,-999,2,3,60.41,-999.0,-999,44;196;1297;1658;1988;2143;2151;2655;2719;2900,-999.0,-999.0,-999.0,-999.0,12933273.28,17.87,-30.41,-6.27,43.22,-16.82,13.2,0,38.56,1.0,0.14,105.04,239.5,1025.12,1544.59
Rodentia,Sciuridae,Protoxerus,aubinnii,Protoxerus aubinnii,-999,427.94,-999.0,265.0,-999.0,-999.0,-999.0,-999.0,-999,-999.0,-999.0,-999,-999.0,-999.0,-999.0,-999.0,-999.0,-999.0,-999.0,-999.0,-999.0,-999.0,-999.0,-999.0,-999,-999,-999,-999.0,-999.0,-999,2495;2655,-999.0,-999.0,-999.0,-999.0,310389.66,7.7,4.35,6.02,-0.25,-11.95,-6.1,3,76.78,8.0,0.07,173.32,254.91,1351.82,1574.65
Rodentia,Dipodidae,Eozapus,setchuanus,Eozapus setchuanus,-999,-999.0,-999.0,-999.0,-999.0,-999.0,-999.0,-999.0,-999,-999.0,-999.0,-999,-999.0,-999.0,-999.0,-999.0,-999.0,-999.0,-999.0,-999.0,-999.0,-999.0,-999.0,-999.0,-999,-999,-999,-999.0,-999.0,-999,-999,-999.0,-999.0,-999.0,-999.0,595093.11,38.04,26.99,32.52,108.82,98.44,103.63,0,65.43,2.0,0.06,86.0,27.88,622.08,842.63
Afrosoricida,Chrysochloridae,Chlorotalpa,sclateri,Chlorotalpa sclateri,-999,38.3,-999.0,100.0,-999.0,-999.0,-999.0,-999.0,1,-999.0,-999.0,-999,-999.0,-999.0,-999.0,2.0,-999.0,-999.0,-999.0,-999.0,-999.0,1.0,-999.0,1.0,4,-999,3,-999.0,-999.0,-999,285;1848;2131;2629;2655;2818,-999.0,-999.0,-999.0,-999.0,352293.84,-27.01,-32.28,-29.65,30.77,20.56,25.66,0,15.7,0.0,0.1,38.02,156.24,534.62,1105.83
Chiroptera,Phyllostomidae,Tonatia,bidens,Tonatia bidens,-999,27.7,58.13,-999.0,-999.0,-999.0,39.18,27.4,3,-999.0,-999.0,1,-999.0,-999.0,-999.0,0.98,-999.0,-999.0,-999.0,-999.0,-999.0,-999.0,-999.0,-999.0,-999,2,2,-999.0,-999.0,-999,108;196;197;890;1297;1658;1822;1948;2151;2622;2655;2751,-999.0,-999.0,-999.0,-999.0,3493484.02,-2.79,-27.24,-15.02,-34.79,-67.04,-50.91,0,49.89,1.0,0.07,103.54,215.6,1071.13,1366.74
Rodentia,Geomyidae,Orthogeomys,lanius,Orthogeomys lanius,1,499.99,-999.0,-999.0,-999.0,-999.0,-999.0,-999.0,3,-999.0,-999.0,2,-999.0,-999.0,-999.0,-999.0,-999.0,-999.0,-999.0,-999.0,-999.0,-999.0,-999.0,-999.0,-999,1,1,-999.0,-999.0,-999,511;2151;2655,-999.0,-999.0,-999.0,-999.0,197.18,19.3,19.15,19.23,-97.08,-97.23,-97.15,100,100.0,100.0,0.08,135.0,104.0,1082.0,1223.0
Paucituberculata,Caenolestidae,Caenolestes,convelatus,Caenolestes convelatus,2,31.56,-999.0,106.14,-999.0,-999.0,-999.0,-999.0,1,-999.0,-999.0,1,-999.0,-999.0,-999.0,-999.0,-999.0,-999.0,-999.0,-999.0,-999.0,-999.0,-999.0,-999.0,-999,1,3,-999.0,-999.0,-999,890;1612;1760;2655,-999.0,-999.0,-999.0,-999.0,12725.49,2.04,-0.82,0.61,-77.33,-78.99,-78.16,11,80.31,11.0,0.13,142.14,169.06,1452.29,1565.59
Rodentia,Muridae,Rattus,tiomanicus,Rattus tiomanicus,-999,119.29,-999.0,190.0,-999.0,-999.0,-999.0,-999.0,4,-999.0,21.99,1,-999.0,-999.0,-999.0,3.87,-999.0,-999.0,4.1,-999.0,4912.07,-999.0,-999.0,-999.0,-999,1,2,-999.0,-999.0,-999,456;679;730;1297;2152;2655,-999.0,-999.0,-999.0,-999.0,1516498.44,11.42,-8.96,1.23,119.71,95.18,107.45,1,150.22,4.0,0.14,237.71,248.63,1664.86,1740.31
Rodentia,Sciuridae,Sciurus,colliaei,Sciurus colliaei,3,498.0,-999.0,253.14,-999.0,-999.0,-999.0,-999.0,2,-999.0,-999.0,2,-999.0,-999.0,-999.0,2.66,-999.0,-999.0,-999.0,-999.0,-999.0,-999.0,-999.0,-999.0,8,2,1,-999.0,-999.0,-999,32;343;1297;2151;2655,-999.0,-999.0,-999.0,-999.0,81663.79,28.81,18.86,23.83,-103.92,-109.89,-106.91,1,29.64,3.0,0.09,52.37,202.72,788.7,1459.04
Soricomorpha,Soricidae,Crocidura,andamanensis,Crocidura andamanensis,-999,-999.0,-999.0,-999.0,-999.0,-999.0,-999.0,-999.0,-999,-999.0,-999.0,-999,-999.0,-999.0,-999.0,-999.0,-999.0,-999.0,-999.0,-999.0,-999.0,-999.0,-999.0,-999.0,-999,-999,-999,-999.0,-999.0,-999,-999,-999.0,-999.0,-999.0,-999.0,4526.74,13.57,11.47,12.52,93.09,92.52,92.81,41,50.24,41.0,0.21,215.0,268.0,-999.0,-999.0
Chiroptera,Hipposideridae,Hipposideros,hypophyllus,Hipposideros hypophyllus,-999,-999.0,-999.0,-999.0,-999.0,-999.0,-999.0,-999.0,-999,-999.0,-999.0,-999,-999.0,-999.0,-999.0,-999.0,-999.0,-999.0,-999.0,-999.0,-999.0,-999.0,-999.0,-999.0,-999,-999,-999,-999.0,-999.0,-999,-999,-999.0,-999.0,-999.0,-999.0,78200.16,14.27,11.25,12.76,79.33,76.1,77.72,137,317.49,155.0,0.07,68.86,252.8,906.3,1586.03
Chiroptera,Rhinolophidae,Rhinolophus,marshalli,Rhinolophus marshalli,-999,5.02,45.5,-999.0,-999.0,-999.0,-999.0,-999.0,1,-999.0,-999.0,1,-999.0,-999.0,-999.0,-999.0,-999.0,-999.0,-999.0,-999.0,-999.0,-999.0,-999.0,-999.0,-999,2,3,-999.0,-999.0,-999,679;1658;2151;2622;2655,-999.0,-999.0,-999.0,-999.0,704109.29,22.43,5.08,13.75,108.05,98.3,103.17,2,79.96,8.0,0.1,144.33,236.27,1128.26,1506.45
Diprotodontia,Burramyidae,Cercartetus,nanus,Cercartetus nanus,1,26.85,-999.0,-999.0,-999.0,152.08,55.9,65.0,4,-999.0,-999.0,2,0.005564565,0.00522055,139.25,3.96,2.0,96.0,0.01,-999.0,788.66,-999.0,193.8,-999.0,4,2,2,62.5,5.91,-999,511;543;955;1297;1412;1466;1573;1760;1822;2644;2655;2967;2969,-999.0,-999.0,-999.0,-999.0,378748.79,-26.49,-43.64,-35.06,153.63,139.66,146.65,0,35.3,1.0,0.04,70.94,131.85,657.19,1010.73
Rodentia,Cricetidae,Tylomys,fulviventer,Tylomys fulviventer,-999,-999.0,-999.0,-999.0,-999.0,-999.0,-999.0,-999.0,-999,-999.0,-999.0,-999,-999.0,-999.0,-999.0,-999.0,-999.0,-999.0,-999.0,-999.0,-999.0,-999.0,-999.0,-999.0,-999,-999,-999,-999.0,-999.0,-999,-999,-999.0,-999.0,-999.0,-999.0,105.37,7.91,7.81,7.86,-77.33,-77.44,-77.39,6,6.0,6.0,0.0,226.0,253.0,1556.0,1648.0
Carnivora,Viverridae,Diplogale,hosei,Diplogale hosei,1,-999.0,-999.0,599.13,-999.0,-999.0,-999.0,-999.0,6,-999.0,-999.0,1,-999.0,-999.0,-999.0,-999.0,-999.0,-999.0,-999.0,-999.0,-999.0,-999.0,-999.0,-999.0,-999,1,2,-999.0,-999.0,-999,1113,5452.04,-999.0,-999.0,-999.0,14471.88,6.26,4.56,5.41,117.13,115.7,116.42,4,34.39,4.0,0.31,257.68,231.32,1807.65,1879.01
Carnivora,Felidae,Felis,nigripes,Felis nigripes,2,1362.77,-999.0,400.05,7.0,-999.0,-999.0,-999.0,1,-999.0,67.5,1,-999.0,-999.0,228.12,1.78,4.0,144.0,72.0,-999.0,-999.0,-999.0,284.58,-999.0,6,1,3,67.23,-999.0,-999,543;1113;1297;2655,-999.0,-999.0,-999.0,-999.0,1732323.73,-15.92,-33.39,-24.65,32.34,12.23,22.29,0,8.32,0.0,0.09,30.61,186.65,449.31,1283.12
Rodentia,Spalacidae,Eospalax,fontanierii,Eospalax fontanierii,-999,256.76,-999.0,-999.0,-999.0,-999.0,-999.0,-999.0,-999,-999.0,-999.0,-999,-999.0,-999.0,-999.0,-999.0,-999.0,-999.0,9.02,-999.0,-999.0,-999.0,-999.0,-999.0,-999,-999,-999,-999.0,-999.0,-999,2756;3130,-999.0,-999.0,-999.0,-999.0,952910.54,41.36,27.81,34.58,120.49,98.49,109.49,0,147.9,2.0,0.05,54.39,41.47,557.49,806.04
Chiroptera,Hipposideridae,Hipposideros,cyclops,Hipposideros cyclops,-999,32.92,64.74,75.99,-999.0,-999.0,-999.0,-999.0,-999,-999.0,106.45,1,-999.0,-999.0,-999.0,1.0,1.0,-999.0,-999.0,-999.0,-999.0,-999.0,-999.0,-999.0,-999,2,-999,116.92,-999.0,-999,632;892;1297;1658;2151;2399;2622;2655,-999.0,-999.0,-999.0,-999.0,3655886.68,13.44,-6.38,3.52,35.78,-16.82,9.47,0,51.81,1.0,0.12,149.42,243.95,1326.61,1553.25
Chiroptera,Molossidae,Mops,condylurus,Mops condylurus,-999,26.59,47.22,-999.0,0.0,-999.0,-999.0,-999.0,1,-999.0,88.64,1,-999.0,-999.0,-999.0,1.0,2.0,-999.0,8.03,-999.0,-999.0,60.0,285.63,-999.0,-999,2,3,49.99,-999.0,-999,44;196;1257;1258;1297;1384;1658;1685;1938;2094;2143;2151;2622;2655;2719;2900;2902;3023,-999.0,-999.0,-999.0,-999.0,16249258.42,18.08,-29.64,-5.77,51.41,-17.53,16.93,0,34.91,1.0,0.13,92.42,243.6,922.06,1564.21
Artiodactyla,Cervidae,Muntiacus,puhoatensis,Muntiacus puhoatensis,-999,-999.0,-999.0,-999.0,-999.0,-999.0,-999.0,-999.0,-999,-999.0,-999.0,-999,-999.0,-999.0,-999.0,-999.0,-999.0,-999.0,-999.0,-999.0,-999.0,-999.0,-999.0,-999.0,-999,-999,-999,-999.0,-999.0,-999,-999,-999.0,-999.0,-999.0,-999.0,1860.05,19.69,19.24,19.46,105.08,104.63,104.86,22,103.77,22.0,0.1,115.0,211.5,1061.77,1252.5
Chiroptera,Phyllostomidae,Chiroderma,improvisum,Chiroderma improvisum,-999,35.39,57.5,-999.0,-999.0,-999.0,-999.0,-999.0,1,-999.0,-999.0,1,-999.0,-999.0,-999.0,-999.0,-999.0,-999.0,-999.0,-999.0,-999.0,-999.0,-999.0,-999.0,-999,2,1,-999.0,-999.0,-999,890;1658;2151;2622;2655,-999.0,-999.0,-999.0,-999.0,1580.07,16.81,15.94,16.38,-61.16,-62.24,-61.7,104,221.77,104.0,0.06,-999.0,-999.0,-999.0,-999.0
Chiroptera,Pteropodidae,Dobsonia,anderseni,Dobsonia anderseni,-999,233.99,122.55,-999.0,-999.0,-999.0,-999.0,-999.0,-999,-999.0,-999.0,-999,-999.0,-999.0,-999.0,-999.0,-999.0,-999.0,-999.0,-999.0,-999.0,-999.0,-999.0,-999.0,-999,-999,-999,-999.0,-999.0,-999,196;259,-999.0,-999.0,-999.0,-999.0,22628.33,-1.31,-6.13,-3.72,153.33,145.88,149.6,8,11.87,9.0,0.11,204.26,244.73,1653.0,1653.0
Rodentia,Heteromyidae,Dipodomys,phillipsii,Dipodomys phillipsii,1,41.0,-999.0,95.86,-999.0,-999.0,-999.0,-999.0,3,-999.0,-999.0,2,-999.0,-999.0,-999.0,2.59,-999.0,-999.0,-999.0,-999.0,-999.0,-999.0,-999.0,-999.0,-999,1,1,-999.0,-999.0,-999,1297;1638;2655,-999.0,-999.0,-999.0,-999.0,177725.95,25.06,17.79,21.42,-96.76,-105.04,-100.9,3,147.33,5.0,0.07,64.72,156.19,771.27,1296.09
Chiroptera,Vespertilionidae,Pipistrellus,sturdeei,Pipistrellus sturdeei,-999,-999.0,30.0,-999.0,-999.0,-999.0,-999.0,-999.0,-999,-999.0,-999.0,1,-999.0,-999.0,-999.0,-999.0,-999.0,-999.0,-999.0,-999.0,-999.0,-999.0,-999.0,-999.0,-999,2,-999,-999.0,-999.0,-999,1658;2151,4.27,-999.0,-999.0,-999.0,-999.0,-999.0,-999.0,-999.0,-999.0,-999.0,-999.0,-999,-999.0,-999.0,-999.0,-999.0,-999.0,-999.0,-999.0
Rodentia,Muridae,Pelomys,isseli,Pelomys isseli,-999,59.99,-999.0,-999.0,-999.0,-999.0,-999.0,-999.0,-999,-999.0,-999.0,-999,-999.0,-999.0,-999.0,-999.0,-999.0,-999.0,-999.0,-999.0,-999.0,-999.0,-999.0,-999.0,-999,-999,-999,-999.0,-999.0,-999,2655,-999.0,-999.0,-999.0,-999.0,85.9,-0.04,-0.68,-0.36,32.81,32.27,32.54,96,184.33,96.0,0.25,-999.0,-999.0,-999.0,-999.0
Didelphimorphia,Didelphidae,Gracilinanus,aceramarcae,Gracilinanus aceramarcae,1,20.5,-999.0,83.0,-999.0,-999.0,-999.0,-999.0,-999,-999.0,-999.0,-999,-999.0,-999.0,-999.0,-999.0,-999.0,-999.0,-999.0,-999.0,-999.0,-999.0,-999.0,-999.0,-999,-999,-999,-999.0,-999.0,-999,890;1760;2655,-999.0,-999.0,-999.0,-999.0,382.7,-16.37,-16.57,-16.47,-67.5,-67.7,-67.6,51,72.97,51.0,0.06,87.02,40.44,1087.22,1362.16
Rodentia,Bathyergidae,Heliophobius,argenteocinereus,Heliophobius argenteocinereus,2,159.46,-999.0,154.53,-999.0,-999.0,74.8,88.0,1,-999.0,87.0,1,0.000134237,0.000125938,-999.0,2.46,1.5,37.2,7.0,-999.0,5800.0,-999.0,-999.0,1.0,-999,1,1,-999.0,-999.0,-999,230;231;244;247;543;740;1297;1478;1573;1822;2655,-999.0,-999.0,-999.0,-999.0,2206524.59,-0.9,-18.48,-9.69,40.84,25.07,32.96,1,34.69,4.0,0.18,85.47,226.51,911.86,1544.41
Diprotodontia,Pseudocheiridae,Pseudochirulus,forbesi,Pseudochirulus forbesi,-999,639.16,-999.0,265.18,-999.0,-999.0,-999.0,-999.0,2,-999.0,-999.0,1,-999.0,-999.0,-999.0,1.26,-999.0,-999.0,-999.0,-999.0,-999.0,-999.0,-999.0,-999.0,4,2,1,-999.0,-999.0,-999,661;955;975;977;1760;1991;2152;2655,-999.0,-999.0,-999.0,-999.0,41306.37,-7.24,-10.11,-8.67,149.75,146.11,147.93,3,10.55,3.0,0.09,197.82,210.95,1742.74,1802.02
Primates,Cebidae,Saguinus,midas,Saguinus midas,3,540.56,-999.0,264.21,-999.0,730.0,-999.0,-999.0,4,-999.0,138.24,1,0.05,0.09,206.83,2.02,-999.0,184.8,39.78,-999.0,10.98,-999.0,841.82,5.55,-999,2,2,69.6,-999.0,-999,208;543;730;890;905;1201;1297;1544;1547;2151;2344;2431;2489;2493;2511;2655;2660;2663;2986,-999.0,1.46,-999.0,-999.0,1524401.32,8.02,-8.37,-0.17,-45.3,-64.84,-55.07,0,5.3,0.0,0.12,160.68,252.81,1441.49,1666.98
Didelphimorphia,Didelphidae,Didelphis,aurita,Didelphis aurita,1,1105.88,-999.0,-999.0,-999.0,-999.0,-999.0,-999.0,4,-999.0,-999.0,-999,-999.0,-999.0,-999.0,6.11,-999.0,-999.0,-999.0,-999.0,45.22,-999.0,192.74,-999.0,-999,-999,2,99.71,-999.0,-999,256;565;569;955;1297;1760;2545;2655,-999.0,-999.0,-999.0,-999.0,1075333.48,-8.04,-27.32,-17.68,-35.1,-57.91,-46.51,2,100.34,9.0,0.06,126.98,207.59,1212.17,1376.83
Rodentia,Abrocomidae,Abrocoma,vaccarum,Abrocoma vaccarum,-999,-999.0,-999.0,-999.0,-999.0,-999.0,-999.0,-999.0,-999,-999.0,-999.0,-999,-999.0,-999.0,-999.0,-999.0,-999.0,-999.0,-999.0,-999.0,-999.0,-999.0,-999.0,-999.0,-999,-999,-999,-999.0,-999.0,-999,-999,-999.0,-999.0,-999.0,-999.0,-999.0,-999.0,-999.0,-999.0,-999.0,-999.0,-999.0,-999,-999.0,-999.0,-999.0,-999.0,-999.0,-999.0,-999.0
Pholidota,Manidae,Manis,tetradactyla,Manis tetradactyla,-999,2749.98,-999.0,-999.0,-999.0,-999.0,-999.0,-999.0,-999,-999.0,-999.0,-999,-999.0,-999.0,365.0,1.05,1.0,-999.0,-999.0,-999.0,-999.0,-999.0,755.15,-999.0,-999,-999,-999,-999.0,400.0,-999,1297;1848;2655,-999.0,-999.0,-999.0,-999.0,2565481.1,8.9,-6.05,1.42,29.41,-13.29,8.06,0,33.86,1.0,0.12,157.99,245.69,1384.7,1554.84
Artiodactyla,Cervidae,Axis,kuhlii,Axis kuhlii,3,54999.99,-999.0,1375.0,-999.0,-999.0,-999.0,-999.0,2,-999.0,227.49,-999,-999.0,-999.0,-999.0,1.22,1.3,-999.0,-999.0,-999.0,4.44,-999.0,-999.0,-999.0,-999,-999,1,-999.0,-999.0,-999,132;899;2525;2655;3010,-999.0,-999.0,-999.0,-999.0,197.86,-5.72,-5.86,-5.79,112.73,112.56,112.64,625,625.0,625.0,0.01,-999.0,-999.0,-999.0,-999.0
Rodentia,Echimyidae,Isothrix,bistriata,Isothrix bistriata,1,444.99,-999.0,-999.0,-999.0,-999.0,-999.0,-999.0,-999,-999.0,-999.0,1,-999.0,-999.0,-999.0,0.97,-999.0,-999.0,-999.0,-999.0,-999.0,-999.0,-999.0,-999.0,-999,2,-999,-999.0,-999.0,-999,1297;2151;2655,-999.0,-999.0,-999.0,-999.0,2821324.26,3.98,-14.86,-5.43,-57.99,-77.13,-67.56,0,1.94,0.0,0.16,195.09,253.74,1476.22,1570.25
Primates,Aotidae,Aotus,lemurinus,Aotus lemurinus,1,865.96,-999.0,305.0,-999.0,-999.0,-999.0,-999.0,4,-999.0,132.23,1,-999.0,-999.0,365.0,1.01,-999.0,216.0,97.47,-999.0,35.43,-999.0,755.15,-999.0,-999,2,2,74.57,-999.0,-999,139;730;1015;1544;1547;2151;2655;2986,-999.0,1.1,-999.0,-999.0,321845.55,11.11,1.32,6.21,-70.97,-82.54,-76.76,2,63.64,4.0,0.09,190.02,242.21,1489.89,1653.86
Rodentia,Muridae,Chiropodomys,muroides,Chiropodomys muroides,-999,28.9,-999.0,93.99,-999.0,-999.0,-999.0,-999.0,-999,-999.0,-999.0,-999,-999.0,-999.0,-999.0,-999.0,-999.0,-999.0,-999.0,-999.0,-999.0,-999.0,-999.0,-999.0,-999,-999,-999,-999.0,-999.0,-999,2152,-999.0,-999.0,-999.0,-999.0,1113.96,6.13,1.66,3.9,116.45,116.01,116.23,5,87.18,5.0,0.27,241.06,221.6,1771.43,1856.66
Chiroptera,Phyllostomidae,Lonchophylla,bokermanni,Lonchophylla bokermanni,-999,-999.0,40.0,-999.0,-999.0,-999.0,-999.0,-999.0,3,-999.0,-999.0,1,-999.0,-999.0,-999.0,-999.0,-999.0,-999.0,-999.0,-999.0,-999.0,-999.0,-999.0,-999.0,-999,2,2,-999.0,-999.0,-999,889;1658;2151,9.74,-999.0,-999.0,-999.0,128491.45,-17.9,-22.3,-20.1,-42.46,-46.43,-44.44,4,54.27,8.0,0.05,120.37,201.47,1121.31,1308.72
Cetacea,Delphinidae,Pseudorca,crassidens,Pseudorca crassidens,-999,1360000.0,-999.0,-999.0,-999.0,-999.0,-999.0,-999.0,2,-999.0,462.0,1,-999.0,-999.0,-999.0,0.97,-999.0,264.0,-999.0,-999.0,-999.0,50.0,3721.66,-999.0,-999,-999,3,547.5,-999.0,-999,172;543;1297;2151;2655,-999.0,-999.0,-999.0,-999.0,-999.0,-999.0,-999.0,-999.0,-999.0,-999.0,-999.0,-999,-999.0,-999.0,-999.0,-999.0,-999.0,-999.0,-999.0
Artiodactyla,Cervidae,Mazama,chunyi,Mazama chunyi,-999,16071.74,-999.0,-999.0,-999.0,-999.0,-999.0,-999.0,-999,-999.0,243.33,1,-999.0,-999.0,-999.0,1.5,-999.0,-999.0,-999.0,-999.0,-999.0,-999.0,-999.0,-999.0,-999,1,-999,-999.0,-999.0,-999,2151;2655;3010,-999.0,-999.0,-999.0,-999.0,112162.09,-11.16,-17.37,-14.26,-66.87,-73.16,-70.01,0,14.11,1.0,0.07,205.34,174.89,1245.35,1433.88
Cingulata,Dasypodidae,Euphractus,sexcinctus,Euphractus sexcinctus,2,4731.16,-999.0,446.66,23.5,-999.0,1236.69,8190.0,6,-999.0,64.66,2,0.65,0.93,-999.0,1.73,-999.0,225.96,104.98,-999.0,1.77,-999.0,283.18,1.0,2,1,2,28.0,-999.0,-999,354;543;730;889;890;905;1008;1297;1822;1946;2151;2403;2649;2655,-999.0,-999.0,-999.0,-999.0,6270416.0,3.05,-35.53,-16.24,-34.79,-66.07,-50.43,0,36.46,1.0,0.09,109.7,217.48,1083.97,1362.67
Chiroptera,Natalidae,Natalus,primus,Natalus primus,-999,-999.0,-999.0,-999.0,-999.0,-999.0,-999.0,-999.0,-999,-999.0,-999.0,-999,-999.0,-999.0,-999.0,-999.0,-999.0,-999.0,-999.0,-999.0,-999.0,-999.0,-999.0,-999.0,-999,-999,-999,-999.0,-999.0,-999,-999,-999.0,-999.0,-999.0,-999.0,79953.26,23.15,19.82,21.49,-74.13,-83.19,-78.66,16,77.34,23.0,0.02,97.62,251.38,1271.0,1782.03
Soricomorpha,Talpidae,Talpa,europaea,Talpa europaea,2,87.53,-999.0,129.99,-999.0,365.0,-999.0,-999.0,1,-999.0,30.41,2,0.002281811,0.002199765,-999.0,3.89,1.0,84.0,3.24,-999.0,925.63,1.0,335.48,-999.0,8,1,3,32.49,51.49,-999,543;562;730;949;966;1033;1120;1129;1159;1277;1297;1338;1451;1573;1847;1848;2060;2080;2131;2338;2620;2655;2736;2737;2786,-999.0,-999.0,-999.0,-999.0,7114720.32,64.41,41.24,52.82,76.88,-6.23,35.32,0,83.71,1.0,0.001894439,48.51,49.35,420.58,482.81
Carnivora,Phocidae,Ommatophoca,rossii,Ommatophoca rossii,2,208252.12,-999.0,2061.84,0.0,-999.0,-999.0,-999.0,1,28.0,349.79,2,-999.0,-999.0,365.0,0.96,-999.0,252.0,17000.0,-999.0,0.16,-999.0,1489.84,1.0,-999,1,3,27.84,-999.0,-999,367;543;890;905;1297;2151;2655;2986,-999.0,1.1,-999.0,-999.0,-999.0,-999.0,-999.0,-999.0,-999.0,-999.0,-999.0,-999,-999.0,-999.0,-999.0,-999.0,-999.0,-999.0,-999.0
Primates,Lepilemuridae,Lepilemur,mustelinus,Lepilemur mustelinus,1,669.03,-999.0,-999.0,-999.0,677.07,225.0,693.0,3,-999.0,133.45,1,0.002734203,0.003872983,-999.0,1.0,1.0,144.0,27.0,-999.0,255.1,-999.0,663.81,1.0,2,2,1,76.21,-999.0,-999,208;511;543;730;1046;1048;1167;1261;1297;1544;1545;1547;1768;2151;2344;2428;2493;2655;2660;2986,-999.0,-999.0,-999.0,-999.0,41461.51,-13.87,-17.84,-15.86,50.48,48.48,49.48,5,27.6,8.0,0.18,173.61,198.75,1388.45,1668.67
Soricomorpha,Soricidae,Sorex,bairdi,Sorex bairdi,-999,8.33,-999.0,-999.0,-999.0,-999.0,-999.0,-999.0,-999,-999.0,-999.0,-999,-999.0,-999.0,-999.0,-999.0,-999.0,-999.0,-999.0,-999.0,-999.0,-999.0,-999.0,-999.0,-999,-999,-999,-999.0,-999.0,-999,2655,-999.0,-999.0,-999.0,-999.0,35561.66,47.23,45.65,46.44,-120.52,-124.13,-122.33,1,53.7,2.0,0.07,99.53,77.44,438.38,660.19
Carnivora,Phocidae,Pusa,sibirica,Pusa sibirica,2,89499.99,-999.0,1272.95,0.0,-999.0,-999.0,-999.0,1,72.5,277.63,2,-999.0,-999.0,365.0,1.0,-999.0,672.0,3050.0,-999.0,1.58,-999.0,2276.14,-999.0,-999,1,3,66.11,-999.0,-999,367;543;1297;1763;2151;2655;2986,-999.0,1.1,-999.0,-999.0,-999.0,-999.0,-999.0,-999.0,-999.0,-999.0,-999.0,-999,-999.0,-999.0,-999.0,-999.0,-999.0,-999.0,-999.0
Rodentia,Gliridae,Glirulus,japonicus,Glirulus japonicus,1,-999.0,-999.0,72.5,14.5,-999.0,-999.0,-999.0,4,-999.0,31.4,1,-999.0,-999.0,-999.0,4.0,1.5,-999.0,-999.0,-999.0,-999.0,-999.0,145.02,-999.0,-999,2,2,38.0,-999.0,-999,1297;2036;2151,12.26,-999.0,-999.0,-999.0,190065.26,37.52,30.98,34.25,140.88,129.55,135.21,112,469.59,114.0,0.009617905,150.46,116.54,841.22,886.83
Primates,Galagidae,Galago,senegalensis,Galago senegalensis,1,215.2,-999.0,160.0,-999.0,511.0,167.6,223.25,3,-999.0,126.98,-999,0.08,0.11,219.0,1.5,2.0,204.0,11.5,-999.0,89.77,-999.0,330.37,3.5,-999,-999,2,93.93,122.47,-999,208;223;543;730;1167;1297;1544;1547;1611;1822;1848;2344;2489;2493;2655;2660;2986,-999.0,-999.0,-999.0,-999.0,8867497.32,17.84,-13.94,1.95,46.5,-17.53,14.48,0,42.66,1.0,0.12,80.08,249.92,836.61,1594.8
Rodentia,Muridae,Praomys,tullbergi,Praomys tullbergi,1,37.1,-999.0,101.58,-999.0,114.83,-999.0,-999.0,-999,-999.0,23.9,1,0.001625591,0.002073237,24.0,3.36,4.0,62.4,2.7,-999.0,1739.53,-999.0,57.07,-999.0,-999,1,-999,24.5,10.5,72,543;730;904;1254;1256;1297;2655,-999.0,-999.0,-999.0,-999.0,1062893.48,13.51,-9.54,1.98,16.58,-15.47,0.55,1,78.19,2.0,0.11,151.1,250.21,1172.24,1524.06
Chiroptera,Phyllostomidae,Mimon,bennettii,Mimon bennettii,-999,12.9,56.0,-999.0,-999.0,-999.0,-999.0,-999.0,2,-999.0,-999.0,2,-999.0,-999.0,-999.0,-999.0,-999.0,-999.0,-999.0,-999.0,-999.0,-999.0,-999.0,-999.0,-999,2,2,-999.0,-999.0,-999,889;890;1658;2151;2622,-999.0,-999.0,-999.0,-999.0,2103098.89,6.82,-28.68,-10.92,-34.79,-58.95,-46.87,0,68.9,0.0,0.07,139.13,232.3,1207.48,1528.16
Rodentia,Cricetidae,Peromyscus,sejugis,Peromyscus sejugis,1,21.5,-999.0,98.7,-999.0,-999.0,-999.0,-999.0,-999,-999.0,-999.0,-999,-999.0,-999.0,-999.0,-999.0,-999.0,-999.0,-999.0,-999.0,-999.0,-999.0,-999.0,-999.0,-999,-999,-999,-999.0,-999.0,-999,65;2151,-999.0,-999.0,-999.0,-999.0,13.64,25.31,25.2,25.26,-110.69,-110.74,-110.71,7,7.0,7.0,0.0,-999.0,-999.0,-999.0,-999.0
Soricomorpha,Soricidae,Anourosorex,yamashinai,Anourosorex yamashinai,-999,-999.0,-999.0,-999.0,-999.0,-999.0,-999.0,-999.0,-999,-999.0,-999.0,-999,-999.0,-999.0,-999.0,-999.0,-999.0,-999.0,-999.0,-999.0,-999.0,-999.0,-999.0,-999.0,-999,-999,-999,-999.0,-999.0,-999,-999,-999.0,-999.0,-999.0,-999.0,36065.98,25.29,21.9,23.6,122.0,120.04,121.02,70,676.6,73.0,0.03,160.5,165.8,-999.0,-999.0
Primates,Tarsiidae,Tarsius,pumilus,Tarsius pumilus,-999,-999.0,-999.0,100.0,-999.0,-999.0,-999.0,-999.0,-999,-999.0,-999.0,-999,-999.0,-999.0,-999.0,1.01,-999.0,-999.0,-999.0,-999.0,-999.0,-999.0,-999.0,1.0,-999,-999,-999,-999.0,-999.0,-999,1544;1547;1848;2151,31.03,-999.0,-999.0,-999.0,111.58,-1.47,-3.55,-2.51,120.5,120.04,120.27,17,44.14,17.0,0.1,222.32,201.98,1810.39,1934.93
Chiroptera,Pteropodidae,Dobsonia,peronii,Dobsonia peronii,-999,226.51,115.1,-999.0,-999.0,-999.0,-999.0,-999.0,1,-999.0,-999.0,1,-999.0,-999.0,-999.0,0.98,-999.0,-999.0,52.4,-999.0,-999.0,147.5,-999.0,-999.0,-999,2,1,-999.0,-999.0,-999,80;262;1297;1386;1388;1621;1658;2017;2143;2151;2655;3023,-999.0,-999.0,-999.0,-999.0,84055.51,-7.55,-10.37,-8.96,129.86,114.43,122.14,19,131.92,19.0,0.07,204.26,241.37,-999.0,-999.0
Chiroptera,Vespertilionidae,Eptesicus,bottae,Eptesicus bottae,-999,15.66,42.95,-999.0,-999.0,-999.0,-999.0,-999.0,-999,-999.0,-999.0,1,-999.0,-999.0,-999.0,-999.0,-999.0,-999.0,-999.0,-999.0,-999.0,-999.0,-999.0,-999.0,-999,2,-999,-999.0,-999.0,-999,1658;2151;2655;2696;3110,-999.0,-999.0,-999.0,-999.0,1701007.28,47.07,13.78,30.42,80.42,28.36,54.39,0,81.35,1.0,0.12,23.53,112.75,291.75,1027.92
Chiroptera,Phyllostomidae,Artibeus,anderseni,Artibeus anderseni,-999,-999.0,35.49,-999.0,-999.0,-999.0,-999.0,-999.0,1,-999.0,-999.0,1,-999.0,-999.0,-999.0,0.98,-999.0,-999.0,-999.0,-999.0,-999.0,-999.0,-999.0,-999.0,-999,2,1,-999.0,-999.0,-999,889;1297;1658;2151;2622;2655,6.91,-999.0,-999.0,-999.0,3362837.2,0.71,-18.71,-9.0,-58.59,-77.93,-68.26,0,4.26,0.0,0.15,178.8,240.02,1384.93,1521.56
Primates,Cebidae,Callithrix,leucippe,Callithrix leucippe,3,-999.0,-999.0,-999.0,-999.0,-999.0,-999.0,-999.0,-999,-999.0,-999.0,-999,-999.0,-999.0,-999.0,-999.0,-999.0,-999.0,-999.0,-999.0,-999.0,-999.0,-999.0,-999.0,-999,-999,-999,-999.0,-999.0,-999,2344;2725,-999.0,-999.0,-999.0,-999.0,14616.07,-3.85,-5.41,-4.63,-55.11,-56.36,-55.73,1,1.5,1.0,0.16,171.99,251.2,1381.69,1571.6
Artiodactyla,Cervidae,Cervus,elaphus,Cervus elaphus,2,240867.13,-999.0,2136.72,-999.0,993.71,-999.0,-999.0,5,-999.0,235.61,1,58.42,54.81,-999.0,1.09,-999.0,321.6,8255.82,-999.0,2.9,-999.0,659.91,17.5,-999,1,1,104.64,43977.2,-999,177;216;511;543;653;730;764;1297;1404;1573;1577;1594;1763;2338;2525;2620;2655;2718;2986;3009;3010,-999.0,-999.0,-999.0,-999.0,14167735.33,64.59,28.23,46.41,141.54,-124.73,8.4,0,60.79,0.0,0.04,44.42,27.73,421.62,662.37
Rodentia,Muridae,Berylmys,manipulus,Berylmys manipulus,-999,-999.0,-999.0,-999.0,-999.0,-999.0,-999.0,-999.0,-999,-999.0,-999.0,-999,-999.0,-999.0,-999.0,-999.0,-999.0,-999.0,-999.0,-999.0,-999.0,-999.0,-999.0,-999.0,-999,-999,-999,-999.0,-999.0,-999,-999,-999.0,-999.0,-999.0,-999.0,386054.29,28.94,22.35,25.65,100.39,90.8,95.6,1,80.8,1.0,0.09,186.26,147.79,1069.95,1251.5
Soricomorpha,Talpidae,Uropsilus,soricipes,Uropsilus soricipes,-999,16.0,-999.0,72.69,-999.0,-999.0,-999.0,-999.0,1,-999.0,-999.0,1,-999.0,-999.0,-999.0,-999.0,-999.0,-999.0,-999.0,-999.0,-999.0,-999.0,-999.0,-999.0,-999,1,3,-999.0,-999.0,-999,2131;2655;2741,-999.0,-999.0,-999.0,-999.0,240300.08,34.54,25.38,29.96,110.38,99.22,104.8,3,114.37,4.0,0.06,92.15,59.06,747.48,911.11
Rodentia,Ctenomyidae,Ctenomys,knighti,Ctenomys knighti,-999,316.0,-999.0,-999.0,-999.0,-999.0,-999.0,-999.0,3,-999.0,-999.0,1,-999.0,-999.0,-999.0,-999.0,-999.0,-999.0,-999.0,-999.0,-999.0,-999.0,-999.0,-999.0,-999,1,1,-999.0,-999.0,-999,2151;2655,-999.0,-999.0,-999.0,-999.0,20864.38,-25.96,-29.02,-27.49,-65.37,-67.22,-66.3,1,19.78,1.0,0.08,47.45,108.48,515.88,1198.36
Rodentia,Geomyidae,Thomomys,mazama,Thomomys mazama,-999,93.07,-999.0,144.99,-999.0,-999.0,-999.0,-999.0,3,-999.0,-999.0,2,9.05052e-05,7.60941e-05,-999.0,3.79,-999.0,-999.0,-999.0,-999.0,3578.84,-999.0,-999.0,-999.0,-999,1,1,-999.0,-999.0,-999,2151;2655;2939,-999.0,-999.0,-999.0,-999.0,80946.15,48.14,39.99,44.06,-120.9,-124.43,-122.66,0,33.13,1.0,0.09,88.44,79.38,423.72,746.34
Rodentia,Chinchillidae,Lagidium,wolffsohni,Lagidium wolffsohni,3,2682.0,-999.0,-999.0,-999.0,-999.0,-999.0,-999.0,-999,-999.0,-999.0,-999,-999.0,-999.0,-999.0,-999.0,-999.0,-999.0,-999.0,-999.0,-999.0,-999.0,-999.0,-999.0,2,-999,-999,-999.0,-999.0,-999,511;2151;2655,-999.0,-999.0,-999.0,-999.0,11203.88,-48.44,-51.45,-49.94,-69.86,-73.2,-71.53,0,0.19,0.0,0.0,34.2,43.1,368.44,445.47
Primates,Lemuridae,Eulemur,albifrons,Eulemur albifrons,-999,-999.0,-999.0,-999.0,-999.0,-999.0,-999.0,-999.0,-999,-999.0,-999.0,-999,-999.0,-999.0,-999.0,-999.0,-999.0,-999.0,-999.0,-999.0,-999.0,-999.0,-999.0,-999.0,-999,-999,-999,-999.0,-999.0,-999,-999,-999.0,-999.0,-999.0,-999.0,35602.37,-13.62,-17.37,-15.5,50.46,48.67,49.57,8,27.32,11.0,0.18,168.69,201.58,1398.17,1669.01
Sirenia,Trichechidae,Trichechus,inunguis,Trichechus inunguis,2,418001.19,-999.0,2751.93,-999.0,-999.0,11565.61,165223.0,3,-999.0,372.74,1,-999.0,-999.0,-999.0,1.0,-999.0,360.0,-999.0,-999.0,-999.0,-999.0,1520.78,1.0,-999,-999,1,516.18,67500.0,-999,543;890;905;1015;1297;1421;1822;2151;2655,-999.0,-999.0,-999.0,-999.0,-999.0,-999.0,-999.0,-999.0,-999.0,-999.0,-999.0,-999,-999.0,-999.0,-999.0,-999.0,-999.0,-999.0,-999.0
Primates,Tarsiidae,Tarsius,bancanus,Tarsius bancanus,1,114.39,-999.0,106.59,-999.0,919.8,-999.0,-999.0,3,-999.0,125.84,1,0.01,0.02,240.29,1.0,-999.0,144.0,23.93,-999.0,62.24,-999.0,658.68,1.0,-999,2,2,78.55,-999.0,-999,223;511;543;1297;1544;1547;1767;1768;1848;2137;2151;2344;2493;2655;2973;2986,-999.0,1.36,-999.0,-999.0,848019.79,7.03,-5.9,0.56,119.26,102.6,110.93,1,39.41,4.0,0.17,256.39,246.61,1702.76,1734.7
Artiodactyla,Cervidae,Alces,alces,Alces alces,2,461900.76,-999.0,2930.47,-999.0,1216.66,-999.0,-999.0,1,-999.0,235.0,1,71.75,73.26,365.0,1.25,1.7,324.0,12999.99,-999.0,0.4,-999.0,668.2,1.0,4,1,1,98.85,86299.96,-999,543;653;730;1013;1297;1418;1555;1573;1763;2525;2573;2620;2655;2890;2986;3009;3010,-999.0,-999.0,-999.0,-999.0,-999.0,-999.0,-999.0,-999.0,-999.0,-999.0,-999.0,-999,-999.0,-999.0,-999.0,-999.0,-999.0,-999.0,-999.0
Scandentia,Tupaiidae,Tupaia,dorsalis,Tupaia dorsalis,3,168.05,-999.0,185.0,-999.0,-999.0,-999.0,-999.0,4,-999.0,-999.0,-999,-999.0,-999.0,-999.0,-999.0,-999.0,-999.0,-999.0,-999.0,-999.0,-999.0,-999.0,-999.0,-999,-999,2,-999.0,-999.0,-999,2152,-999.0,-999.0,-999.0,-999.0,486839.84,7.03,-3.01,2.0,118.99,108.83,113.91,1,18.96,3.0,0.17,271.94,239.1,1677.61,1689.92
Pholidota,Manidae,Manis,crassicaudata,Manis crassicaudata,1,8017.56,-999.0,542.69,0.0,-999.0,1240.98,15910.0,1,-999.0,67.5,3,-999.0,-999.0,365.0,1.0,1.0,162.0,311.12,191.7,-999.0,-999.0,755.15,-999.0,2,2,3,-999.0,-999.0,-999,7;543;1297;1304;1822;1848;1947;2151;2655,-999.0,-999.0,-999.0,-999.0,2913173.88,33.23,5.91,19.57,91.38,66.62,79.0,18,368.94,74.0,0.09,91.59,254.18,752.28,1445.98
Chiroptera,Hipposideridae,Aselliscus,stoliczkanus,Aselliscus stoliczkanus,-999,6.09,41.49,-999.0,-999.0,-999.0,-999.0,-999.0,1,-999.0,-999.0,1,-999.0,-999.0,-999.0,-999.0,-999.0,-999.0,-999.0,-999.0,-999.0,-999.0,-999.0,-999.0,-999,2,3,-999.0,-999.0,-999,196;679;1658;2151;2622;2655,-999.0,-999.0,-999.0,-999.0,1399537.9,28.75,2.08,15.42,114.6,96.12,105.36,5,167.6,12.0,0.08,139.23,195.97,1102.58,1327.28
Chiroptera,Molossidae,Mops,demonstrator,Mops demonstrator,-999,-999.0,40.0,-999.0,-999.0,-999.0,-999.0,-999.0,-999,-999.0,-999.0,1,-999.0,-999.0,-999.0,1.0,-999.0,-999.0,-999.0,-999.0,-999.0,-999.0,-999.0,-999.0,-999,2,-999,-999.0,-999.0,-999,1297;1658;2151,9.74,-999.0,-999.0,-999.0,384114.36,13.01,1.62,7.32,34.31,28.9,31.61,2,19.92,3.0,0.09,85.38,257.16,1000.82,1611.72
Chiroptera,Molossidae,Tadarida,lobata,Tadarida lobata,-999,-999.0,59.5,-999.0,-999.0,-999.0,-999.0,-999.0,-999,-999.0,-999.0,1,-999.0,-999.0,-999.0,-999.0,-999.0,-999.0,-999.0,-999.0,-999.0,-999.0,-999.0,-999.0,-999,2,-999,-999.0,-999.0,-999,1658;2151,30.39,-999.0,-999.0,-999.0,151632.3,1.94,-18.12,-8.08,37.7,27.91,32.8,2,99.95,8.0,0.17,72.41,200.52,935.18,1452.15
Artiodactyla,Cervidae,Przewalskium,albirostris,Przewalskium albirostris,-999,161681.9,-999.0,-999.0,-999.0,-999.0,-999.0,-999.0,-999,-999.0,263.41,-999,-999.0,-999.0,-999.0,1.0,-999.0,216.0,-999.0,-999.0,-999.0,-999.0,-999.0,-999.0,-999,-999,-999,-999.0,-999.0,-999,543;1297;2655;3010,-999.0,-999.0,-999.0,-999.0,1061382.86,39.57,27.88,33.72,103.96,91.7,97.83,0,12.83,0.0,0.04,80.94,-33.28,445.65,803.84
Carnivora,Mustelidae,Pteronura,brasiliensis,Pteronura brasiliensis,3,26000.0,-999.0,1137.99,28.0,-999.0,-999.0,-999.0,1,-999.0,70.0,2,85.85,102.65,365.0,2.12,-999.0,154.0,204.25,-999.0,-999.0,-999.0,-999.0,-999.0,-999,1,3,120.48,-999.0,-999,543;1113;1297;2151;2655;2986,-999.0,1.1,-999.0,-999.0,8075624.21,9.69,-26.74,-8.52,-35.95,-78.09,-57.02,0,6.27,0.0,0.13,162.68,245.44,1346.17,1535.73
Dasyuromorphia,Dasyuridae,Dasyuroides,byrnei,Dasyuroides byrnei,2,109.47,-999.0,158.49,-999.0,-999.0,79.64,102.75,2,-999.0,32.49,1,-999.0,-999.0,174.5,5.14,2.0,84.0,0.02,-999.0,-999.0,-999.0,299.95,-999.0,-999,1,3,118.11,45.0,-999,543;899;955;1052;1297;1412;1760;1822;2031;2484;2655;2978,-999.0,-999.0,-999.0,-999.0,108698.99,-22.8,-29.36,-26.08,143.04,138.85,140.94,0,0.0,0.0,-999.0,20.57,227.07,241.17,1475.92
Rodentia,Abrocomidae,Cuscomys,oblativa,Cuscomys oblativa,-999,-999.0,-999.0,-999.0,-999.0,-999.0,-999.0,-999.0,-999,-999.0,-999.0,-999,-999.0,-999.0,-999.0,-999.0,-999.0,-999.0,-999.0,-999.0,-999.0,-999.0,-999.0,-999.0,-999,-999,-999,-999.0,-999.0,-999,-999,-999.0,-999.0,-999.0,-999.0,-999.0,-999.0,-999.0,-999.0,-999.0,-999.0,-999.0,-999,-999.0,-999.0,-999.0,-999.0,-999.0,-999.0,-999.0
Rodentia,Echimyidae,Proechimys,pattoni,Proechimys pattoni,-999,-999.0,-999.0,-999.0,-999.0,-999.0,-999.0,-999.0,-999,-999.0,-999.0,-999,-999.0,-999.0,-999.0,-999.0,-999.0,-999.0,-999.0,-999.0,-999.0,-999.0,-999.0,-999.0,-999,-999,-999,-999.0,-999.0,-999,-999,-999.0,-999.0,-999.0,-999.0,-999.0,-999.0,-999.0,-999.0,-999.0,-999.0,-999.0,-999,-999.0,-999.0,-999.0,-999.0,-999.0,-999.0,-999.0
Chiroptera,Molossidae,Molossus,coibensis,Molossus coibensis,-999,-999.0,-999.0,-999.0,-999.0,-999.0,-999.0,-999.0,-999,-999.0,-999.0,-999,-999.0,-999.0,-999.0,-999.0,-999.0,-999.0,-999.0,-999.0,-999.0,-999.0,-999.0,-999.0,-999,-999,-999,-999.0,-999.0,-999,-999,-999.0,-999.0,-999.0,-999.0,4795656.58,15.64,-16.58,-0.47,-54.28,-92.98,-73.63,0,15.83,0.0,0.14,181.94,245.07,1420.09,1566.3
Chiroptera,Noctilionidae,Noctilio,albiventris,Noctilio albiventris,2,31.46,59.96,66.5,0.0,-999.0,27.54,33.5,3,-999.0,-999.0,1,-999.0,-999.0,-999.0,0.99,-999.0,-999.0,6.16,38.79,-999.0,-999.0,-999.0,-999.0,-999,2,2,77.56,21.0,-999,185;196;487;598;889;1297;1367;1528;1658;1784;1822;1948;2144;2151;2622;2655;2719;2751;3023,-999.0,-999.0,-999.0,-999.0,13030875.29,16.72,-30.96,-7.11,-34.79,-93.33,-64.06,0,25.32,0.0,0.11,152.62,240.09,1304.55,1532.32
Primates,Cercopithecidae,Semnopithecus,hypoleucos,Semnopithecus hypoleucos,-999,10026.65,-999.0,655.0,-999.0,-999.0,-999.0,-999.0,-999,-999.0,-999.0,-999,-999.0,-999.0,-999.0,-999.0,-999.0,-999.0,-999.0,-999.0,-999.0,-999.0,-999.0,-999.0,-999,-999,-999,-999.0,-999.0,-999,1848,-999.0,-999.0,-999.0,-999.0,25713.57,12.75,8.6,10.67,77.18,75.23,76.21,176,701.82,221.0,0.06,191.3,258.7,1125.13,1702.59
Rodentia,Spalacidae,Tachyoryctes,ibeanus,Tachyoryctes ibeanus,-999,-999.0,-999.0,-999.0,-999.0,-999.0,-999.0,-999.0,-999,-999.0,-999.0,-999,-999.0,-999.0,-999.0,-999.0,-999.0,-999.0,-999.0,-999.0,-999.0,-999.0,-999.0,-999.0,-999,-999,-999,-999.0,-999.0,-999,-999,-999.0,-999.0,-999.0,-999.0,145588.45,0.84,-4.11,-1.63,37.75,33.8,35.77,5,131.65,9.0,0.19,72.04,196.69,1052.45,1550.73
Cetacea,Ziphiidae,Mesoplodon,europaeus,Mesoplodon europaeus,-999,5600000.02,-999.0,6710.0,-999.0,-999.0,-999.0,-999.0,-999,-999.0,-999.0,1,-999.0,-999.0,-999.0,-999.0,-999.0,-999.0,-999.0,-999.0,-999.0,-999.0,-999.0,-999.0,-999,-999,-999,-999.0,-999.0,-999,1217;2151;2655,-999.0,-999.0,-999.0,-999.0,-999.0,-999.0,-999.0,-999.0,-999.0,-999.0,-999.0,-999,-999.0,-999.0,-999.0,-999.0,-999.0,-999.0,-999.0
Soricomorpha,Talpidae,Scapanus,townsendii,Scapanus townsendii,-999,-999.0,-999.0,-999.0,-999.0,-999.0,-999.0,-999.0,-999,-999.0,-999.0,-999,-999.0,-999.0,-999.0,-999.0,-999.0,-999.0,-999.0,-999.0,-999.0,-999.0,-999.0,-999.0,-999,-999,-999,-999.0,-999.0,-999,-999,-999.0,-999.0,-999.0,-999.0,116660.41,49.48,40.39,44.94,-121.23,-124.73,-122.98,1,67.9,2.0,0.09,111.5,80.95,470.06,689.71
Rodentia,Hystricidae,Hystrix,africaeaustralis,Hystrix africaeaustralis,1,14936.02,-999.0,-999.0,-999.0,-999.0,2361.7,11300.0,3,-999.0,93.49,1,1.31,1.23,375.0,1.51,1.5,240.0,305.59,-999.0,-999.0,-999.0,438.45,1.5,-999,1,1,70.34,-999.0,-999,785;1297;1573;1822;2151;2494;2629;2655;2913,-999.0,-999.0,-999.0,-999.0,8461036.56,0.81,-34.83,-17.01,40.84,8.93,24.88,0,26.86,0.0,0.15,76.85,211.2,820.68,1422.06
Diprotodontia,Acrobatidae,Acrobates,pygmaeus,Acrobates pygmaeus,-999,13.84,-999.0,-999.0,65.0,212.91,14938.0,14.0,3,-999.0,-999.0,-999,0.005959065,-999.0,183.0,2.8,2.0,86.4,0.01,-999.0,899.99,-999.0,272.11,25.0,4,-999,2,97.5,3.44,-999,543;955;1297;1412;1466;1760;1789;1822;1848;2484;2644;2655;2880;2966;2967;2969,-999.0,-999.0,-999.0,-999.0,1691398.78,-10.69,-39.13,-24.91,153.63,138.09,145.86,0,12.18,0.0,0.04,61.57,185.7,673.13,1288.68
Chiroptera,Pteropodidae,Pteropus,rayneri,Pteropus rayneri,-999,661.28,158.61,255.53,-999.0,-999.0,-999.0,-999.0,-999,-999.0,-999.0,1,-999.0,-999.0,-999.0,0.99,-999.0,-999.0,68.45,122.64,-999.0,-999.0,-999.0,-999.0,-999,2,-999,181.36,-999.0,-999,78;406;978;1297;1658;2151;2280;2655,-999.0,-999.0,-999.0,-999.0,26002.69,-5.06,-9.94,-7.5,161.39,154.58,157.99,13,14.37,13.0,0.16,190.69,262.36,-999.0,-999.0
Chiroptera,Mystacinidae,Mystacina,robusta,Mystacina robusta,1,27.41,44.19,-999.0,-999.0,-999.0,-999.0,-999.0,4,-999.0,-999.0,1,-999.0,-999.0,-999.0,-999.0,2.0,-999.0,-999.0,-999.0,-999.0,-999.0,-999.0,-999.0,-999,2,2,-999.0,-999.0,-999,731;899;905;969;1658;2143;2151;2655,-999.0,-999.0,-999.0,-999.0,-999.0,-999.0,-999.0,-999.0,-999.0,-999.0,-999.0,-999,-999.0,-999.0,-999.0,-999.0,-999.0,-999.0,-999.0
Rodentia,Geomyidae,Orthogeomys,thaeleri,Orthogeomys thaeleri,-999,-999.0,-999.0,-999.0,-999.0,-999.0,-999.0,-999.0,3,-999.0,-999.0,2,-999.0,-999.0,-999.0,-999.0,-999.0,-999.0,-999.0,-999.0,-999.0,-999.0,-999.0,-999.0,-999,1,1,-999.0,-999.0,-999,2151,-999.0,-999.0,-999.0,-999.0,50.46,6.19,6.11,6.15,-77.36,-77.43,-77.4,9,9.0,9.0,0.12,461.0,245.0,1574.0,1854.0
Rodentia,Geomyidae,Orthogeomys,heterodus,Orthogeomys heterodus,-999,615.0,-999.0,-999.0,-999.0,-999.0,-999.0,-999.0,3,-999.0,-999.0,2,-999.0,-999.0,-999.0,-999.0,-999.0,-999.0,-999.0,-999.0,-999.0,-999.0,-999.0,-999.0,-999,1,1,-999.0,-999.0,-999,2151;2655,-999.0,-999.0,-999.0,-999.0,1199.44,10.26,9.68,9.97,-83.61,-84.43,-84.02,58,196.05,58.0,0.17,238.21,218.22,1424.04,1755.0
Chiroptera,Molossidae,Chaerephon,leucogaster,Chaerephon leucogaster,-999,-999.0,-999.0,-999.0,-999.0,-999.0,-999.0,-999.0,-999,-999.0,-999.0,-999,-999.0,-999.0,-999.0,-999.0,-999.0,-999.0,-999.0,-999.0,-999.0,-999.0,-999.0,-999.0,-999,-999,-999,-999.0,-999.0,-999,-999,-999.0,-999.0,-999.0,-999.0,6151633.14,13.36,-25.07,-5.85,49.16,-6.48,21.33,0,43.35,1.0,0.12,120.76,243.06,1197.84,1569.74
Primates,Cercopithecidae,Papio,ursinus,Papio ursinus,3,17729.44,-999.0,-999.0,-999.0,1339.55,-999.0,-999.0,2,-999.0,185.92,-999,9.12,-999.0,882.08,1.01,-999.0,540.0,599.99,-999.0,2.77,34.3,1543.35,47.0,-999,-999,1,877.09,-999.0,-999,208;543;730;850;1347;1544;1547;1767;1768;1979;2344;2493;2660;2986;3086,-999.0,0.7,-999.0,-999.0,2566298.35,-14.01,-34.83,-24.42,36.05,11.71,23.88,0,25.55,0.0,0.11,41.9,184.62,581.84,1264.55
Artiodactyla,Bovidae,Gazella,leptoceros,Gazella leptoceros,-999,24645.75,-999.0,1032.67,-999.0,319.37,-999.0,-999.0,2,-999.0,167.29,1,-999.0,-999.0,-999.0,1.0,-999.0,168.0,4615.3,-999.0,-999.0,-999.0,-999.0,-999.0,-999,1,1,-999.0,-999.0,-999,511;543;899;1297;1525;1848;2655;2693,-999.0,-999.0,-999.0,-999.0,2188576.06,34.3,15.34,24.82,30.94,-8.69,11.12,0,6.52,0.0,0.15,3.93,244.58,94.23,1253.26
Artiodactyla,Cervidae,Mazama,nana,Mazama nana,-999,16499.85,-999.0,-999.0,-999.0,-999.0,-999.0,-999.0,-999,-999.0,-999.0,1,-999.0,-999.0,-999.0,-999.0,-999.0,-999.0,-999.0,-999.0,-999.0,-999.0,-999.0,-999.0,-999,1,-999,-999.0,-999.0,-999,2151;2655,-999.0,-999.0,-999.0,-999.0,713883.95,-20.15,-29.45,-24.8,-42.26,-55.46,-48.86,1,48.64,7.0,0.07,131.73,196.52,1203.29,1280.36
Cetacea,Ziphiidae,Berardius,arnuxii,Berardius arnuxii,-999,7000000.02,-999.0,-999.0,-999.0,-999.0,-999.0,-999.0,1,-999.0,304.16,1,-999.0,-999.0,-999.0,-999.0,-999.0,-999.0,-999.0,-999.0,-999.0,-999.0,-999.0,-999.0,-999,-999,3,-999.0,-999.0,-999,890;1297;2151;2655,-999.0,-999.0,-999.0,-999.0,-999.0,-999.0,-999.0,-999.0,-999.0,-999.0,-999.0,-999,-999.0,-999.0,-999.0,-999.0,-999.0,-999.0,-999.0
Lagomorpha,Leporidae,Lepus,starcki,Lepus starcki,-999,2760.67,-999.0,510.0,-999.0,-999.0,-999.0,-999.0,-999,-999.0,-999.0,1,-999.0,-999.0,-999.0,-999.0,-999.0,-999.0,-999.0,-999.0,-999.0,-999.0,-999.0,-999.0,-999,1,-999,-999.0,-999.0,-999,95;989;1601;2655,-999.0,-999.0,-999.0,-999.0,100134.94,9.85,6.18,8.01,40.78,37.49,39.13,5,118.92,13.0,0.15,82.63,118.81,950.21,1372.33
Chiroptera,Rhinolophidae,Rhinolophus,stheno,Rhinolophus stheno,-999,7.92,45.28,-999.0,-999.0,-999.0,-999.0,-999.0,1,-999.0,-999.0,1,-999.0,-999.0,-999.0,0.98,-999.0,-999.0,-999.0,-999.0,-999.0,-999.0,-999.0,-999.0,-999,2,3,-999.0,-999.0,-999,196;679;1297;1658;2151;2465;2655,-999.0,-999.0,-999.0,-999.0,1443792.75,22.52,-8.78,6.87,114.6,95.18,104.89,3,190.33,12.0,0.1,181.68,242.74,1355.97,1632.79
Chiroptera,Hipposideridae,Hipposideros,fulvus,Hipposideros fulvus,-999,8.83,40.87,-999.0,-999.0,719.86,-999.0,-999.0,1,-999.0,161.65,1,-999.0,-999.0,-999.0,1.0,1.0,144.0,2.34,-999.0,-999.0,-999.0,551.01,-999.0,-999,2,3,36.58,4.5,-999,83;196;543;632;679;1149;1297;1549;1550;1658;1705;1858;2151;2655,-999.0,-999.0,-999.0,-999.0,3335652.43,34.99,5.91,20.45,94.0,58.44,76.22,4,325.04,10.0,0.1,85.87,245.52,689.19,1429.78
Cetacea,Balaenopteridae,Balaenoptera,physalus,Balaenoptera physalus,-999,47506008.23,-999.0,20641.06,-999.0,-999.0,-999.0,-999.0,2,-999.0,338.36,1,-999.0,-999.0,730.0,1.01,0.37,1392.0,1899999.99,6273.75,-999.0,1.5,2666.41,-999.0,-999,-999,3,196.58,-999.0,12000,24;27;543;899;1004;1015;1217;1297;1577;2151;2655,-999.0,-999.0,-999.0,6395530.42,-999.0,-999.0,-999.0,-999.0,-999.0,-999.0,-999.0,-999,-999.0,-999.0,-999.0,-999.0,-999.0,-999.0,-999.0
Chiroptera,Molossidae,Chaerephon,pumilus,Chaerephon pumilus,-999,10.98,38.99,-999.0,0.0,152.08,-999.0,-999.0,1,-999.0,62.57,1,-999.0,-999.0,-999.0,1.0,3.0,60.0,3.63,36.29,-999.0,56.0,140.97,-999.0,-999,2,3,24.5,-999.0,-999,44;196;1257;1258;1297;1384;1658;1685;1784;1885;1938;1956;2094;2143;2151;2295;2636;2655;2688;2719;2895;2896;2897;2900;3014;3023,-999.0,-999.0,-999.0,-999.0,14309050.1,17.23,-34.83,-8.8,50.26,-17.53,16.36,0,36.24,1.0,0.14,96.01,238.79,958.76,1545.68
Lagomorpha,Ochotonidae,Ochotona,princeps,Ochotona princeps,3,157.63,-999.0,190.0,7.0,-999.0,166.77,109.0,2,-999.0,30.44,1,0.001114724,0.001366521,30.41,2.88,2.0,84.0,11.0,-999.0,774.59,1.0,374.39,-999.0,-999,1,1,26.45,88.49,-999,466;543;730;1004;1015;1297;1494;1573;1822;1849;1879;2314;2338;2586;2620;2646;2647;2648;2655,-999.0,-999.0,-999.0,-999.0,1346175.96,54.58,35.26,44.92,-103.58,-127.78,-115.68,0,10.06,0.0,0.1,39.59,43.58,374.48,769.08
Diprotodontia,Pseudocheiridae,Pseudochirops,archeri,Pseudochirops archeri,-999,1145.92,-999.0,-999.0,-999.0,-999.0,-999.0,-999.0,1,-999.0,-999.0,1,-999.0,-999.0,365.0,1.03,-999.0,-999.0,-999.0,-999.0,150.0,-999.0,-999.0,-999.0,-999,2,1,-999.0,-999.0,-999,955;1760;1848;2655,-999.0,1.1,-999.0,-999.0,13596.8,-16.21,-18.93,-17.57,146.05,144.87,145.46,0,9.3,0.0,0.04,136.25,209.79,1180.47,1693.21
Rodentia,Nesomyidae,Dendromus,oreas,Dendromus oreas,-999,-999.0,-999.0,-999.0,-999.0,-999.0,-999.0,-999.0,-999,-999.0,-999.0,-999,-999.0,-999.0,-999.0,-999.0,-999.0,-999.0,-999.0,-999.0,-999.0,-999.0,-999.0,-999.0,-999,-999,-999,-999.0,-999.0,-999,-999,-999.0,-999.0,-999.0,-999.0,13754.34,5.61,4.13,4.87,10.13,9.05,9.59,13,97.09,13.0,0.09,251.22,230.81,1259.4,1527.53
Artiodactyla,Bovidae,Tragelaphus,buxtoni,Tragelaphus buxtoni,2,215000.75,-999.0,2249.44,-999.0,-999.0,-999.0,-999.0,1,-999.0,-999.0,1,-999.0,-999.0,-999.0,1.0,-999.0,132.0,-999.0,-999.0,80.5,9.0,755.15,15.0,-999,1,1,-999.0,-999.0,-999,511;869;899;1525;1848;2655;2693,-999.0,-999.0,-999.0,-999.0,41913.3,9.35,6.16,7.76,42.0,38.4,40.2,8,98.0,13.0,0.15,65.43,109.12,994.44,1441.72
Rodentia,Hystricidae,Hystrix,pumila,Hystrix pumila,-999,3544.26,-999.0,542.49,-999.0,-999.0,-999.0,-999.0,6,-999.0,112.0,2,-999.0,-999.0,-999.0,-999.0,-999.0,114.0,-999.0,-999.0,-999.0,-999.0,-999.0,-999.0,-999,1,2,-999.0,-999.0,-999,543;2151;2152;2655,-999.0,-999.0,-999.0,-999.0,12831.87,12.33,7.8,10.06,120.34,116.93,118.63,22,43.33,25.0,0.21,224.0,249.78,-999.0,-999.0
Rodentia,Spalacidae,Tachyoryctes,ankoliae,Tachyoryctes ankoliae,-999,-999.0,-999.0,-999.0,-999.0,-999.0,-999.0,-999.0,-999,-999.0,-999.0,-999,-999.0,-999.0,-999.0,-999.0,-999.0,-999.0,-999.0,-999.0,-999.0,-999.0,-999.0,-999.0,-999,-999,-999,-999.0,-999.0,-999,-999,-999.0,-999.0,-999.0,-999.0,7394.18,-0.06,-0.9,-0.48,30.99,30.13,30.56,73,136.74,73.0,0.16,78.5,203.0,1283.0,1444.5
Rodentia,Cricetidae,Oxymycterus,paramensis,Oxymycterus paramensis,-999,41.99,-999.0,-999.0,-999.0,-999.0,-999.0,-999.0,1,-999.0,-999.0,2,-999.0,-999.0,-999.0,-999.0,-999.0,-999.0,-999.0,-999.0,-999.0,-999.0,-999.0,-999.0,-999,1,3,-999.0,-999.0,-999,890;2655,-999.0,-999.0,-999.0,-999.0,250661.84,-14.15,-31.6,-22.87,-63.23,-70.12,-66.68,0,20.33,1.0,0.11,73.9,120.04,858.85,1377.79
Rodentia,Dipodidae,Sicista,kluchorica,Sicista kluchorica,-999,-999.0,-999.0,-999.0,-999.0,-999.0,-999.0,-999.0,-999,-999.0,-999.0,-999,-999.0,-999.0,-999.0,-999.0,-999.0,-999.0,-999.0,-999.0,-999.0,-999.0,-999.0,-999.0,-999,-999,-999,-999.0,-999.0,-999,-999,-999.0,-999.0,-999.0,-999.0,18842.52,44.28,42.99,43.63,43.18,40.56,41.87,9,37.76,9.0,0.02,62.89,-3.05,631.7,677.67
Paucituberculata,Caenolestidae,Caenolestes,condorensis,Caenolestes condorensis,2,47.81,-999.0,127.76,-999.0,-999.0,-999.0,-999.0,1,-999.0,-999.0,1,-999.0,-999.0,-999.0,-999.0,-999.0,-999.0,-999.0,-999.0,-999.0,-999.0,-999.0,-999.0,-999,1,3,-999.0,-999.0,-999,40;890;1760,-999.0,-999.0,-999.0,-999.0,1456.75,-3.25,-4.0,-3.63,-78.27,-78.73,-78.5,4,9.2,4.0,0.19,142.61,214.99,1257.83,1413.58
Rodentia,Sciuridae,Heliosciurus,ruwenzorii,Heliosciurus ruwenzorii,-999,291.0,-999.0,225.32,-999.0,-999.0,-999.0,-999.0,-999,-999.0,-999.0,-999,-999.0,-999.0,-999.0,2.91,-999.0,-999.0,-999.0,-999.0,-999.0,-999.0,-999.0,-999.0,-999,-999,-999,-999.0,-999.0,-999,1297;1849;2655,-999.0,-999.0,-999.0,-999.0,129123.34,2.6,-4.01,-0.7,31.0,27.91,29.46,8,111.37,9.0,0.16,113.81,201.24,1389.65,1546.1
Rodentia,Bathyergidae,Cryptomys,kafuensis,Cryptomys kafuensis,-999,-999.0,-999.0,-999.0,-999.0,-999.0,-999.0,-999.0,-999,-999.0,-999.0,-999,-999.0,-999.0,-999.0,-999.0,-999.0,-999.0,-999.0,-999.0,-999.0,-999.0,-999.0,-999.0,-999,-999,-999,-999.0,-999.0,-999,-999,-999.0,-999.0,-999.0,-999.0,-999.0,-999.0,-999.0,-999.0,-999.0,-999.0,-999.0,-999,-999.0,-999.0,-999.0,-999.0,-999.0,-999.0,-999.0
Pilosa,Bradypodidae,Bradypus,tridactylus,Bradypus tridactylus,2,4375.8,-999.0,546.36,-999.0,-999.0,-999.0,-999.0,1,-999.0,126.96,1,-999.0,-999.0,-999.0,1.0,-999.0,-999.0,178.66,-999.0,151.37,-999.0,-999.0,1.0,-999,2,1,68.2,-999.0,-999,730;889;890;905;1297;2151;2430;2431;2655,-999.0,-999.0,-999.0,-999.0,1806393.57,9.52,-3.31,3.1,-49.88,-69.89,-59.89,0,3.19,0.0,0.14,157.98,250.62,1478.74,1691.34
Primates,Cebidae,Leontopithecus,rosalia,Leontopithecus rosalia,3,592.52,-999.0,260.22,0.0,868.7,-999.0,-999.0,3,-999.0,134.0,1,0.26,0.37,182.5,1.94,-999.0,297.6,51.89,107.0,4.07,-999.0,890.34,4.5,2,2,2,75.69,165.0,-999,208;543;730;851;890;905;1125;1297;1544;1547;1611;1628;1629;2151;2344;2489;2493;2655;2660;2986,-999.0,1.56,-999.0,-999.0,22874.24,-21.2,-22.99,-22.1,-40.95,-43.13,-42.04,39,230.33,39.0,0.03,128.32,206.5,1231.46,1476.65
Chiroptera,Rhinolophidae,Rhinolophus,luctus,Rhinolophus luctus,-999,34.07,67.5,-999.0,-999.0,-999.0,-999.0,-999.0,1,-999.0,-999.0,1,-999.0,-999.0,-999.0,0.99,-999.0,-999.0,-999.0,-999.0,-999.0,-999.0,-999.0,-999.0,-999,2,3,-999.0,-999.0,-999,196;679;1297;1658;2151;2655;2719,-999.0,-999.0,-999.0,-999.0,6885843.77,32.03,-8.84,11.59,120.11,73.63,96.87,1,236.75,8.0,0.09,149.0,215.07,1092.37,1422.49
Rodentia,Sciuridae,Spermophilus,pallidicauda,Spermophilus pallidicauda,-999,-999.0,-999.0,-999.0,-999.0,-999.0,-999.0,-999.0,-999,-999.0,-999.0,-999,-999.0,-999.0,-999.0,-999.0,-999.0,-999.0,-999.0,-999.0,-999.0,-999.0,-999.0,-999.0,-999,-999,-999,-999.0,-999.0,-999,-999,-999.0,-999.0,-999.0,-999.0,552357.33,51.06,41.7,46.38,115.42,89.25,102.33,0,1.92,0.0,0.05,19.35,-16.49,239.95,537.29
Carnivora,Mustelidae,Melogale,personata,Melogale personata,2,1845.26,-999.0,398.22,-999.0,-999.0,-999.0,-999.0,6,-999.0,-999.0,1,-999.0,-999.0,-999.0,2.5,-999.0,-999.0,-999.0,-999.0,-999.0,-999.0,-999.0,-999.0,4,1,2,-999.0,-999.0,-999,1113;1297;2655,-999.0,-999.0,-999.0,-999.0,312496.33,27.82,8.55,18.19,109.46,86.44,97.95,5,193.5,12.0,0.09,160.0,228.12,1104.87,1509.61
Primates,Cheirogaleidae,Phaner,electromontis,Phaner electromontis,-999,-999.0,-999.0,-999.0,-999.0,-999.0,-999.0,-999.0,-999,-999.0,-999.0,-999,-999.0,-999.0,-999.0,-999.0,-999.0,-999.0,-999.0,-999.0,-999.0,-999.0,-999.0,-999.0,-999,-999,-999,-999.0,-999.0,-999,-999,-999.0,-999.0,-999.0,-999.0,2890.84,-12.34,-13.04,-12.69,49.59,48.93,49.26,9,20.71,9.0,0.16,98.77,253.6,1215.0,1527.0
Soricomorpha,Talpidae,Euroscaptor,grandis,Euroscaptor grandis,-999,-999.0,-999.0,-999.0,-999.0,-999.0,-999.0,-999.0,1,-999.0,-999.0,2,-999.0,-999.0,-999.0,-999.0,-999.0,-999.0,-999.0,-999.0,-999.0,-999.0,-999.0,-999.0,-999,1,3,-999.0,-999.0,-999,2131,-999.0,-999.0,-999.0,-999.0,120325.71,30.98,27.01,28.99,103.73,98.21,100.97,3,73.04,3.0,0.06,154.94,43.4,813.02,984.18
Didelphimorphia,Didelphidae,Marmosops,incanus,Marmosops incanus,1,59.88,-999.0,131.5,-999.0,-999.0,-999.0,-999.0,2,-999.0,-999.0,2,-999.0,-999.0,-999.0,-999.0,1.0,-999.0,-999.0,-999.0,-999.0,-999.0,-999.0,-999.0,-999,2,2,64.63,-999.0,-999,890;1760;1818;2225;2655,-999.0,-999.0,-999.0,-999.0,-999.0,-999.0,-999.0,-999.0,-999.0,-999.0,-999.0,-999,-999.0,-999.0,-999.0,-999.0,-999.0,-999.0,-999.0
Primates,Cebidae,Callithrix,marcai,Callithrix marcai,-999,-999.0,-999.0,-999.0,-999.0,-999.0,-999.0,-999.0,-999,-999.0,-999.0,-999,-999.0,-999.0,-999.0,-999.0,-999.0,-999.0,-999.0,-999.0,-999.0,-999.0,-999.0,-999.0,-999,-999,-999,-999.0,-999.0,-999,-999,-999.0,-999.0,-999.0,-999.0,44500.24,-7.83,-12.06,-9.95,-59.48,-60.83,-60.16,0,0.77,0.0,0.64,183.11,243.87,1244.72,1492.05
Rodentia,Muridae,Gerbillus,occiduus,Gerbillus occiduus,-999,-999.0,-999.0,-999.0,-999.0,-999.0,-999.0,-999.0,-999,-999.0,-999.0,-999,-999.0,-999.0,-999.0,-999.0,-999.0,-999.0,-999.0,-999.0,-999.0,-999.0,-999.0,-999.0,-999,-999,-999,-999.0,-999.0,-999,-999,-999.0,-999.0,-999.0,-999.0,177.99,28.8,28.66,28.73,-10.75,-10.89,-10.82,5,5.0,5.0,0.0,10.0,177.0,176.0,1635.0
Afrosoricida,Chrysochloridae,Chlorotalpa,duthieae,Chlorotalpa duthieae,-999,-999.0,-999.0,100.34,-999.0,-999.0,-999.0,-999.0,1,-999.0,-999.0,-999,-999.0,-999.0,-999.0,2.0,-999.0,-999.0,-999.0,-999.0,-999.0,1.0,-999.0,1.0,-999,-999,3,-999.0,-999.0,-999,285;1848;2131;2629,31.34,-999.0,-999.0,-999.0,20651.08,-33.08,-34.21,-33.65,25.7,22.83,24.27,1,75.12,1.0,0.12,53.64,146.18,639.91,1014.8
Chiroptera,Phyllostomidae,Ardops,nichollsi,Ardops nichollsi,-999,19.23,48.56,-999.0,-999.0,-999.0,-999.0,-999.0,1,-999.0,-999.0,1,-999.0,-999.0,-999.0,0.99,2.0,-999.0,2.52,36.29,-999.0,-999.0,-999.0,-999.0,-999,2,1,-999.0,-999.0,-999,1297;1636;1637;1658;1920;2151;2655;2719;3023,-999.0,-999.0,-999.0,-999.0,4493.21,17.53,13.11,15.32,-60.81,-63.0,-61.9,0,215.47,0.0,0.04,-999.0,-999.0,-999.0,-999.0
Cetacea,Delphinidae,Cephalorhynchus,commersonii,Cephalorhynchus commersonii,-999,72400.0,-999.0,-999.0,-999.0,-999.0,-999.0,-999.0,1,-999.0,-999.0,1,-999.0,-999.0,-999.0,0.98,-999.0,216.0,5834.74,-999.0,-999.0,-999.0,2207.29,-999.0,-999,-999,3,-999.0,-999.0,-999,543;890;1297;2151;2655,-999.0,-999.0,-999.0,-999.0,-999.0,-999.0,-999.0,-999.0,-999.0,-999.0,-999.0,-999,-999.0,-999.0,-999.0,-999.0,-999.0,-999.0,-999.0
Rodentia,Erethizontidae,Sphiggurus,vestitus,Sphiggurus vestitus,1,736.0,-999.0,-999.0,-999.0,-999.0,-999.0,-999.0,-999,-999.0,-999.0,1,-999.0,-999.0,-999.0,-999.0,-999.0,-999.0,-999.0,-999.0,-999.0,-999.0,-999.0,-999.0,-999,2,-999,-999.0,-999.0,-999,2151;2655,-999.0,-999.0,-999.0,-999.0,5697.25,5.26,4.29,4.78,-74.99,-75.69,-75.34,56,153.29,56.0,0.07,183.83,180.57,1465.57,1499.01
Cetacea,Balaenidae,Eubalaena,japonica,Eubalaena japonica,-999,-999.0,-999.0,-999.0,-999.0,-999.0,-999.0,-999.0,-999,-999.0,-999.0,-999,-999.0,-999.0,-999.0,-999.0,-999.0,-999.0,-999.0,-999.0,-999.0,-999.0,-999.0,-999.0,-999,-999,-999,-999.0,-999.0,-999,-999,-999.0,-999.0,-999.0,-999.0,-999.0,-999.0,-999.0,-999.0,-999.0,-999.0,-999.0,-999,-999.0,-999.0,-999.0,-999.0,-999.0,-999.0,-999.0
Rodentia,Sciuridae,Microsciurus,mimulus,Microsciurus mimulus,3,120.0,-999.0,-999.0,-999.0,-999.0,-999.0,-999.0,1,-999.0,-999.0,2,-999.0,-999.0,-999.0,-999.0,-999.0,-999.0,-999.0,-999.0,-999.0,-999.0,-999.0,2.0,-999,2,3,-999.0,-999.0,-999,905;2151;2655,-999.0,-999.0,-999.0,-999.0,121472.54,9.41,0.27,4.84,-76.3,-82.67,-79.48,2,37.26,3.0,0.11,274.1,246.19,1544.07,1697.14
Rodentia,Sciuridae,Dremomys,pernyi,Dremomys pernyi,-999,198.63,-999.0,-999.0,-999.0,-999.0,-999.0,-999.0,-999,-999.0,-999.0,1,-999.0,-999.0,-999.0,-999.0,-999.0,-999.0,-999.0,-999.0,-999.0,-999.0,-999.0,-999.0,-999,2,-999,-999.0,-999.0,-999,32;2655,-999.0,-999.0,-999.0,-999.0,948328.77,30.57,21.9,26.24,122.0,94.87,108.43,1,216.9,4.0,0.06,129.16,123.18,963.09,1064.97
Primates,Cercopithecidae,Rhinopithecus,bieti,Rhinopithecus bieti,3,11000.54,-999.0,718.26,-999.0,-999.0,-999.0,-999.0,5,-999.0,170.0,-999,20.4,-999.0,-999.0,-999.0,-999.0,-999.0,424.72,-999.0,2.5,-999.0,755.15,50.0,-999,-999,2,-999.0,-999.0,-999,679;741;1015;1544;1547;1610;1848;2344;2655;3102,-999.0,-999.0,-999.0,-999.0,23060.04,30.1,27.28,28.69,99.55,98.06,98.81,2,10.32,2.0,0.08,182.09,25.58,792.08,1018.53
Chiroptera,Phyllostomidae,Rhinophylla,fischerae,Rhinophylla fischerae,-999,9.6,32.02,-999.0,-999.0,-999.0,16.24,9.5,1,-999.0,-999.0,1,-999.0,-999.0,-999.0,0.98,-999.0,-999.0,-999.0,-999.0,-999.0,-999.0,-999.0,-999.0,-999,2,1,-999.0,-999.0,-999,108;890;1297;1658;1822;2151,-999.0,-999.0,-999.0,-999.0,3691801.39,5.23,-14.62,-4.69,-46.9,-77.67,-62.29,0,8.48,0.0,0.11,186.8,242.74,1419.31,1545.12
Primates,Atelidae,Alouatta,coibensis,Alouatta coibensis,3,-999.0,-999.0,-999.0,-999.0,-999.0,-999.0,-999.0,-999,-999.0,-999.0,-999,-999.0,-999.0,-999.0,-999.0,-999.0,-999.0,-999.0,-999.0,-999.0,-999.0,-999.0,5.2,-999,-999,-999,-999.0,-999.0,-999,1544;2151,-999.0,-999.0,-999.0,-999.0,1159.16,7.94,7.31,7.63,-81.23,-81.89,-81.56,7,14.66,7.0,0.15,162.0,266.0,-999.0,-999.0
Didelphimorphia,Didelphidae,Marmosops,bishopi,Marmosops bishopi,-999,-999.0,-999.0,103.46,-999.0,-999.0,-999.0,-999.0,-999,-999.0,-999.0,-999,-999.0,-999.0,-999.0,-999.0,-999.0,-999.0,-999.0,-999.0,-999.0,-999.0,-999.0,-999.0,-999,-999,-999,-999.0,-999.0,-999,2291,34.23,-999.0,-999.0,-999.0,-999.0,-999.0,-999.0,-999.0,-999.0,-999.0,-999.0,-999,-999.0,-999.0,-999.0,-999.0,-999.0,-999.0,-999.0
Primates,Cercopithecidae,Papio,anubis,Papio anubis,3,17728.56,-999.0,-999.0,-999.0,1642.5,-999.0,-999.0,-999,-999.0,178.96,-999,4.83,-999.0,752.81,1.01,-999.0,302.4,947.31,-999.0,10.8,44.5,-999.0,40.0,-999,-999,-999,596.6,3640.26,-999,543;730;850;1347;1544;1547;1763;1767;1979;2344;2660;2986,-999.0,0.76,-999.0,-999.0,5597000.95,21.89,-5.8,8.04,43.47,-12.32,15.57,0,39.42,1.0,0.11,98.24,242.67,1020.22,1584.07
Rodentia,Nesomyidae,Dendromus,nyasae,Dendromus nyasae,-999,-999.0,-999.0,-999.0,-999.0,-999.0,-999.0,-999.0,-999,-999.0,-999.0,-999,-999.0,-999.0,-999.0,-999.0,-999.0,-999.0,-999.0,-999.0,-999.0,-999.0,-999.0,-999.0,-999,-999,-999,-999.0,-999.0,-999,-999,-999.0,-999.0,-999.0,-999.0,50091.76,1.05,-2.0,-0.47,30.48,28.54,29.51,14,139.77,51.0,0.11,112.07,191.25,1377.25,1520.11
Rodentia,Bathyergidae,Cryptomys,hottentotus,Cryptomys hottentotus,2,75.13,-999.0,-999.0,18.5,-999.0,74.55,95.0,1,-999.0,84.99,2,0.001455832,0.001582,-999.0,2.48,2.0,-999.0,8.24,22.47,816.08,8.0,472.6,11.0,-999,1,1,32.07,24.77,-999,230;231;242;244;245;246;247;248;250;730;740;1075;1297;1573;1822;2052;2413;2557;2629;2655;2694;2695,-999.0,-999.0,-999.0,-999.0,3174641.7,-3.6,-34.83,-19.22,36.75,16.6,26.68,0,29.71,1.0,0.14,61.61,198.67,717.52,1354.06
Rodentia,Anomaluridae,Idiurus,zenkeri,Idiurus zenkeri,-999,100.0,-999.0,-999.0,-999.0,-999.0,-999.0,-999.0,-999,-999.0,-999.0,1,-999.0,-999.0,-999.0,1.0,-999.0,-999.0,-999.0,-999.0,-999.0,-999.0,-999.0,-999.0,-999,2,-999,-999.0,-999.0,-999,511;1297;2655,-999.0,-999.0,-999.0,-999.0,1610073.88,5.65,-5.59,0.02,30.91,8.69,19.8,0,18.42,1.0,0.11,147.89,240.89,1381.03,1557.31
Chiroptera,Vespertilionidae,Myotis,morrisi,Myotis morrisi,-999,-999.0,45.5,-999.0,-999.0,-999.0,-999.0,-999.0,-999,-999.0,-999.0,1,-999.0,-999.0,-999.0,-999.0,-999.0,-999.0,-999.0,-999.0,-999.0,-999.0,-999.0,-999.0,-999,2,-999,-999.0,-999.0,-999,1658;2151,14.09,-999.0,-999.0,-999.0,186988.69,10.97,6.73,8.85,37.6,6.06,21.83,6,74.39,21.0,0.14,115.66,231.3,1030.89,1518.3
Rodentia,Capromyidae,Mesocapromys,angelcabrerai,Mesocapromys angelcabrerai,-999,-999.0,-999.0,-999.0,-999.0,-999.0,-999.0,-999.0,3,-999.0,-999.0,1,-999.0,-999.0,-999.0,-999.0,-999.0,-999.0,-999.0,-999.0,-999.0,-999.0,-999.0,-999.0,-999,2,2,-999.0,-999.0,-999,2151,-999.0,-999.0,-999.0,-999.0,3.55,21.57,21.53,21.55,-78.75,-78.77,-78.76,87,87.0,87.0,0.07,111.0,246.0,-999.0,-999.0
Chiroptera,Pteropodidae,Macroglossus,minimus,Macroglossus minimus,-999,16.3,40.23,68.09,-999.0,212.91,22.32,16.35,2,-999.0,125.14,1,-999.0,-999.0,-999.0,0.99,3.0,-999.0,3.81,26.28,-999.0,3.0,-999.0,1.0,-999,2,1,65.0,-999.0,-999,196;205;360;406;679;1297;1309;1369;1386;1388;1439;1621;1658;1752;1950;2017;2143;2150;2151;2280;2501;2622;2655;2719;2763;2910;3023,-999.0,-999.0,-999.0,-999.0,3030953.37,18.65,-21.21,-1.28,162.39,95.18,128.79,0,106.01,0.0,0.12,194.34,248.02,1397.33,1726.13
Carnivora,Herpestidae,Helogale,hirtula,Helogale hirtula,3,484.63,-999.0,229.75,-999.0,-999.0,-999.0,-999.0,1,-999.0,-999.0,1,-999.0,-999.0,-999.0,-999.0,-999.0,-999.0,-999.0,-999.0,-999.0,-999.0,-999.0,-999.0,-999,1,3,-999.0,-999.0,-999,1113;2655,-999.0,-999.0,-999.0,-999.0,1080149.67,8.66,-5.14,1.75,48.05,36.2,42.13,1,23.39,1.0,0.1,41.92,242.0,629.35,1633.25
Rodentia,Hystricidae,Atherurus,macrourus,Atherurus macrourus,1,2000.0,-999.0,-999.0,-999.0,-999.0,-999.0,-999.0,5,-999.0,-999.0,2,-999.0,-999.0,-999.0,1.5,-999.0,-999.0,-999.0,-999.0,-999.0,-999.0,-999.0,-999.0,-999,2,2,-999.0,-999.0,-999,1297;2151;2655,-999.0,-999.0,-999.0,-999.0,2597040.51,31.4,-5.94,12.72,111.03,92.34,101.69,1,111.44,5.0,0.1,168.29,215.83,1225.15,1515.46
Artiodactyla,Suidae,Sus,scrofa,Sus scrofa,2,84471.54,-999.0,1349.99,-999.0,312.0,-999.0,-999.0,5,-999.0,115.2,-999,1.18,5.8,230.0,4.52,1.5,252.0,807.77,239.99,3.54,-999.0,350.76,13.0,11,-999,2,97.88,6469.99,420,136;506;543;645;679;730;789;1052;1297;1573;1594;1848;2180;2338;2620;2655,-999.0,-999.0,-999.0,-999.0,25951693.02,59.99,-8.78,25.6,138.36,-9.89,64.23,0,145.57,1.0,0.06,64.68,116.91,567.82,964.89
Chiroptera,Phyllostomidae,Artibeus,aztecus,Artibeus aztecus,-999,20.81,44.36,-999.0,-999.0,-999.0,-999.0,-999.0,1,-999.0,-999.0,1,-999.0,-999.0,-999.0,0.99,2.0,-999.0,-999.0,-999.0,-999.0,-999.0,-999.0,-999.0,-999,2,1,-999.0,-999.0,-999,748;889;1297;1316;1658;2151;2541;2655;2981,-999.0,-999.0,-999.0,-999.0,572771.69,24.48,8.35,16.41,-82.71,-106.78,-94.74,4,88.99,9.0,0.09,99.95,204.17,999.1,1524.63
Rodentia,Heteromyidae,Perognathus,flavus,Perognathus flavus,1,7.97,-999.0,59.6,15.5,-999.0,17.3,8.3,3,-999.0,26.0,2,0.001896819,0.002037232,-999.0,3.94,2.0,60.0,-999.0,-999.0,150.0,-999.0,-999.0,1.0,6,1,2,29.83,-999.0,-999,332;730;884;982;1020;1297;1514;1822;2473;2655;2888,-999.0,-999.0,-999.0,-999.0,1564512.87,43.48,18.74,31.11,-96.97,-113.79,-105.38,0,32.37,0.0,0.1,34.25,137.72,519.98,1085.79
Chiroptera,Pteropodidae,Epomops,buettikoferi,Epomops buettikoferi,-999,135.67,90.16,-999.0,-999.0,365.0,-999.0,-999.0,1,-999.0,139.92,1,-999.0,-999.0,-999.0,0.98,2.0,-999.0,23.23,-999.0,-999.0,2.0,275.89,-999.0,-999,2,1,55.65,47.26,-999,185;258;260;268;1297;1386;1653;1658;1784;2017;2151;2655;2836;3023;3071,-999.0,-999.0,-999.0,-999.0,479614.16,10.59,4.35,7.47,9.69,-13.29,-1.79,3,85.82,10.0,0.08,164.99,256.77,1242.61,1569.6
Dasyuromorphia,Dasyuridae,Sminthopsis,ooldea,Sminthopsis ooldea,2,12.19,-999.0,-999.0,-999.0,-999.0,-999.0,-999.0,-999,-999.0,20.87,1,-999.0,-999.0,365.0,7.24,-999.0,36.0,-999.0,-999.0,-999.0,-999.0,324.38,-999.0,-999,1,-999,69.8,3.09,-999,955;1297;1760;2655,-999.0,1.1,-999.0,-999.0,1509038.07,-18.9,-30.5,-24.7,136.77,119.29,128.03,0,0.02,0.0,0.08,18.37,210.94,268.74,1288.41
Dasyuromorphia,Dasyuridae,Sminthopsis,archeri,Sminthopsis archeri,2,16.0,-999.0,92.42,-999.0,-999.0,-999.0,-999.0,2,65.0,-999.0,1,-999.0,-999.0,-999.0,8.15,-999.0,-999.0,-999.0,-999.0,-999.0,-999.0,-999.0,-999.0,8,1,3,-999.0,-999.0,-999,977;1760;1991;2655;2906,-999.0,-999.0,-999.0,-999.0,24146.82,-8.49,-13.12,-10.81,143.54,140.43,141.99,0,0.61,0.0,0.33,123.67,264.16,1034.14,1770.19
Rodentia,Heteromyidae,Dipodomys,ingens,Dipodomys ingens,1,113.61,-999.0,147.83,-999.0,-999.0,-999.0,-999.0,3,-999.0,-999.0,2,0.000314541,0.000292998,-999.0,4.77,-999.0,-999.0,-999.0,-999.0,3868.35,-999.0,-999.0,-999.0,6,1,2,-999.0,-999.0,-999,449;730;1191;1297;1514;1573;2655;3031,-999.0,-999.0,-999.0,-999.0,6724.92,36.92,34.83,35.87,-119.14,-120.91,-120.03,2,18.08,2.0,0.08,36.13,132.81,335.34,1202.9
Chiroptera,Phyllostomidae,Carollia,castanea,Carollia castanea,-999,13.1,36.2,-999.0,-999.0,-999.0,-999.0,-999.0,1,-999.0,-999.0,1,-999.0,-999.0,-999.0,0.99,-999.0,-999.0,-999.0,-999.0,-999.0,-999.0,-999.0,-999.0,-999,2,1,-999.0,-999.0,-999,196;889;985;1297;1658;2151;2655;2719,-999.0,-999.0,-999.0,-999.0,4881458.89,16.02,-18.71,-1.34,-51.64,-88.14,-69.89,0,24.23,0.0,0.12,171.15,236.15,1395.44,1587.12
Chiroptera,Megadermatidae,Macroderma,gigas,Macroderma gigas,1,124.37,107.0,115.82,-999.0,-999.0,139.12,148.0,2,-999.0,-999.0,1,-999.0,-999.0,-999.0,1.0,1.0,-999.0,21.61,78.3,-999.0,-999.0,-999.0,-999.0,-999,2,3,-999.0,-999.0,-999,196;823;824;899;1297;1403;1658;1822;1948;2143;2144;2151;2655;2719;3023,-999.0,-999.0,-999.0,-999.0,1038951.62,-11.11,-24.09,-17.6,150.83,116.68,133.75,0,1.2,0.0,0.03,65.9,251.77,724.23,1686.49
Primates,Cebidae,Cebus,olivaceus,Cebus olivaceus,3,2787.64,-999.0,404.1,-999.0,2190.0,-999.0,-999.0,4,-999.0,-999.0,2,1.7,2.57,792.05,1.01,-999.0,492.0,-999.0,-999.0,24.79,-999.0,2525.48,11.45,-999,2,2,725.86,-999.0,-999,543;730;905;1017;1201;1544;1547;1848;2151;2308;2344;2463;2493;2655;2660;2986,-999.0,0.74,-999.0,-999.0,1484240.05,11.37,-1.8,4.78,-49.88,-70.6,-60.24,0,14.75,0.0,0.13,155.52,248.83,1476.63,1703.14
Chiroptera,Rhinolophidae,Rhinolophus,ziama,Rhinolophus ziama,-999,-999.0,-999.0,-999.0,-999.0,-999.0,-999.0,-999.0,-999,-999.0,-999.0,-999,-999.0,-999.0,-999.0,-999.0,-999.0,-999.0,-999.0,-999.0,-999.0,-999.0,-999.0,-999.0,-999,-999,-999,-999.0,-999.0,-999,-999,-999.0,-999.0,-999.0,-999.0,-999.0,-999.0,-999.0,-999.0,-999.0,-999.0,-999.0,-999,-999.0,-999.0,-999.0,-999.0,-999.0,-999.0,-999.0
Rodentia,Sciuridae,Sundasciurus,moellendorffi,Sundasciurus moellendorffi,-999,-999.0,-999.0,210.0,-999.0,-999.0,-999.0,-999.0,-999,-999.0,-999.0,-999,-999.0,-999.0,-999.0,-999.0,-999.0,-999.0,-999.0,-999.0,-999.0,-999.0,-999.0,-999.0,5,-999,-999,-999.0,-999.0,-999,2152,264.3,-999.0,-999.0,-999.0,1467.72,12.33,11.26,11.79,120.34,119.65,120.0,29,39.39,29.0,0.21,-999.0,-999.0,-999.0,-999.0
Artiodactyla,Bovidae,Redunca,fulvorufula,Redunca fulvorufula,2,29352.66,-999.0,1230.0,-999.0,-999.0,-999.0,-999.0,1,-999.0,222.99,1,0.07,-999.0,352.83,-999.0,-999.0,147.96,2719.09,575.0,7.77,-999.0,326.81,4.75,4,1,1,82.12,8635.5,-999,543;730;869;1297;1525;1763;1848;2629;2655;2693;2986;3057,-999.0,1.12,-999.0,-999.0,1134766.5,9.55,-34.21,-12.32,39.72,10.75,25.24,0,60.83,2.0,0.13,66.93,194.07,898.09,1364.88
Cetacea,Delphinidae,Stenella,frontalis,Stenella frontalis,-999,109999.99,-999.0,2130.0,-999.0,-999.0,-999.0,-999.0,-999,-999.0,-999.0,1,-999.0,-999.0,-999.0,-999.0,-999.0,-999.0,-999.0,-999.0,-999.0,-999.0,-999.0,-999.0,-999,-999,-999,-999.0,-999.0,-999,1217;2151;2655,-999.0,-999.0,-999.0,-999.0,-999.0,-999.0,-999.0,-999.0,-999.0,-999.0,-999.0,-999,-999.0,-999.0,-999.0,-999.0,-999.0,-999.0,-999.0
Chiroptera,Molossidae,Molossops,aequatorianus,Molossops aequatorianus,-999,-999.0,36.5,-999.0,-999.0,-999.0,-999.0,-999.0,1,-999.0,-999.0,1,-999.0,-999.0,-999.0,-999.0,-999.0,-999.0,-999.0,-999.0,-999.0,-999.0,-999.0,-999.0,-999,2,3,-999.0,-999.0,-999,1658;2151,7.49,-999.0,-999.0,-999.0,130439.11,1.44,-3.55,-1.05,-77.79,-80.97,-79.38,0,72.68,5.0,0.11,148.35,199.96,1162.14,1424.17
Carnivora,Procyonidae,Nasua,nasua,Nasua nasua,3,3775.5,-999.0,527.63,8.0,-999.0,1054.97,3780.0,6,-999.0,75.06,2,0.79,0.95,365.0,3.69,-999.0,212.4,144.91,-999.0,15.42,-999.0,841.82,-999.0,-999,2,2,113.15,-999.0,-999,367;543;730;1113;1297;1822;2151;2431;2655,-999.0,1.1,-999.0,-999.0,10694990.22,9.38,-32.48,-11.55,-39.91,-77.82,-58.87,0,15.03,0.0,0.11,156.33,239.16,1316.05,1510.34
Primates,Cheirogaleidae,Cheirogaleus,sibreei,Cheirogaleus sibreei,-999,-999.0,-999.0,-999.0,-999.0,-999.0,-999.0,-999.0,-999,-999.0,-999.0,-999,-999.0,-999.0,-999.0,-999.0,-999.0,-999.0,-999.0,-999.0,-999.0,-999.0,-999.0,-999.0,-999,-999,-999,-999.0,-999.0,-999,-999,-999.0,-999.0,-999.0,-999.0,12712.93,-19.18,-20.78,-19.98,48.09,47.02,47.56,17,69.43,17.0,0.18,154.45,169.11,1257.96,1475.8
Macroscelidea,Macroscelididae,Elephantulus,fuscipes,Elephantulus fuscipes,-999,57.0,-999.0,-999.0,-999.0,-999.0,-999.0,-999.0,-999,-999.0,-999.0,-999,-999.0,-999.0,-999.0,0.96,-999.0,-999.0,-999.0,-999.0,-999.0,-999.0,-999.0,-999.0,-999,-999,-999,-999.0,-999.0,-999,1297;2655,-999.0,-999.0,-999.0,-999.0,204288.74,6.17,0.63,3.4,34.16,26.4,30.28,1,37.21,1.0,0.03,120.79,237.35,1271.07,1633.61
Rodentia,Echimyidae,Trinomys,paratus,Trinomys paratus,-999,-999.0,-999.0,-999.0,-999.0,-999.0,-999.0,-999.0,-999,-999.0,-999.0,-999,-999.0,-999.0,-999.0,-999.0,-999.0,-999.0,-999.0,-999.0,-999.0,-999.0,-999.0,-999.0,-999,-999,-999,-999.0,-999.0,-999,-999,-999.0,-999.0,-999.0,-999.0,-999.0,-999.0,-999.0,-999.0,-999.0,-999.0,-999.0,-999,-999.0,-999.0,-999.0,-999.0,-999.0,-999.0,-999.0
Artiodactyla,Bovidae,Madoqua,saltiana,Madoqua saltiana,2,3424.47,-999.0,595.0,-999.0,-999.0,-999.0,-999.0,2,327.33,-999.0,-999,-999.0,-999.0,-999.0,1.0,-999.0,168.0,672.79,-999.0,-999.0,-999.0,253.75,1.5,4,-999,1,41.99,-999.0,-999,1297;1525;1848;2655;2693,-999.0,-999.0,-999.0,-999.0,1219720.78,19.33,0.2,9.77,51.41,35.96,43.68,1,20.77,3.0,0.09,31.6,244.74,453.34,1717.71
Carnivora,Felidae,Neofelis,nebulosa,Neofelis nebulosa,2,14945.05,-999.0,836.74,9.25,-999.0,-999.0,-999.0,1,-999.0,93.44,2,-999.0,-999.0,-999.0,2.25,-999.0,204.0,166.49,-999.0,-999.0,1.0,753.48,-999.0,-999,2,3,111.67,919.81,-999,543;1015;1113;1297;2655,-999.0,-999.0,-999.0,-999.0,2913590.85,28.84,-5.69,11.57,122.0,84.53,103.26,1,148.07,4.0,0.11,178.64,218.29,1288.73,1517.92
Rodentia,Cricetidae,Akodon,cursor,Akodon cursor,1,39.84,-999.0,-999.0,-999.0,-999.0,-999.0,-999.0,4,-999.0,-999.0,1,-999.0,-999.0,-999.0,-999.0,-999.0,-999.0,-999.0,-999.0,442.88,-999.0,-999.0,-999.0,-999,1,2,-999.0,-999.0,-999,730;890;905;2655,-999.0,-999.0,-999.0,-999.0,1450284.06,-15.07,-29.44,-22.26,-41.26,-61.47,-51.37,0,70.49,0.0,0.06,123.19,205.84,1156.24,1307.89
Chiroptera,Molossidae,Mormopterus,planiceps,Mormopterus planiceps,-999,9.24,33.58,-999.0,-999.0,-999.0,-999.0,-999.0,-999,-999.0,106.86,1,-999.0,-999.0,-999.0,0.99,1.0,-999.0,2.06,26.28,-999.0,-999.0,377.37,-999.0,-999,2,-999,-999.0,-999.0,-999,700;1297;1388;1658;1835;2151;2655;3023,-999.0,-999.0,-999.0,-999.0,3330351.4,-22.44,-38.85,-30.64,152.35,114.94,133.65,0,3.38,0.0,0.02,28.34,182.94,332.67,1171.67
Rodentia,Nesomyidae,Nesomys,audeberti,Nesomys audeberti,-999,214.04,-999.0,-999.0,-999.0,-999.0,-999.0,-999.0,2,-999.0,-999.0,-999,0.007414147,0.006955787,-999.0,-999.0,-999.0,-999.0,-999.0,-999.0,-999.0,-999.0,-999.0,-999.0,-999,-999,1,-999.0,-999.0,-999,1048;1573;2655,-999.0,-999.0,-999.0,-999.0,-999.0,-999.0,-999.0,-999.0,-999.0,-999.0,-999.0,-999,-999.0,-999.0,-999.0,-999.0,-999.0,-999.0,-999.0
Chiroptera,Rhinolophidae,Rhinolophus,madurensis,Rhinolophus madurensis,-999,-999.0,-999.0,-999.0,-999.0,-999.0,-999.0,-999.0,-999,-999.0,-999.0,-999,-999.0,-999.0,-999.0,-999.0,-999.0,-999.0,-999.0,-999.0,-999.0,-999.0,-999.0,-999.0,-999,-999,-999,-999.0,-999.0,-999,-999,-999.0,-999.0,-999.0,-999.0,4960.23,-6.82,-7.24,-7.03,115.57,112.67,114.12,460,635.94,460.0,0.02,110.0,269.0,1182.0,1492.0
Chiroptera,Phyllostomidae,Carollia,subrufa,Carollia subrufa,-999,15.84,39.41,-999.0,-999.0,-999.0,-999.0,-999.0,1,-999.0,-999.0,1,-999.0,-999.0,-999.0,0.98,2.0,-999.0,-999.0,-999.0,-999.0,-999.0,-999.0,-999.0,-999,2,1,-999.0,-999.0,-999,889;984;985;1297;1325;1658;2151;2655,-999.0,-999.0,-999.0,-999.0,330694.77,18.12,4.56,11.34,-57.15,-94.01,-75.58,0,70.67,0.0,0.1,143.06,232.26,1398.75,1697.37
Carnivora,Herpestidae,Dologale,dybowskii,Dologale dybowskii,-999,361.92,-999.0,289.15,-999.0,-999.0,-999.0,-999.0,-999,-999.0,-999.0,1,-999.0,-999.0,-999.0,4.0,-999.0,-999.0,-999.0,-999.0,-999.0,-999.0,-999.0,-999.0,-999,1,-999,-999.0,-999.0,-999,1113;2655,-999.0,-999.0,-999.0,-999.0,433013.15,5.99,-0.42,2.78,33.47,23.95,28.71,0,39.34,1.0,0.07,124.43,234.33,1343.59,1636.07
Carnivora,Hyaenidae,Hyaena,hyaena,Hyaena hyaena,2,35070.51,-999.0,1104.7,7.03,-999.0,4582.8,26800.0,6,-999.0,90.5,1,45.19,47.87,237.25,2.44,-999.0,288.0,653.23,-999.0,-999.0,-999.0,928.08,-999.0,4,1,2,118.93,-999.0,-999,367;543;679;1113;1297;1573;1594;2655,-999.0,1.36,-999.0,-999.0,24254343.2,42.12,-8.24,16.93,86.4,-17.1,34.64,0,56.87,0.0,0.11,29.52,228.97,346.34,1366.48
Rodentia,Geomyidae,Orthogeomys,cuniculus,Orthogeomys cuniculus,1,499.99,-999.0,-999.0,-999.0,-999.0,-999.0,-999.0,3,-999.0,-999.0,2,-999.0,-999.0,-999.0,-999.0,-999.0,-999.0,-999.0,-999.0,-999.0,-999.0,-999.0,-999.0,-999,1,1,-999.0,-999.0,-999,511;2151;2655,-999.0,-999.0,-999.0,-999.0,609.71,16.6,16.39,16.5,-94.15,-94.46,-94.3,6,14.51,6.0,0.12,223.14,233.05,1114.8,1588.95
Rodentia,Octodontidae,Octodon,pacificus,Octodon pacificus,-999,-999.0,-999.0,-999.0,-999.0,-999.0,-999.0,-999.0,-999,-999.0,-999.0,-999,-999.0,-999.0,-999.0,-999.0,-999.0,-999.0,-999.0,-999.0,-999.0,-999.0,-999.0,-999.0,-999,-999,-999,-999.0,-999.0,-999,-999,-999.0,-999.0,-999.0,-999.0,-999.0,-999.0,-999.0,-999.0,-999.0,-999.0,-999.0,-999,-999.0,-999.0,-999.0,-999.0,-999.0,-999.0,-999.0
Artiodactyla,Cervidae,Odocoileus,hemionus,Odocoileus hemionus,-999,84560.57,-999.0,1516.5,-999.0,547.5,-999.0,-999.0,2,-999.0,203.49,1,2.01,2.85,365.0,1.61,-999.0,264.0,3007.49,-999.0,16.0,-999.0,527.12,-999.0,-999,1,1,73.49,23900.0,-999,89;653;730;1297;1404;1573;1577;1763;2525;2620;2655;2718;2986;3009;3010,-999.0,1.1,-999.0,-999.0,6310738.18,62.28,21.27,41.77,-96.52,-149.44,-122.98,0,14.38,0.0,0.07,38.76,67.61,389.11,755.2
Primates,Indriidae,Avahi,occidentalis,Avahi occidentalis,2,828.98,-999.0,-999.0,-999.0,-999.0,-999.0,-999.0,1,-999.0,-999.0,1,0.01,0.02,-999.0,1.02,-999.0,-999.0,-999.0,-999.0,66.99,-999.0,-999.0,3.0,-999,2,1,-999.0,-999.0,-999,511;1048;1261;1262;1544;1547;2344;2655;2972;2973,-999.0,-999.0,-999.0,-999.0,7563.78,-15.61,-19.15,-17.38,47.59,44.63,46.11,2,10.79,2.0,0.14,118.44,249.49,981.46,1557.76
Carnivora,Procyonidae,Bassaricyon,gabbii,Bassaricyon gabbii,1,1250.0,-999.0,411.27,18.5,-999.0,-999.0,-999.0,6,-999.0,76.65,2,-999.0,-999.0,-999.0,1.0,-999.0,300.0,54.99,-999.0,6.02,-999.0,607.2,-999.0,-999,2,2,89.49,-999.0,-999,543;730;890;1113;2151;2655,-999.0,-999.0,-999.0,-999.0,803202.18,13.29,-3.13,5.08,-69.42,-86.14,-77.78,0,46.86,0.0,0.1,176.37,230.94,1406.78,1524.8
Chiroptera,Rhinolophidae,Rhinolophus,rex,Rhinolophus rex,-999,-999.0,60.99,-999.0,-999.0,-999.0,-999.0,-999.0,1,-999.0,-999.0,1,-999.0,-999.0,-999.0,-999.0,-999.0,-999.0,-999.0,-999.0,-999.0,-999.0,-999.0,-999.0,-999,2,3,-999.0,-999.0,-999,679;1658;2151,32.62,-999.0,-999.0,-999.0,323465.19,31.07,24.5,27.79,110.2,102.21,106.2,56,208.68,88.0,0.06,108.96,144.47,989.59,1042.26
Lagomorpha,Leporidae,Sylvilagus,audubonii,Sylvilagus audubonii,-999,880.88,-999.0,325.24,-999.0,-999.0,437.73,672.4,2,-999.0,28.0,1,0.03,0.03,-999.0,3.0,-999.0,-999.0,34.36,80.0,290.0,-999.0,90.7,-999.0,-999,1,1,24.5,-999.0,-999,592;596;730;802;1297;1822;2124;2151;2655;2685;2743,-999.0,-999.0,-999.0,-999.0,3671590.57,48.42,18.72,33.57,-97.41,-123.12,-110.26,0,29.06,0.0,0.09,31.66,130.6,472.85,1042.81
Carnivora,Felidae,Caracal,caracal,Caracal caracal,1,11964.38,-999.0,739.28,9.97,456.25,-999.0,-999.0,1,365.0,71.47,1,293.94,275.76,365.0,2.3,-999.0,204.0,195.86,-999.0,-999.0,-999.0,437.27,-999.0,-999,1,3,120.41,-999.0,-999,543;679;1113;1297;1573;2655,-999.0,1.1,-999.0,-999.0,26609096.78,45.85,-34.83,5.5,81.04,-17.53,31.75,0,39.44,0.0,0.12,40.03,221.57,455.81,1387.61
Chiroptera,Rhinolophidae,Rhinolophus,ruwenzorii,Rhinolophus ruwenzorii,-999,-999.0,56.0,-999.0,-999.0,-999.0,-999.0,-999.0,-999,-999.0,-999.0,-999,-999.0,-999.0,-999.0,-999.0,-999.0,-999.0,-999.0,-999.0,-999.0,-999.0,-999.0,-999.0,-999,-999,-999,-999.0,-999.0,-999,2642,25.54,-999.0,-999.0,-999.0,27684.67,1.37,-1.21,0.08,30.57,29.27,29.92,51,111.61,51.0,0.17,107.55,199.55,1378.38,1538.22
Primates,Cercopithecidae,Macaca,nigra,Macaca nigra,3,7359.39,-999.0,549.99,-999.0,1996.55,-999.0,-999.0,1,-999.0,172.43,-999,-999.0,-999.0,540.2,1.01,-999.0,216.0,457.77,-999.0,55.63,-999.0,1984.51,35.0,-999,-999,1,365.0,-999.0,-999,208;730;1297;1544;1547;1848;2151;2344;2486;2489;2493;2655;2660;2986,-999.0,0.9,-999.0,-999.0,13015.44,1.75,0.27,1.01,125.24,123.28,124.26,48,149.58,48.0,0.04,230.8,225.39,-999.0,-999.0
Lagomorpha,Leporidae,Lepus,castroviejoi,Lepus castroviejoi,-999,2822.41,-999.0,502.99,-999.0,-999.0,-999.0,-999.0,-999,-999.0,-999.0,-999,-999.0,-999.0,-999.0,1.95,-999.0,-999.0,-999.0,-999.0,-999.0,-999.0,-999.0,-999.0,-999,-999,-999,-999.0,-999.0,-999,989;2210,-999.0,-999.0,-999.0,-999.0,8875.2,43.26,42.63,42.95,-4.22,-6.97,-5.6,12,51.25,12.0,-0.01,60.61,84.08,571.48,813.46
Artiodactyla,Bovidae,Neotragus,batesi,Neotragus batesi,2,2967.45,-999.0,540.0,-999.0,365.0,-999.0,-999.0,4,-999.0,181.24,1,-999.0,-999.0,-999.0,1.0,-999.0,168.0,499.99,-999.0,-999.0,-999.0,366.52,-999.0,4,1,1,-999.0,-999.0,-999,904;1297;1848;2655;2693;2986,-999.0,-999.0,-999.0,-999.0,1089948.06,8.02,-4.03,1.99,30.92,6.03,18.47,0,41.93,1.0,0.1,144.95,238.25,1384.8,1560.58
Didelphimorphia,Didelphidae,Caluromys,derbianus,Caluromys derbianus,1,326.72,-999.0,231.0,-999.0,-999.0,215.11,344.0,3,-999.0,-999.0,1,-999.0,-999.0,-999.0,3.14,-999.0,60.0,-999.0,-999.0,11.86,-999.0,251.71,1.0,-999,2,2,-999.0,-999.0,-999,256;498;730;889;890;905;955;1297;1412;1822;2151;2655,-999.0,-999.0,-999.0,-999.0,678553.48,20.73,-2.92,8.9,-76.63,-98.33,-87.48,2,53.45,3.0,0.14,189.71,234.61,1341.7,1596.59
Rodentia,Cricetidae,Brucepattersonius,griserufescens,Brucepattersonius griserufescens,-999,-999.0,-999.0,-999.0,-999.0,-999.0,-999.0,-999.0,-999,-999.0,-999.0,-999,-999.0,-999.0,-999.0,-999.0,-999.0,-999.0,-999.0,-999.0,-999.0,-999.0,-999.0,-999.0,-999,-999,-999,-999.0,-999.0,-999,-999,-999.0,-999.0,-999.0,-999.0,-999.0,-999.0,-999.0,-999.0,-999.0,-999.0,-999.0,-999,-999.0,-999.0,-999.0,-999.0,-999.0,-999.0,-999.0
Lagomorpha,Leporidae,Lepus,tolai,Lepus tolai,-999,1589.0,-999.0,-999.0,-999.0,-999.0,-999.0,-999.0,-999,-999.0,-999.0,-999,-999.0,-999.0,-999.0,2.93,-999.0,-999.0,-999.0,-999.0,-999.0,-999.0,-999.0,-999.0,-999,-999,-999,-999.0,-999.0,-999,989;2655,-999.0,-999.0,-999.0,-999.0,1307979.72,49.05,40.28,44.67,85.33,48.64,66.98,0,7.62,0.0,0.00551452,16.84,89.39,220.18,647.19
Chiroptera,Molossidae,Mormopterus,phrudus,Mormopterus phrudus,-999,-999.0,34.0,-999.0,-999.0,-999.0,-999.0,-999.0,-999,-999.0,-999.0,1,-999.0,-999.0,-999.0,-999.0,-999.0,-999.0,-999.0,-999.0,-999.0,-999.0,-999.0,-999.0,-999,2,-999,-999.0,-999.0,-999,1658;2151,6.11,-999.0,-999.0,-999.0,50558.21,-10.61,-13.45,-12.03,-72.3,-74.75,-73.52,1,11.23,2.0,0.06,106.09,212.95,1007.21,1447.7
Primates,Cercopithecidae,Macaca,arctoides,Macaca arctoides,3,9358.04,-999.0,599.99,-999.0,1551.25,-999.0,-999.0,1,-999.0,176.6,-999,-999.0,-999.0,544.6,1.01,-999.0,360.0,488.99,-999.0,-999.0,-999.0,1570.01,-999.0,-999,-999,1,377.66,2300.0,-999,208;543;1297;1544;1547;1577;1611;1767;1768;1848;2344;2489;2493;2655;2660,-999.0,0.89,-999.0,-999.0,1236024.14,28.45,5.87,17.16,114.17,89.98,102.07,1,159.91,6.0,0.08,164.32,196.31,1129.58,1353.94
Rodentia,Echimyidae,Phyllomys,pattoni,Phyllomys pattoni,-999,-999.0,-999.0,-999.0,-999.0,-999.0,-999.0,-999.0,-999,-999.0,-999.0,-999,-999.0,-999.0,-999.0,-999.0,-999.0,-999.0,-999.0,-999.0,-999.0,-999.0,-999.0,-999.0,-999,-999,-999,-999.0,-999.0,-999,-999,-999.0,-999.0,-999.0,-999.0,-999.0,-999.0,-999.0,-999.0,-999.0,-999.0,-999.0,-999,-999.0,-999.0,-999.0,-999.0,-999.0,-999.0,-999.0
Chiroptera,Pteropodidae,Epomophorus,angolensis,Epomophorus angolensis,-999,-999.0,86.5,-999.0,-999.0,-999.0,-999.0,-999.0,-999,-999.0,-999.0,1,-999.0,-999.0,-999.0,1.0,-999.0,-999.0,-999.0,-999.0,-999.0,-999.0,-999.0,-999.0,-999,2,-999,-999.0,-999.0,-999,269;1297;1658;2151,88.75,-999.0,-999.0,-999.0,346769.46,-7.19,-17.87,-12.53,17.73,12.02,14.88,1,24.28,2.0,0.12,73.63,207.0,838.66,1409.63
Carnivora,Mustelidae,Mustela,erminea,Mustela erminea,2,284.5,-999.0,215.65,35.1,-999.0,-999.0,-999.0,1,105.0,66.35,1,0.11,0.11,365.0,6.74,-999.0,85.23,2.25,-999.0,6.25,-999.0,93.09,-999.0,10,1,3,60.93,25.22,-999,367;542;730;1113;1297;1573;1577;2338;2655;2986,-999.0,1.1,-999.0,-999.0,39718064.94,83.62,18.16,50.89,179.96,-180.0,-0.01,0,27.06,0.0,0.007507659,38.17,-28.22,320.6,403.21
Rodentia,Bathyergidae,Cryptomys,damarensis,Cryptomys damarensis,2,112.2,-999.0,-999.0,18.0,-999.0,76.87,128.0,1,-999.0,83.55,1,0.01,0.00951845,-999.0,3.0,4.0,-999.0,8.49,-999.0,-999.0,12.0,-999.0,22.5,-999,1,1,18.02,-999.0,-999,231;243;244;245;247;249;250;1468;1573;1821;1822;2440;2557;2629;2655,-999.0,-999.0,-999.0,-999.0,1869675.78,-8.11,-28.64,-18.37,27.84,12.99,20.41,0,7.61,0.0,0.16,59.7,211.87,662.02,1429.3
Carnivora,Ursidae,Ursus,arctos,Ursus arctos,2,196287.5,-999.0,1484.07,31.82,1460.0,20790.6,162428.57,6,912.49,227.56,1,310.81,333.82,912.5,2.24,-999.0,600.0,499.99,-999.0,0.02,-999.0,1327.95,-999.0,-999,1,2,182.5,26000.0,-999,367;542;543;730;1113;1297;1573;2338;2620;2655,-999.0,0.69,-999.0,-999.0,23972321.42,72.38,29.14,50.76,179.99,-168.12,5.93,0,14.85,0.0,0.004330963,35.01,-46.56,292.87,408.25
Soricomorpha,Nesophontidae,Nesophontes,longirostris,Nesophontes longirostris,-999,-999.0,-999.0,-999.0,-999.0,-999.0,-999.0,-999.0,-999,-999.0,-999.0,-999,-999.0,-999.0,-999.0,-999.0,-999.0,-999.0,-999.0,-999.0,-999.0,-999.0,-999.0,-999.0,-999,-999,-999,-999.0,-999.0,-999,-999,-999.0,-999.0,-999.0,-999.0,-999.0,-999.0,-999.0,-999.0,-999.0,-999.0,-999.0,-999,-999.0,-999.0,-999.0,-999.0,-999.0,-999.0,-999.0
Chiroptera,Emballonuridae,Diclidurus,ingens,Diclidurus ingens,1,12.3,71.5,-999.0,-999.0,-999.0,-999.0,-999.0,-999,-999.0,-999.0,1,-999.0,-999.0,-999.0,-999.0,-999.0,-999.0,-999.0,-999.0,-999.0,-999.0,-999.0,-999.0,-999,2,-999,-999.0,-999.0,-999,889;1658;2151;2622,-999.0,-999.0,-999.0,-999.0,2138238.0,9.38,-6.52,1.42,-58.32,-75.61,-66.97,0,1.77,0.0,0.12,196.17,252.94,1531.19,1607.22
Rodentia,Dipodidae,Salpingotus,kozlovi,Salpingotus kozlovi,-999,-999.0,-999.0,-999.0,-999.0,-999.0,-999.0,-999.0,-999,-999.0,-999.0,-999,-999.0,-999.0,-999.0,-999.0,-999.0,-999.0,-999.0,-999.0,-999.0,-999.0,-999.0,-999.0,8,-999,-999,-999.0,-999.0,-999,2151,-999.0,-999.0,-999.0,-999.0,1566815.56,45.38,36.41,40.9,111.79,75.81,93.8,0,10.57,0.0,0.05,14.18,62.13,110.03,670.03
Artiodactyla,Bovidae,Cephalophus,natalensis,Cephalophus natalensis,3,12724.51,-999.0,786.14,-999.0,-999.0,-999.0,-999.0,4,-999.0,212.97,1,0.06,0.09,235.0,1.0,-999.0,180.0,954.89,-999.0,6.92,-999.0,-999.0,2.0,4,1,1,-999.0,-999.0,-999,730;869;1297;1525;1848;2629;2655;2693;2986;3046,-999.0,1.37,-999.0,-999.0,1208751.28,-7.38,-31.13,-19.25,40.84,29.23,35.03,1,37.4,2.0,0.17,79.36,228.97,924.61,1494.49
Rodentia,Dasyproctidae,Myoprocta,pratti,Myoprocta pratti,-999,966.73,-999.0,-999.0,0.0,-999.0,-999.0,-999.0,-999,-999.0,99.65,-999,-999.0,-999.0,-999.0,1.77,-999.0,-999.0,79.3,-999.0,4.69,-999.0,137.42,-999.0,-999,-999,-999,48.63,-999.0,-999,730;1594;1626,-999.0,-999.0,-999.0,-999.0,-999.0,-999.0,-999.0,-999.0,-999.0,-999.0,-999.0,-999,-999.0,-999.0,-999.0,-999.0,-999.0,-999.0,-999.0
Didelphimorphia,Didelphidae,Marmosops,paulensis,Marmosops paulensis,-999,38.89,-999.0,125.98,-999.0,-999.0,-999.0,-999.0,-999,-999.0,-999.0,-999,-999.0,-999.0,-999.0,-999.0,-999.0,-999.0,-999.0,-999.0,-999.0,-999.0,-999.0,-999.0,-999,-999,-999,-999.0,-999.0,-999,890,-999.0,-999.0,-999.0,-999.0,-999.0,-999.0,-999.0,-999.0,-999.0,-999.0,-999.0,-999,-999.0,-999.0,-999.0,-999.0,-999.0,-999.0,-999.0
Sirenia,Dugongidae,Dugong,dugon,Dugong dugon,2,295000.0,-999.0,2550.0,-999.0,-999.0,-999.0,-999.0,4,-999.0,372.52,1,47.17,52.43,1733.75,1.0,-999.0,840.0,23452.07,1100.0,-999.0,12.4,3775.76,3.9,-999,-999,2,545.94,-999.0,-999,92;543;679;890;899;1297;1424;2151;2193;2332;2629;2655,-999.0,0.5,-999.0,-999.0,-999.0,-999.0,-999.0,-999.0,-999.0,-999.0,-999.0,-999,-999.0,-999.0,-999.0,-999.0,-999.0,-999.0,-999.0
Rodentia,Sciuridae,Callosciurus,phayrei,Callosciurus phayrei,-999,-999.0,-999.0,-999.0,-999.0,-999.0,-999.0,-999.0,-999,-999.0,-999.0,-999,-999.0,-999.0,-999.0,-999.0,-999.0,-999.0,-999.0,-999.0,-999.0,-999.0,-999.0,-999.0,-999,-999,-999,-999.0,-999.0,-999,-999,-999.0,-999.0,-999.0,-999.0,99941.58,25.01,16.95,20.98,99.69,96.89,98.29,5,45.75,10.0,0.06,126.01,178.2,1059.71,1455.36
Rodentia,Muridae,Mus,shortridgei,Mus shortridgei,-999,-999.0,-999.0,-999.0,-999.0,-999.0,-999.0,-999.0,-999,-999.0,-999.0,-999,-999.0,-999.0,-999.0,-999.0,-999.0,-999.0,-999.0,-999.0,-999.0,-999.0,-999.0,-999.0,-999,-999,-999,-999.0,-999.0,-999,-999,-999.0,-999.0,-999.0,-999.0,280801.87,22.75,12.63,17.69,103.49,95.57,99.53,5,75.56,10.0,0.07,118.1,239.75,1116.04,1603.29
Artiodactyla,Cervidae,Mazama,americana,Mazama americana,2,20546.86,-999.0,-999.0,-999.0,-999.0,-999.0,-999.0,2,-999.0,225.0,1,-999.0,-999.0,-999.0,1.22,-999.0,165.6,-999.0,-999.0,9.3,-999.0,-999.0,1.0,-999,1,1,-999.0,-999.0,-999,200;543;653;730;905;1297;1852;2151;2431;2525;2655;2986;3009;3010,-999.0,-999.0,-999.0,-999.0,12346897.93,12.46,-32.18,-9.86,-34.79,-78.03,-56.41,0,23.26,0.0,0.11,149.07,240.37,1294.79,1520.03
Chiroptera,Pteropodidae,Rousettus,leschenaultii,Rousettus leschenaultii,-999,84.88,82.25,-999.0,-999.0,278.81,-999.0,-999.0,3,-999.0,121.66,1,-999.0,-999.0,-999.0,1.01,2.0,-999.0,12.0,-999.0,-999.0,753.0,322.24,-999.0,-999,2,2,52.34,37.0,-999,77;211;212;582;1140;1143;1149;1297;1552;1621;1658;1705;2017;2143;2151;2622;2655;2910;3014,-999.0,-999.0,-999.0,-999.0,5152928.23,35.35,-8.96,13.19,117.84,67.64,92.74,1,287.15,10.0,0.09,127.94,230.14,946.42,1436.72
Carnivora,Phocidae,Cystophora,cristata,Cystophora cristata,-999,278896.81,-999.0,2323.06,0.0,1387.0,62991.0,282840.91,6,-999.0,334.58,2,-999.0,-999.0,365.0,1.0,-999.0,420.0,21992.7,-999.0,0.004822132,-999.0,1262.74,-999.0,-999,1,2,9.5,43097.09,-999,367;543;1297;1763;2151;2655,-999.0,1.1,-999.0,-999.0,-999.0,-999.0,-999.0,-999.0,-999.0,-999.0,-999.0,-999,-999.0,-999.0,-999.0,-999.0,-999.0,-999.0,-999.0
Chiroptera,Emballonuridae,Coleura,seychellensis,Coleura seychellensis,1,10.64,54.34,59.99,-999.0,-999.0,-999.0,-999.0,1,-999.0,-999.0,1,-999.0,-999.0,-999.0,-999.0,-999.0,-999.0,-999.0,-999.0,-999.0,-999.0,-999.0,-999.0,-999,2,3,-999.0,-999.0,-999,889;899;1658;2136;2143;2151;2655,-999.0,-999.0,-999.0,-999.0,151.19,-4.56,-4.8,-4.68,55.53,55.36,55.45,417,417.0,417.0,0.04,-999.0,-999.0,-999.0,-999.0
Hyracoidea,Procaviidae,Procavia,capensis,Procavia capensis,3,2952.48,-999.0,467.37,0.0,2190.0,780.0,2325.0,5,-999.0,231.24,2,0.002638607,-999.0,365.0,2.5,1.0,168.0,203.49,191.5,2734.51,47.0,487.07,17.0,6,2,1,90.99,499.99,-999,543;658;1297;1355;1822;1848;1984;2151;2179;2466;2629;2655,-999.0,-999.0,-999.0,-999.0,24125352.41,35.0,-34.83,0.08,57.7,-17.53,20.08,0,31.59,0.0,0.12,64.24,236.32,673.95,1484.0
Artiodactyla,Giraffidae,Giraffa,camelopardalis,Giraffa camelopardalis,2,964654.73,-999.0,4177.03,-999.0,1825.0,-999.0,-999.0,5,-999.0,455.25,1,81.52,99.56,608.33,1.29,1.0,435.6,55244.9,-999.0,1.23,-999.0,1633.59,100.0,4,1,1,212.91,-999.0,-999,453;543;718;730;869;1297;1446;1573;1594;1848;2629;2655;2986,-999.0,-999.0,-999.0,-999.0,2791592.69,16.35,-25.59,-4.62,41.12,0.64,20.88,0,18.23,1.0,0.1,64.96,238.58,783.5,1552.64
Didelphimorphia,Didelphidae,Lutreolina,crassicaudata,Lutreolina crassicaudata,1,554.77,-999.0,324.99,-999.0,-999.0,406.0,812.0,2,-999.0,14.0,3,0.001430339,0.001877347,-999.0,7.71,2.0,36.0,-999.0,-999.0,-999.0,-999.0,-999.0,-999.0,9,2,3,-999.0,-999.0,-999,543;889;890;1297;1412;1760;1822;1890;2151;2655,-999.0,-999.0,-999.0,-999.0,1895557.08,10.22,-38.97,-14.37,-50.41,-66.13,-58.27,0,23.41,0.0,0.08,105.01,196.48,1143.42,1307.0
Chiroptera,Vespertilionidae,Murina,hilgendorfi,Murina hilgendorfi,-999,-999.0,-999.0,-999.0,-999.0,-999.0,-999.0,-999.0,-999,-999.0,-999.0,-999,-999.0,-999.0,-999.0,-999.0,-999.0,-999.0,-999.0,-999.0,-999.0,-999.0,-999.0,-999.0,-999,-999,-999,-999.0,-999.0,-999,-999,-999.0,-999.0,-999.0,-999.0,606874.57,57.74,30.98,44.36,144.75,86.54,115.64,0,149.0,1.0,0.001243364,69.27,16.48,530.05,563.52
Cingulata,Dasypodidae,Dasypus,yepesi,Dasypus yepesi,-999,-999.0,-999.0,-999.0,-999.0,-999.0,-999.0,-999.0,3,-999.0,-999.0,2,-999.0,-999.0,-999.0,-999.0,-999.0,-999.0,-999.0,-999.0,-999.0,-999.0,-999.0,-999.0,-999,1,2,-999.0,-999.0,-999,679;890,-999.0,-999.0,-999.0,-999.0,-999.0,-999.0,-999.0,-999.0,-999.0,-999.0,-999.0,-999,-999.0,-999.0,-999.0,-999.0,-999.0,-999.0,-999.0
Chiroptera,Craseonycteridae,Craseonycteris,thonglongyai,Craseonycteris thonglongyai,1,1.96,24.11,30.99,-999.0,-999.0,-999.0,-999.0,1,-999.0,-999.0,1,-999.0,-999.0,365.0,1.0,1.0,-999.0,-999.0,-999.0,-999.0,150.1,-999.0,-999.0,-999,2,3,-999.0,-999.0,-999,196;842;843;844;899;1297;1344;1658;1953;2143;2151;2622;2655,-999.0,-999.0,-999.0,-999.0,895.08,14.58,14.27,14.42,99.01,98.7,98.86,5,23.68,5.0,0.06,375.32,240.33,1138.35,1702.99
Chiroptera,Rhinolophidae,Rhinolophus,robinsoni,Rhinolophus robinsoni,-999,8.54,44.0,-999.0,-999.0,-999.0,-999.0,-999.0,1,-999.0,-999.0,1,-999.0,-999.0,-999.0,-999.0,-999.0,-999.0,-999.0,-999.0,-999.0,-999.0,-999.0,-999.0,-999,2,3,-999.0,-999.0,-999,196;1658;2151;2655;2719,-999.0,-999.0,-999.0,-999.0,46677.33,9.14,2.42,5.78,104.54,98.78,101.66,7,122.18,8.0,0.08,189.82,253.19,1624.11,1810.26
Carnivora,Phocidae,Lobodon,carcinophaga,Lobodon carcinophaga,2,224999.99,-999.0,2265.73,0.0,1825.0,-999.0,-999.0,1,29.75,269.81,2,-999.0,-999.0,547.5,0.96,-999.0,468.0,20000.0,-999.0,1.01,-999.0,1522.5,1.0,-999,1,3,31.32,103699.45,-999,367;543;890;905;1297;1763;2151;2655,-999.0,0.89,-999.0,-999.0,-999.0,-999.0,-999.0,-999.0,-999.0,-999.0,-999.0,-999,-999.0,-999.0,-999.0,-999.0,-999.0,-999.0,-999.0
Chiroptera,Molossidae,Mops,thersites,Mops thersites,-999,21.99,39.5,-999.0,-999.0,-999.0,-999.0,-999.0,-999,-999.0,-999.0,1,-999.0,-999.0,-999.0,1.0,2.0,-999.0,-999.0,-999.0,-999.0,-999.0,-999.0,-999.0,-999,2,-999,-999.0,-999.0,-999,1297;1658;1685;2151;2622;2655,-999.0,-999.0,-999.0,-999.0,3945169.61,10.56,-7.77,1.39,34.98,-14.29,10.34,0,50.78,1.0,0.12,147.04,243.25,1332.59,1556.68
Chiroptera,Pteropodidae,Notopteris,neocaledonica,Notopteris neocaledonica,-999,-999.0,-999.0,-999.0,-999.0,-999.0,-999.0,-999.0,-999,-999.0,-999.0,-999,-999.0,-999.0,-999.0,1.0,-999.0,-999.0,-999.0,-999.0,-999.0,250.0,-999.0,-999.0,-999,-999,-999,-999.0,-999.0,-999,2017,-999.0,-999.0,-999.0,-999.0,10854.67,-20.08,-21.78,-20.93,165.96,163.98,164.97,10,10.0,10.0,0.11,87.2,210.01,-999.0,-999.0
Carnivora,Herpestidae,Suricata,suricatta,Suricata suricatta,3,729.99,-999.0,285.71,11.97,365.0,290.12,790.0,1,-999.0,77.0,1,11.76,14.06,365.0,3.86,1.0,150.0,30.5,-999.0,-999.0,-999.0,377.37,-999.0,-999,1,3,55.68,225.5,-999,367;543;1113;1297;1740;1822;2655,-999.0,-999.0,-999.0,-999.0,1720747.74,-15.77,-33.77,-24.77,30.87,11.71,21.29,0,10.05,0.0,0.09,26.55,175.81,405.45,1237.75
Dasyuromorphia,Dasyuridae,Sminthopsis,psammophila,Sminthopsis psammophila,2,33.5,-999.0,105.0,-999.0,-999.0,-999.0,-999.0,2,-999.0,-999.0,1,-999.0,-999.0,-999.0,5.49,-999.0,60.0,-999.0,-999.0,-999.0,-999.0,-999.0,-999.0,-999,1,3,-999.0,-999.0,-999,1015;1760;2655,-999.0,-999.0,-999.0,-999.0,61813.87,-28.67,-32.58,-30.62,136.25,123.11,129.68,0,0.0,0.0,-999.0,16.54,182.42,241.92,1132.3
Artiodactyla,Bovidae,Madoqua,kirkii,Madoqua kirkii,2,4833.4,-999.0,654.27,-999.0,501.87,2145.0,4290.0,5,338.82,171.49,1,-999.0,-999.0,182.5,0.98,-999.0,198.0,625.82,-999.0,19.0,-999.0,233.47,2.5,4,1,1,42.58,1633.49,-999,543;730;869;917;1052;1297;1525;1577;1604;1763;1822;1848;2629;2655;2693;2986;3057,-999.0,1.56,-999.0,-999.0,1734714.03,11.03,-24.2,-6.58,50.58,11.71,31.14,0,27.97,1.0,0.11,45.69,222.42,617.04,1577.87
Carnivora,Canidae,Lycalopex,vetulus,Lycalopex vetulus,-999,4233.47,-999.0,600.05,-999.0,-999.0,-999.0,-999.0,6,-999.0,-999.0,1,-999.0,-999.0,365.0,3.0,-999.0,-999.0,-999.0,-999.0,-999.0,-999.0,-999.0,-999.0,-999,1,2,-999.0,-999.0,-999,890;1113;2655,-999.0,1.1,-999.0,-999.0,1486644.88,-5.97,-23.15,-14.56,-38.87,-52.47,-45.67,0,18.02,1.0,0.07,112.46,230.14,1052.23,1448.52
Artiodactyla,Moschidae,Moschus,moschiferus,Moschus moschiferus,2,13315.57,-999.0,899.99,-999.0,-999.0,-999.0,-999.0,3,-999.0,175.92,-999,0.13,0.45,-999.0,1.74,1.0,-999.0,498.39,-999.0,-999.0,1.0,486.66,1.0,-999,-999,1,47.14,-999.0,-999,200;1015;1177;1179;1297;1848;2525;2551;2655;3010,-999.0,-999.0,-999.0,-999.0,8554234.6,72.5,34.28,53.39,166.34,83.41,124.87,0,20.86,0.0,-0.02,31.16,-83.78,317.71,367.73
Primates,Atelidae,Alouatta,nigerrima,Alouatta nigerrima,-999,-999.0,-999.0,-999.0,-999.0,-999.0,-999.0,-999.0,-999,-999.0,-999.0,-999,-999.0,-999.0,-999.0,-999.0,-999.0,-999.0,-999.0,-999.0,-999.0,-999.0,-999.0,-999.0,-999,-999,-999,-999.0,-999.0,-999,-999,-999.0,-999.0,-999.0,-999.0,183994.3,-2.19,-9.07,-5.63,-55.22,-60.61,-57.92,0,1.44,0.0,0.09,170.18,256.74,1417.52,1594.65
Chiroptera,Phyllostomidae,Ectophylla,alba,Ectophylla alba,-999,5.55,28.65,-999.0,0.0,-999.0,-999.0,-999.0,1,-999.0,-999.0,1,-999.0,-999.0,-999.0,0.99,2.0,-999.0,-999.0,-999.0,-999.0,6.0,-999.0,-999.0,-999,2,1,24.98,-999.0,-999,108;473;474;1297;1658;1705;2151;2655;2850;3023,-999.0,-999.0,-999.0,-999.0,138091.24,15.99,8.94,12.47,-82.12,-86.0,-84.06,2,26.81,2.0,0.19,232.56,239.5,1414.05,1685.69
Artiodactyla,Cervidae,Muntiacus,muntjak,Muntiacus muntjak,2,17611.59,-999.0,994.99,-999.0,-999.0,-999.0,-999.0,3,-999.0,210.0,-999,-999.0,-999.0,241.0,1.0,-999.0,211.2,1371.39,-999.0,3.12,-999.0,338.33,-999.0,-999,-999,1,-999.0,-999.0,-999,200;543;653;730;1297;2152;2525;2655;3010,-999.0,1.35,-999.0,-999.0,7321434.07,32.36,-8.78,11.79,119.66,72.05,95.86,0,236.51,6.0,0.1,150.35,224.08,1094.18,1471.74
Chiroptera,Rhinolophidae,Rhinolophus,monoceros,Rhinolophus monoceros,-999,-999.0,36.5,-999.0,-999.0,-999.0,-999.0,-999.0,1,-999.0,-999.0,1,-999.0,-999.0,-999.0,-999.0,-999.0,-999.0,-999.0,-999.0,-999.0,-999.0,-999.0,-999.0,-999,2,3,-999.0,-999.0,-999,679;1658;2151,7.49,-999.0,-999.0,-999.0,22395.6,25.19,21.99,23.59,121.74,120.44,121.09,70,698.42,70.0,0.03,160.5,165.8,-999.0,-999.0
Rodentia,Caviidae,Kerodon,rupestris,Kerodon rupestris,-999,799.15,-999.0,-999.0,-999.0,156.0,360.45,801.0,1,-999.0,75.89,2,-999.0,-999.0,86.15,1.52,5.0,132.0,82.44,-999.0,-999.0,-999.0,92.97,-999.0,-999,2,1,34.9,-999.0,-999,543;890;1297;1627;1718;1822;2151;2456;2655,-999.0,-999.0,-999.0,-999.0,1805180.18,-2.55,-17.0,-9.78,-34.79,-49.85,-42.32,1,37.73,1.0,0.07,107.26,239.71,1010.29,1494.93
Rodentia,Ctenomyidae,Ctenomys,famosus,Ctenomys famosus,-999,-999.0,-999.0,-999.0,-999.0,-999.0,-999.0,-999.0,3,-999.0,-999.0,1,-999.0,-999.0,-999.0,-999.0,-999.0,-999.0,-999.0,-999.0,-999.0,-999.0,-999.0,-999.0,-999,1,1,-999.0,-999.0,-999,2151,-999.0,-999.0,-999.0,-999.0,-999.0,-999.0,-999.0,-999.0,-999.0,-999.0,-999.0,-999,-999.0,-999.0,-999.0,-999.0,-999.0,-999.0,-999.0
Chiroptera,Hipposideridae,Hipposideros,pelingensis,Hipposideros pelingensis,-999,-999.0,-999.0,-999.0,-999.0,-999.0,-999.0,-999.0,-999,-999.0,-999.0,-999,-999.0,-999.0,-999.0,-999.0,-999.0,-999.0,-999.0,-999.0,-999.0,-999.0,-999.0,-999.0,-999,-999,-999,-999.0,-999.0,-999,-999,-999.0,-999.0,-999.0,-999.0,5493.35,-1.15,-5.13,-3.14,123.55,119.58,121.56,31,65.91,31.0,0.06,240.34,219.34,-999.0,-999.0
Rodentia,Muridae,Niviventer,hinpoon,Niviventer hinpoon,-999,-999.0,-999.0,-999.0,-999.0,-999.0,-999.0,-999.0,-999,-999.0,-999.0,-999,-999.0,-999.0,-999.0,-999.0,-999.0,-999.0,-999.0,-999.0,-999.0,-999.0,-999.0,-999.0,-999,-999,-999,-999.0,-999.0,-999,-999,-999.0,-999.0,-999.0,-999.0,2945.56,14.69,14.18,14.43,101.81,101.06,101.44,51,89.99,51.0,0.04,120.76,258.5,1242.0,1720.51
Carnivora,Viverridae,Cynogale,bennettii,Cynogale bennettii,2,4246.57,-999.0,624.54,-999.0,-999.0,-999.0,-999.0,6,-999.0,-999.0,2,-999.0,-999.0,-999.0,2.3,-999.0,60.0,-999.0,-999.0,-999.0,-999.0,-999.0,-999.0,-999,1,2,-999.0,-999.0,-999,543;679;1113;1297;2655,-999.0,-999.0,-999.0,-999.0,170977.09,6.39,-4.29,1.05,117.99,98.18,108.08,3,60.48,5.0,0.15,235.45,254.4,1689.78,1770.48
Rodentia,Cricetidae,Rheomys,mexicanus,Rheomys mexicanus,-999,40.0,-999.0,-999.0,-999.0,-999.0,-999.0,-999.0,2,-999.0,-999.0,2,-999.0,-999.0,-999.0,-999.0,-999.0,-999.0,-999.0,-999.0,-999.0,-999.0,-999.0,-999.0,-999,1,3,-999.0,-999.0,-999,905;2151;2655,-999.0,-999.0,-999.0,-999.0,14942.63,16.88,16.11,16.49,-94.52,-96.76,-95.64,9,35.1,9.0,0.02,91.79,198.4,1028.63,1739.41
Artiodactyla,Cervidae,Ozotoceros,bezoarticus,Ozotoceros bezoarticus,-999,34620.4,-999.0,1224.74,-999.0,-999.0,-999.0,-999.0,3,-999.0,220.38,1,6.16,5.78,317.08,1.0,-999.0,-999.0,2100.0,-999.0,-999.0,-999.0,350.76,3.5,-999,1,1,362.93,-999.0,-999,890;899;1297;1459;1460;1573;2405;2655;3009;3010,-999.0,1.18,-999.0,-999.0,3649669.28,-7.21,-36.56,-21.88,-40.94,-66.51,-53.73,0,29.5,1.0,0.08,110.35,214.66,1103.34,1328.48
Afrosoricida,Tenrecidae,Microgale,thomasi,Microgale thomasi,-999,22.9,-999.0,-999.0,-999.0,-999.0,-999.0,-999.0,-999,-999.0,-999.0,1,-999.0,-999.0,-999.0,-999.0,-999.0,-999.0,-999.0,-999.0,-999.0,-999.0,-999.0,-999.0,-999,1,-999,-999.0,-999.0,-999,2151;2655,-999.0,-999.0,-999.0,-999.0,14411.05,-20.76,-23.1,-21.93,48.0,46.67,47.33,8,42.83,8.0,0.17,183.0,195.84,1359.73,1528.12
Primates,Cebidae,Saimiri,ustus,Saimiri ustus,3,886.47,-999.0,309.99,-999.0,-999.0,-999.0,-999.0,-999,-999.0,-999.0,1,-999.0,-999.0,-999.0,1.02,-999.0,-999.0,-999.0,-999.0,-999.0,-999.0,-999.0,-999.0,-999,2,-999,238.64,-999.0,-999,169;905;1544;1547;1848;2151;2655;2986,-999.0,-999.0,-999.0,-999.0,1699438.17,-1.82,-16.14,-8.98,-50.75,-65.29,-58.02,0,2.61,0.0,0.21,168.78,248.88,1296.11,1528.97
Carnivora,Eupleridae,Galidictis,fasciata,Galidictis fasciata,2,549.99,-999.0,318.31,-999.0,-999.0,-999.0,-999.0,2,-999.0,-999.0,1,-999.0,-999.0,365.0,1.0,1.0,-999.0,-999.0,-999.0,-999.0,2.0,-999.0,-999.0,-999,1,3,-999.0,-999.0,-999,1048;1113;1297;2151;2333;2655,-999.0,-999.0,-999.0,-999.0,87237.59,-14.0,-25.2,-19.6,50.47,46.53,48.5,5,33.5,8.0,0.19,178.59,197.78,1343.86,1610.03
Chiroptera,Hipposideridae,Rhinonicteris,aurantia,Rhinonicteris aurantia,1,8.99,47.74,49.99,-999.0,365.0,-999.0,-999.0,1,-999.0,148.4,1,-999.0,-999.0,-999.0,1.0,1.0,-999.0,2.52,-999.0,-999.0,64.0,451.11,-999.0,-999,2,3,59.99,-999.0,-999,196;631;632;1015;1384;1658;2151;2622;2655;2719;3023,-999.0,-999.0,-999.0,-999.0,888542.65,-11.11,-23.77,-17.44,140.5,115.08,127.79,0,0.56,0.0,0.001421883,59.66,262.27,675.09,1728.81
Rodentia,Sciuridae,Tamias,ruficaudus,Tamias ruficaudus,3,60.06,-999.0,124.26,-999.0,365.0,-999.0,-999.0,4,-999.0,-999.0,2,-999.0,-999.0,-999.0,4.85,1.0,96.0,-999.0,-999.0,-999.0,-999.0,-999.0,1.0,-999,2,2,-999.0,-999.0,-999,227;319;543;1297;1781;2655,-999.0,-999.0,-999.0,-999.0,147756.79,50.52,44.95,47.73,-112.28,-118.08,-115.18,0,5.63,0.0,0.12,52.71,32.81,411.97,685.73
Rodentia,Echimyidae,Heteropsomys,insulans,Heteropsomys insulans,-999,-999.0,-999.0,-999.0,-999.0,-999.0,-999.0,-999.0,-999,-999.0,-999.0,-999,-999.0,-999.0,-999.0,-999.0,-999.0,-999.0,-999.0,-999.0,-999.0,-999.0,-999.0,-999.0,-999,-999,-999,-999.0,-999.0,-999,-999,-999.0,-999.0,-999.0,-999.0,-999.0,-999.0,-999.0,-999.0,-999.0,-999.0,-999.0,-999,-999.0,-999.0,-999.0,-999.0,-999.0,-999.0,-999.0
Chiroptera,Vespertilionidae,Eptesicus,dimissus,Eptesicus dimissus,-999,13.03,41.99,-999.0,-999.0,-999.0,-999.0,-999.0,-999,-999.0,-999.0,1,-999.0,-999.0,-999.0,-999.0,-999.0,-999.0,-999.0,-999.0,-999.0,-999.0,-999.0,-999.0,-999,2,-999,-999.0,-999.0,-999,196;1658;2151;2622;2655,-999.0,-999.0,-999.0,-999.0,18.82,9.44,9.39,9.42,99.21,99.16,99.19,108,108.0,108.0,0.12,154.0,269.0,1551.0,2033.0
Rodentia,Echimyidae,Brotomys,voratus,Brotomys voratus,-999,-999.0,-999.0,-999.0,-999.0,-999.0,-999.0,-999.0,-999,-999.0,-999.0,-999,-999.0,-999.0,-999.0,-999.0,-999.0,-999.0,-999.0,-999.0,-999.0,-999.0,-999.0,-999.0,-999,-999,-999,-999.0,-999.0,-999,-999,-999.0,-999.0,-999.0,-999.0,-999.0,-999.0,-999.0,-999.0,-999.0,-999.0,-999.0,-999,-999.0,-999.0,-999.0,-999.0,-999.0,-999.0,-999.0
Primates,Cebidae,Callithrix,penicillata,Callithrix penicillata,3,339.98,-999.0,-999.0,-999.0,-999.0,-999.0,-999.0,-999,-999.0,-999.0,1,0.01,-999.0,-999.0,2.0,-999.0,-999.0,-999.0,-999.0,-999.0,-999.0,-999.0,5.9,-999,2,-999,-999.0,-999.0,-999,1544;1547;2151;2344;2520;2655;2725;2986,-999.0,-999.0,-999.0,-999.0,1325473.3,-2.32,-23.03,-12.68,-40.15,-52.33,-46.24,1,23.65,1.0,0.07,117.22,219.92,1084.95,1442.42
Artiodactyla,Bovidae,Rupicapra,rupicapra,Rupicapra rupicapra,-999,33266.35,-999.0,-999.0,-999.0,1368.75,-999.0,-999.0,2,-999.0,178.32,1,2.65,2.49,365.0,1.0,-999.0,264.0,2250.0,-999.0,-999.0,-999.0,642.64,1.0,4,1,1,76.04,-999.0,-999,511;543;899;1015;1297;1454;1525;1573;1848;2243;2338;2555;2620;2655;2986,-999.0,1.1,-999.0,-999.0,742756.93,51.33,35.66,43.5,47.08,5.29,26.19,11,105.31,28.0,0.02,60.73,70.03,530.64,695.91
Lagomorpha,Leporidae,Sylvilagus,nuttallii,Sylvilagus nuttallii,-999,801.54,-999.0,324.46,-999.0,-999.0,-999.0,-999.0,1,-999.0,28.24,2,-999.0,-999.0,-999.0,4.79,3.5,-999.0,-999.0,-999.0,86.25,-999.0,102.04,-999.0,-999,2,1,31.26,-999.0,-999,590;596;730;1004;1297;2124;2151;2321;2655;2933,-999.0,-999.0,-999.0,-999.0,2068232.49,50.68,33.68,42.18,-102.58,-123.1,-112.84,0,5.16,0.0,0.08,28.63,61.48,363.82,811.78
Rodentia,Ctenomyidae,Ctenomys,rionegrensis,Ctenomys rionegrensis,-999,-999.0,-999.0,-999.0,-999.0,-999.0,-999.0,-999.0,3,-999.0,-999.0,1,-999.0,-999.0,-999.0,-999.0,-999.0,-999.0,-999.0,-999.0,-999.0,-999.0,-999.0,-999.0,-999,1,1,-999.0,-999.0,-999,2151,-999.0,-999.0,-999.0,-999.0,24759.25,-31.07,-34.19,-32.63,-57.69,-59.43,-58.56,6,35.05,6.5,0.03,89.03,174.28,970.13,1130.67
Rodentia,Sciuridae,Spermophilus,armatus,Spermophilus armatus,-999,306.48,-999.0,219.5,-999.0,-999.0,190.34,307.0,3,-999.0,24.5,2,-999.0,-999.0,-999.0,5.4,1.0,60.0,-999.0,-999.0,4544.01,-999.0,420.91,1.0,-999,1,2,21.43,129.99,-999,730;915;1297;1401;1822;1849;2013;2082;2631;2655;2974,-999.0,-999.0,-999.0,-999.0,176342.04,45.76,38.28,42.02,-108.99,-114.07,-111.53,0,9.42,0.0,0.07,27.61,30.72,354.89,783.62
Rodentia,Muridae,Millardia,meltada,Millardia meltada,-999,67.17,-999.0,-999.0,-999.0,114.06,58.63,67.4,-999,-999.0,20.0,-999,0.000926123,0.001107405,-999.0,5.72,6.89,-999.0,-999.0,-999.0,-999.0,-999.0,75.84,-999.0,-999,-999,-999,-999.0,-999.0,-999,366;456;1297;1822;1849;2329;2655,-999.0,-999.0,-999.0,-999.0,1468438.13,34.29,5.91,20.1,86.1,66.11,76.1,7,290.92,62.0,0.09,81.36,253.37,694.9,1469.64
Rodentia,Octodontidae,Spalacopus,cyanus,Spalacopus cyanus,2,100.86,-999.0,132.78,7.5,-999.0,185.12,106.25,2,-999.0,80.3,2,7.86164e-05,4.03e-05,-999.0,3.14,-999.0,72.0,8.89,56.2,4500.0,-999.0,-999.0,15.0,6,1,1,59.66,46.39,-999,229;230;231;543;740;890;1297;1573;1822;2151;2414;2655;2859,-999.0,-999.0,-999.0,-999.0,76659.01,-26.92,-36.39,-31.66,-69.97,-72.87,-71.42,1,85.11,2.0,0.09,30.41,81.28,246.25,985.05
Rodentia,Aplodontiidae,Aplodontia,rufa,Aplodontia rufa,-999,806.21,-999.0,306.95,-999.0,730.0,414.73,793.0,2,-999.0,30.0,1,0.001352133,0.001686246,-999.0,2.46,1.0,120.0,23.12,-999.0,778.39,-999.0,827.69,-999.0,-999,1,1,58.4,347.0,-999,543;550;1297;1573;1822;1823;1849;1893;2655,-999.0,-999.0,-999.0,-999.0,245595.72,50.14,36.3,43.22,-118.21,-124.73,-121.47,0,39.78,1.0,0.07,80.7,66.19,405.52,800.18
Rodentia,Capromyidae,Hexolobodon,phenax,Hexolobodon phenax,-999,-999.0,-999.0,-999.0,-999.0,-999.0,-999.0,-999.0,-999,-999.0,-999.0,-999,-999.0,-999.0,-999.0,-999.0,-999.0,-999.0,-999.0,-999.0,-999.0,-999.0,-999.0,-999.0,-999,-999,-999,-999.0,-999.0,-999,-999,-999.0,-999.0,-999.0,-999.0,-999.0,-999.0,-999.0,-999.0,-999.0,-999.0,-999.0,-999,-999.0,-999.0,-999.0,-999.0,-999.0,-999.0,-999.0
Primates,Cebidae,Callithrix,chrysoleuca,Callithrix chrysoleuca,3,-999.0,-999.0,-999.0,-999.0,-999.0,-999.0,-999.0,-999,-999.0,-999.0,-999,-999.0,-999.0,-999.0,-999.0,-999.0,-999.0,-999.0,-999.0,-999.0,-999.0,-999.0,-999.0,-999,-999,-999,-999.0,-999.0,-999,2344;2725,-999.0,-999.0,-999.0,-999.0,60733.28,-3.51,-8.03,-5.77,-58.34,-60.52,-59.43,0,0.44,0.0,0.14,170.99,258.62,1453.35,1598.79
Didelphimorphia,Didelphidae,Marmosa,quichua,Marmosa quichua,-999,-999.0,-999.0,-999.0,-999.0,-999.0,-999.0,-999.0,-999,-999.0,-999.0,-999,-999.0,-999.0,-999.0,-999.0,3.0,-999.0,-999.0,-999.0,-999.0,-999.0,-999.0,-999.0,-999,-999,-999,-999.0,-999.0,-999,2151,-999.0,-999.0,-999.0,-999.0,-999.0,-999.0,-999.0,-999.0,-999.0,-999.0,-999.0,-999,-999.0,-999.0,-999.0,-999.0,-999.0,-999.0,-999.0
Chiroptera,Vespertilionidae,Miniopterus,macrocneme,Miniopterus macrocneme,-999,7.53,42.94,-999.0,-999.0,-999.0,-999.0,-999.0,-999,-999.0,-999.0,-999,-999.0,-999.0,-999.0,1.0,-999.0,-999.0,-999.0,-999.0,-999.0,-999.0,-999.0,-999.0,-999,-999,-999,-999.0,-999.0,-999,1621,-999.0,-999.0,-999.0,-999.0,358072.3,-1.95,-22.39,-12.17,169.5,131.08,150.29,1,10.63,2.0,0.13,260.02,221.17,1685.82,1713.28
Rodentia,Echimyidae,Phyllomys,lundi,Phyllomys lundi,-999,-999.0,-999.0,-999.0,-999.0,-999.0,-999.0,-999.0,-999,-999.0,-999.0,-999,-999.0,-999.0,-999.0,-999.0,-999.0,-999.0,-999.0,-999.0,-999.0,-999.0,-999.0,-999.0,-999,-999,-999,-999.0,-999.0,-999,-999,-999.0,-999.0,-999.0,-999.0,-999.0,-999.0,-999.0,-999.0,-999.0,-999.0,-999.0,-999,-999.0,-999.0,-999.0,-999.0,-999.0,-999.0,-999.0
Artiodactyla,Bovidae,Bison,bison,Bison bison,2,624577.07,-999.0,2849.24,-999.0,1095.0,-999.0,-999.0,2,-999.0,283.17,2,47.39,65.71,399.0,0.98,1.0,396.0,20000.0,-999.0,0.28,1000.0,921.77,30.0,-999,1,1,287.32,157500.0,-999,511;543;730;764;899;1297;1404;1525;1573;1848;1962;2655;2718;2957;2986,-999.0,-999.0,-999.0,-999.0,10388.04,44.97,43.65,44.31,-109.99,-111.12,-110.56,0,0.7,0.0,0.08,33.59,-5.35,409.79,742.48
Artiodactyla,Bovidae,Damaliscus,korrigum,Damaliscus korrigum,-999,127194.87,-999.0,-999.0,-999.0,-999.0,-999.0,-999.0,-999,-999.0,-999.0,-999,-999.0,-999.0,-999.0,-999.0,-999.0,150.96,-999.0,-999.0,3.29,-999.0,1094.37,-999.0,2,-999,-999,-999.0,-999.0,-999,869;1525;2620;2693,-999.0,-999.0,-999.0,-999.0,3278531.91,15.28,-10.09,2.59,45.33,-0.003893153,22.66,0,31.15,1.0,0.11,71.46,249.81,824.26,1631.55
Chiroptera,Emballonuridae,Cyttarops,alecto,Cyttarops alecto,1,5.3,47.0,-999.0,-999.0,-999.0,-999.0,-999.0,-999,-999.0,-999.0,1,-999.0,-999.0,-999.0,-999.0,-999.0,-999.0,-999.0,-999.0,-999.0,-999.0,-999.0,-999.0,-999,2,-999,-999.0,-999.0,-999,196;889;1658;2151;2655,-999.0,-999.0,-999.0,-999.0,581976.9,12.55,-5.22,3.66,-47.41,-84.42,-65.92,0,4.07,0.0,0.1,157.02,251.18,1420.81,1663.41
Artiodactyla,Cervidae,Axis,axis,Axis axis,-999,69499.99,-999.0,-999.0,-999.0,-999.0,-999.0,-999.0,-999,-999.0,227.49,-999,0.67,2.67,425.83,1.01,-999.0,249.6,3156.86,-999.0,6.69,-999.0,543.68,-999.0,-999,-999,-999,121.66,-999.0,-999,543;653;730;789;1297;1573;2044;2525;2655;2986;3010,-999.0,1.01,-999.0,-999.0,2041090.04,28.58,5.91,17.25,89.82,73.11,81.46,22,361.47,93.0,0.09,96.14,256.61,814.1,1480.62
Chiroptera,Vespertilionidae,Lasiurus,cinereus,Lasiurus cinereus,-999,27.06,54.4,75.35,12.0,-999.0,16.51,19.9,1,-999.0,57.18,1,-999.0,-999.0,-999.0,1.96,1.0,25.2,5.12,40.8,-999.0,-999.0,-999.0,1.0,-999,2,3,36.41,9.71,55,143;185;399;428;543;657;839;890;1085;1297;1337;1648;1658;1693;2079;2127;2143;2151;2310;2474;2575;2618;2622;2655,-999.0,-999.0,-999.0,-999.0,21759652.98,66.38,-41.16,12.6,-41.89,-159.79,-100.84,0,30.48,0.0,0.07,75.42,115.7,724.23,957.03
Perissodactyla,Rhinocerotidae,Ceratotherium,simum,Ceratotherium simum,2,2285939.43,-999.0,2586.81,-999.0,2463.75,-999.0,-999.0,1,902.99,534.19,1,19.09,19.0,967.25,1.0,-999.0,600.0,48500.0,-999.0,0.47,3.75,2741.23,-999.0,-999,1,1,365.0,274482.35,-999,543;674;730;899;997;1196;1297;1348;1573;1763;2202;2232;2283;2335;2354;2355;2582;2613;2629;2655;2777;2887;2908;3136,-999.0,0.67,-999.0,-999.0,3184467.13,9.74,-29.91,-10.08,39.53,12.96,26.25,0,18.23,0.0,0.11,60.61,216.38,729.59,1458.59
Peramelemorphia,Peramelidae,Echymipera,kalubu,Echymipera kalubu,1,825.16,-999.0,270.27,-999.0,-999.0,343.51,697.5,3,-999.0,13.03,-999,0.01,0.02,120.0,2.07,-999.0,-999.0,-999.0,-999.0,-999.0,-999.0,-999.0,-999.0,8,-999,2,-999.0,-999.0,-999,90;661;955;977;1095;1408;1412;1822;1946;1990;1991;2655,-999.0,1.93,-999.0,-999.0,546845.23,-0.007690093,-10.38,-5.19,152.4,129.71,141.05,1,8.22,1.0,0.15,243.64,237.28,1668.92,1704.05
Primates,Indriidae,Avahi,laniger,Avahi laniger,1,1092.28,-999.0,275.0,-999.0,941.7,-999.0,-999.0,3,-999.0,136.15,2,0.01,0.01,365.0,1.01,1.0,-999.0,-999.0,89.99,84.85,-999.0,-999.0,2.0,2,2,1,149.15,-999.0,-999,208;511;730;1046;1048;1261;1262;1297;1544;1547;1848;2151;2344;2488;2493;2655;2973;2986,-999.0,-999.0,32.97,-999.0,85075.49,-14.08,-25.17,-19.63,50.45,46.57,48.51,5,39.98,8.0,0.18,176.9,197.46,1334.06,1600.05
Rodentia,Muridae,Rattus,simalurensis,Rattus simalurensis,-999,-999.0,-999.0,-999.0,-999.0,-999.0,-999.0,-999.0,-999,-999.0,-999.0,-999,-999.0,-999.0,-999.0,-999.0,-999.0,-999.0,-999.0,-999.0,-999.0,-999.0,-999.0,-999.0,-999,-999,-999,-999.0,-999.0,-999,-999,-999.0,-999.0,-999.0,-999.0,1843.55,2.92,2.05,2.49,96.68,95.69,96.18,38,38.0,38.0,0.05,-999.0,-999.0,-999.0,-999.0
Chiroptera,Rhinolophidae,Rhinolophus,convexus,Rhinolophus convexus,-999,-999.0,-999.0,-999.0,-999.0,-999.0,-999.0,-999.0,-999,-999.0,-999.0,-999,-999.0,-999.0,-999.0,-999.0,-999.0,-999.0,-999.0,-999.0,-999.0,-999.0,-999.0,-999.0,-999,-999,-999,-999.0,-999.0,-999,-999,-999.0,-999.0,-999.0,-999.0,15474.94,20.16,3.75,11.95,102.69,100.94,101.82,12,49.28,12.0,0.11,159.36,225.8,1338.79,1570.07
Chiroptera,Molossidae,Tadarida,brasiliensis,Tadarida brasiliensis,-999,12.61,42.26,41.49,0.0,-999.0,13.44,11.2,1,-999.0,89.99,1,-999.0,-999.0,-999.0,1.11,1.0,180.0,3.19,33.78,-999.0,500500.0,400.26,-999.0,-999,2,3,54.24,11.52,-999,168;185;543;657;671;743;744;943;1006;1297;1334;1487;1507;1658;1685;1703;1705;1820;1948;2038;2143;2151;2209;2215;2606;2622;2655;2753;3022;3023,-999.0,-999.0,-999.0,-999.0,13978029.11,44.2,-41.72,1.23,-37.67,-124.55,-81.11,0,45.59,0.0,0.08,81.68,169.87,834.71,1242.13
Chiroptera,Rhinolophidae,Rhinolophus,shameli,Rhinolophus shameli,-999,9.61,44.49,-999.0,-999.0,-999.0,-999.0,-999.0,1,-999.0,-999.0,1,-999.0,-999.0,-999.0,-999.0,-999.0,-999.0,-999.0,-999.0,-999.0,-999.0,-999.0,-999.0,-999,2,3,-999.0,-999.0,-999,679;1658;2151;2622;2655,-999.0,-999.0,-999.0,-999.0,662383.5,23.45,11.94,17.69,107.53,95.89,101.71,5,69.8,9.0,0.08,141.34,239.25,1109.91,1564.68
Macroscelidea,Macroscelididae,Petrodromus,tetradactylus,Petrodromus tetradactylus,2,201.0,-999.0,192.11,0.0,-999.0,153.92,208.0,6,-999.0,-999.0,2,0.00980236,0.008786317,-999.0,1.0,2.0,-999.0,30.95,92.99,186.01,-999.0,-999.0,1.5,4,1,2,-999.0,-999.0,-999,477;965;1297;1486;1573;1585;1822;1849;1947;2151;2259;2390;2391;2629;2655;3075,-999.0,-999.0,-999.0,-999.0,3981194.83,2.16,-28.67,-13.25,41.39,14.63,28.01,0,31.82,2.0,0.17,101.1,228.83,1027.67,1525.8
Rodentia,Cricetidae,Thomasomys,ladewi,Thomasomys ladewi,-999,77.0,-999.0,-999.0,-999.0,-999.0,-999.0,-999.0,-999,-999.0,-999.0,-999,-999.0,-999.0,-999.0,-999.0,-999.0,-999.0,-999.0,-999.0,-999.0,-999.0,-999.0,-999.0,-999,-999,-999,-999.0,-999.0,-999,2655,-999.0,-999.0,-999.0,-999.0,3831.33,-15.33,-15.91,-15.62,-67.78,-68.57,-68.17,7,33.63,7.0,0.1,85.5,148.7,1121.43,1369.59
Rodentia,Echimyidae,Proechimys,poliopus,Proechimys poliopus,-999,284.99,-999.0,-999.0,-999.0,-999.0,-999.0,-999.0,-999,-999.0,-999.0,-999,-999.0,-999.0,-999.0,-999.0,-999.0,-999.0,-999.0,-999.0,-999.0,-999.0,-999.0,-999.0,-999,-999,-999,-999.0,-999.0,-999,2655,-999.0,-999.0,-999.0,-999.0,55323.21,11.48,8.11,9.8,-71.57,-74.25,-72.91,7,60.84,7.0,0.13,63.84,248.46,1445.07,1837.92
Carnivora,Phocidae,Pusa,hispida,Pusa hispida,2,70963.6,-999.0,1287.15,0.0,-999.0,12813.0,69083.33,6,48.99,270.0,2,-999.0,-999.0,365.0,1.0,-999.0,552.0,4500.0,-999.0,0.95,-999.0,2251.64,-999.0,-999,1,2,45.23,14000.0,-999,367;543;1297;1763;2151;2338;2620;2655;2986,-999.0,1.1,-999.0,-999.0,-999.0,-999.0,-999.0,-999.0,-999.0,-999.0,-999.0,-999,-999.0,-999.0,-999.0,-999.0,-999.0,-999.0,-999.0
Rodentia,Geomyidae,Orthogeomys,matagalpae,Orthogeomys matagalpae,-999,-999.0,-999.0,-999.0,-999.0,-999.0,-999.0,-999.0,3,-999.0,-999.0,2,-999.0,-999.0,-999.0,-999.0,-999.0,-999.0,-999.0,-999.0,-999.0,-999.0,-999.0,-999.0,-999,1,1,-999.0,-999.0,-999,2151,-999.0,-999.0,-999.0,-999.0,3002.2,13.37,12.89,13.13,-85.33,-86.0,-85.67,18,47.79,18.0,0.15,130.99,172.41,1178.9,1526.44
Carnivora,Nandiniidae,Nandinia,binotata,Nandinia binotata,1,2167.2,-999.0,498.51,-999.0,-999.0,809.25,3121.25,2,-999.0,65.35,2,0.55,0.65,182.5,1.84,-999.0,222.0,56.0,-999.0,4.99,-999.0,1015.0,-999.0,4,2,1,63.81,-999.0,-999,367;543;904;1113;1297;1822;2655,-999.0,1.56,-999.0,-999.0,5977079.52,13.95,-21.81,-3.92,39.72,-16.82,11.45,0,45.82,1.0,0.12,130.21,239.97,1214.08,1545.55
Rodentia,Muridae,Micaelamys,namaquensis,Micaelamys namaquensis,1,57.1,-999.0,-999.0,12.0,-999.0,48.13,57.3,-999,-999.0,21.99,-999,-999.0,-999.0,-999.0,3.49,2.0,-999.0,2.5,-999.0,1378.9,-999.0,-999.0,-999.0,-999,-999,-999,27.5,12.5,-999,456;730;1297;1798;1822;1974;1975;2121;2442;2655,-999.0,-999.0,-999.0,-999.0,3334236.98,-13.4,-32.92,-23.16,38.07,13.96,26.01,0,19.5,0.0,0.12,49.06,201.75,624.94,1360.42
Rodentia,Spalacidae,Tachyoryctes,naivashae,Tachyoryctes naivashae,-999,-999.0,-999.0,-999.0,-999.0,-999.0,-999.0,-999.0,-999,-999.0,-999.0,-999,-999.0,-999.0,-999.0,-999.0,-999.0,-999.0,-999.0,-999.0,-999.0,-999.0,-999.0,-999.0,-999,-999,-999,-999.0,-999.0,-999,-999,-999.0,-999.0,-999.0,-999.0,16998.77,-0.6,-1.96,-1.28,37.9,36.07,36.99,15,176.31,15.0,0.17,59.6,194.29,988.2,1569.29
Chiroptera,Phyllostomidae,Vampyressa,nymphaea,Vampyressa nymphaea,-999,69.0,36.5,-999.0,-999.0,-999.0,-999.0,-999.0,-999,-999.0,-999.0,1,-999.0,-999.0,-999.0,0.99,-999.0,-999.0,-999.0,-999.0,-999.0,-999.0,-999.0,-999.0,-999,2,-999,-999.0,-999.0,-999,1297;1658;2151;2622,-999.0,-999.0,-999.0,-999.0,118464.26,12.57,7.07,9.82,-77.23,-84.79,-81.01,2,36.13,3.0,0.1,230.23,249.61,1460.74,1751.05
Primates,Cercopithecidae,Semnopithecus,schistaceus,Semnopithecus schistaceus,-999,-999.0,-999.0,-999.0,-999.0,-999.0,-999.0,-999.0,-999,-999.0,-999.0,-999,-999.0,-999.0,-999.0,-999.0,-999.0,-999.0,-999.0,-999.0,-999.0,-999.0,-999.0,-999.0,-999,-999,-999,-999.0,-999.0,-999,-999,-999.0,-999.0,-999.0,-999.0,39835.34,28.77,27.39,28.08,88.71,84.73,86.72,2,74.47,2.0,0.07,161.15,-26.9,931.88,1143.39
Carnivora,Mustelidae,Martes,americana,Martes americana,2,873.69,-999.0,381.36,36.97,365.0,584.85,885.0,1,-999.0,27.63,1,3.66,3.91,365.0,2.6,-999.0,228.0,31.3,-999.0,0.67,-999.0,456.25,-999.0,4,1,3,45.73,386.78,-999,367;542;543;730;1113;1297;1573;1822;2655;2986,-999.0,1.1,-999.0,-999.0,7620172.14,69.5,36.2,52.85,-53.62,-161.53,-107.58,0,4.32,0.0,0.05,48.46,-26.12,328.07,407.62
Rodentia,Cricetidae,Ellobius,talpinus,Ellobius talpinus,-999,40.0,-999.0,-999.0,-999.0,152.08,-999.0,-999.0,-999,-999.0,26.0,1,-999.0,-999.0,35.0,3.67,4.0,-999.0,-999.0,-999.0,-999.0,-999.0,91.53,-999.0,-999,1,-999,59.99,-999.0,-999,1297;2073;2655,-999.0,-999.0,-999.0,-999.0,3707268.83,58.18,35.83,47.0,88.83,31.19,60.01,0,19.98,1.0,0.01,24.94,47.5,321.71,553.91
Chiroptera,Molossidae,Mops,mops,Mops mops,-999,31.12,45.5,-999.0,-999.0,-999.0,-999.0,-999.0,1,-999.0,-999.0,1,-999.0,-999.0,-999.0,-999.0,-999.0,-999.0,-999.0,-999.0,-999.0,-999.0,-999.0,-999.0,-999,2,3,-999.0,-999.0,-999,196;679;1658;2151;2655;2719,-999.0,-999.0,-999.0,-999.0,239427.42,5.24,-4.47,0.38,114.39,96.97,105.68,2,79.16,5.0,0.12,237.22,246.53,1679.65,1747.48
Diprotodontia,Pseudocheiridae,Pseudochirulus,caroli,Pseudochirulus caroli,-999,456.02,-999.0,310.0,-999.0,-999.0,-999.0,-999.0,2,-999.0,-999.0,1,-999.0,-999.0,-999.0,-999.0,-999.0,-999.0,-999.0,-999.0,-999.0,-999.0,-999.0,-999.0,4,2,1,-999.0,-999.0,-999,975;977;1760;1848;2152;2655,-999.0,-999.0,-999.0,-999.0,38148.52,-3.29,-4.9,-4.1,139.04,135.43,137.23,2,4.88,2.0,0.13,183.77,209.36,1734.52,1777.81
Erinaceomorpha,Erinaceidae,Paraechinus,hypomelas,Paraechinus hypomelas,1,213.0,-999.0,207.62,-999.0,-999.0,-999.0,-999.0,3,-999.0,-999.0,-999,-999.0,-999.0,-999.0,3.74,1.0,-999.0,-999.0,-999.0,-999.0,-999.0,-999.0,-999.0,-999,-999,2,-999.0,-999.0,-999,678;1271;1297;1456;2408;2655,-999.0,-999.0,-999.0,-999.0,2411438.0,45.33,21.64,33.48,76.75,50.16,63.45,0,61.37,1.0,0.15,18.91,149.51,250.44,1143.21
Dasyuromorphia,Dasyuridae,Pseudantechinus,macdonnellensis,Pseudantechinus macdonnellensis,2,36.88,-999.0,-999.0,-999.0,-999.0,27.09,43.0,-999,-999.0,44.72,1,-999.0,-999.0,365.0,5.88,1.0,36.0,0.01,-999.0,-999.0,-999.0,355.43,-999.0,-999,1,-999,97.72,-999.0,-999,543;955;1297;1412;1760;1822;2484;2655,-999.0,-999.0,-999.0,-999.0,881507.53,-17.53,-28.13,-22.83,135.48,113.65,124.56,0,0.07,0.0,0.01,25.14,238.79,349.42,1399.55
Carnivora,Mustelidae,Neovison,macrodon,Neovison macrodon,-999,-999.0,-999.0,-999.0,-999.0,-999.0,-999.0,-999.0,-999,-999.0,-999.0,-999,-999.0,-999.0,-999.0,-999.0,-999.0,-999.0,-999.0,-999.0,-999.0,-999.0,-999.0,-999.0,-999,-999,-999,-999.0,-999.0,-999,-999,-999.0,-999.0,-999.0,-999.0,-999.0,-999.0,-999.0,-999.0,-999.0,-999.0,-999.0,-999,-999.0,-999.0,-999.0,-999.0,-999.0,-999.0,-999.0
Chiroptera,Hipposideridae,Hipposideros,pomona,Hipposideros pomona,-999,6.2,40.5,-999.0,-999.0,-999.0,-999.0,-999.0,1,-999.0,-999.0,1,-999.0,-999.0,-999.0,-999.0,-999.0,-999.0,-999.0,-999.0,-999.0,-999.0,-999.0,-999.0,-999,2,3,-999.0,-999.0,-999,83;196;679;1658;2151;2655,-999.0,-999.0,-999.0,-999.0,3983753.98,28.82,4.16,16.49,121.79,75.45,98.62,1,207.07,9.0,0.08,141.93,213.41,1046.44,1402.51
Cetacea,Delphinidae,Tursiops,truncatus,Tursiops truncatus,-999,281040.55,-999.0,3257.91,-999.0,1825.0,-999.0,-999.0,2,-999.0,365.0,1,52.77,84.99,747.48,0.98,-999.0,552.0,24369.6,1050.0,0.2,7.0,3354.8,10.0,-999,-999,3,544.4,-999.0,-999,5;6;56;146;150;171;172;218;290;382;385;389;538;543;552;712;890;1004;1217;1297;2151;2655,-999.0,0.76,-999.0,-999.0,-999.0,-999.0,-999.0,-999.0,-999.0,-999.0,-999.0,-999,-999.0,-999.0,-999.0,-999.0,-999.0,-999.0,-999.0
Rodentia,Sciuridae,Petaurista,elegans,Petaurista elegans,1,1040.0,-999.0,398.02,-999.0,-999.0,-999.0,-999.0,5,-999.0,-999.0,1,-999.0,-999.0,-999.0,1.0,-999.0,-999.0,-999.0,-999.0,-999.0,-999.0,-999.0,-999.0,-999,2,2,-999.0,-999.0,-999,1297;1971;2152;2655;2844,-999.0,-999.0,-999.0,-999.0,1683514.8,31.4,-8.78,11.31,117.15,79.38,98.27,1,141.13,3.0,0.09,182.18,185.94,1242.52,1484.43
Dasyuromorphia,Dasyuridae,Antechinus,godmani,Antechinus godmani,2,75.74,-999.0,-999.0,-999.0,-999.0,-999.0,-999.0,-999,-999.0,-999.0,1,-999.0,-999.0,365.0,4.58,1.0,-999.0,-999.0,-999.0,5.3,-999.0,374.16,-999.0,-999,1,-999,111.68,-999.0,-999,955;1297;1760;1848;2655,-999.0,-999.0,-999.0,-999.0,3443.22,-17.65,-18.24,-17.94,145.38,144.76,145.07,0,0.5,0.0,-999.0,99.99,209.0,1078.27,1643.23
Rodentia,Cricetidae,Oecomys,flavicans,Oecomys flavicans,-999,73.4,-999.0,-999.0,-999.0,-999.0,-999.0,-999.0,-999,-999.0,-999.0,-999,-999.0,-999.0,-999.0,-999.0,-999.0,-999.0,-999.0,-999.0,-999.0,-999.0,-999.0,-999.0,-999,-999,-999,-999.0,-999.0,-999,2655,-999.0,-999.0,-999.0,-999.0,40871.5,11.14,7.79,9.46,-66.02,-73.04,-69.53,7,176.78,11.0,0.11,99.0,233.69,1363.89,1725.75
Rodentia,Heteromyidae,Liomys,pictus,Liomys pictus,1,43.28,-999.0,114.13,19.0,-999.0,-999.0,-999.0,1,-999.0,25.16,1,-999.0,-999.0,-999.0,3.67,-999.0,-999.0,2.5,-999.0,3922.95,-999.0,111.11,1.0,-999,1,1,25.9,22.5,-999,568;730;884;982;1297;1929;2151;2655,-999.0,-999.0,-999.0,-999.0,441466.95,31.26,15.47,23.37,-91.47,-111.49,-101.48,1,48.55,4.0,0.07,82.44,207.64,884.69,1506.15
Rodentia,Heteromyidae,Liomys,salvini,Liomys salvini,-999,41.99,-999.0,107.97,14.0,-999.0,48.37,44.5,3,-999.0,27.68,1,0.001470548,0.00172044,-999.0,3.69,1.65,-999.0,1.9,-999.0,574.02,-999.0,-999.0,-999.0,-999,1,2,24.81,-999.0,-999,558;730;981;982;1297;1822;1849;2151;2655,-999.0,-999.0,-999.0,-999.0,163721.17,16.45,9.49,12.97,-83.77,-94.04,-88.91,11,104.25,20.0,0.13,152.01,222.04,1246.84,1679.57
Carnivora,Viverridae,Genetta,abyssinica,Genetta abyssinica,-999,1405.48,-999.0,422.85,-999.0,-999.0,-999.0,-999.0,-999,-999.0,-999.0,1,-999.0,-999.0,-999.0,-999.0,-999.0,-999.0,-999.0,-999.0,-999.0,-999.0,-999.0,-999.0,-999,1,-999,-999.0,-999.0,-999,1113;2655,-999.0,-999.0,-999.0,-999.0,418638.21,16.39,9.06,12.72,44.82,36.42,40.62,3,55.58,5.0,0.11,61.18,232.59,689.24,1650.07
Dasyuromorphia,Thylacinidae,Thylacinus,cynocephalus,Thylacinus cynocephalus,2,29999.99,-999.0,-999.0,-999.0,-999.0,-999.0,-999.0,-999,-999.0,-999.0,-999,-999.0,-999.0,365.0,3.0,-999.0,156.0,-999.0,-999.0,-999.0,-999.0,-999.0,-999.0,-999,-999,-999,-999.0,-999.0,-999,543;955;1297;1760;2655,-999.0,1.1,-999.0,-999.0,-999.0,-999.0,-999.0,-999.0,-999.0,-999.0,-999.0,-999,-999.0,-999.0,-999.0,-999.0,-999.0,-999.0,-999.0
Didelphimorphia,Didelphidae,Didelphis,imperfecta,Didelphis imperfecta,-999,-999.0,-999.0,-999.0,-999.0,-999.0,-999.0,-999.0,-999,-999.0,-999.0,-999,-999.0,-999.0,-999.0,-999.0,-999.0,-999.0,-999.0,-999.0,-999.0,-999.0,-999.0,-999.0,-999,-999,-999,-999.0,-999.0,-999,-999,-999.0,-999.0,-999.0,-999.0,142295.28,6.7,2.81,4.75,-60.33,-66.11,-63.22,0,1.04,0.0,0.25,161.83,231.67,1625.85,1677.69
Dasyuromorphia,Dasyuridae,Sminthopsis,boullangerensis,Sminthopsis boullangerensis,-999,-999.0,-999.0,-999.0,-999.0,-999.0,-999.0,-999.0,-999,-999.0,-999.0,-999,-999.0,-999.0,-999.0,-999.0,-999.0,-999.0,-999.0,-999.0,-999.0,-999.0,-999.0,-999.0,-999,-999,-999,-999.0,-999.0,-999,-999,-999.0,-999.0,-999.0,-999.0,29.31,-30.29,-30.35,-30.32,115.21,114.99,115.1,0,0.0,0.0,-999.0,44.0,172.0,381.0,1289.0
Diprotodontia,Pseudocheiridae,Petropseudes,dahli,Petropseudes dahli,-999,1877.03,-999.0,-999.0,-999.0,-999.0,-999.0,-999.0,1,-999.0,-999.0,1,-999.0,-999.0,-999.0,1.0,-999.0,-999.0,-999.0,-999.0,18.0,-999.0,-999.0,-999.0,-999,2,1,-999.0,-999.0,-999,955;1760;1848;2655,-999.0,-999.0,-999.0,-999.0,319548.62,-11.69,-19.86,-15.77,139.63,124.05,131.84,0,0.08,0.0,0.0,68.96,263.53,745.11,1723.03
Carnivora,Otariidae,Zalophus,japonicus,Zalophus japonicus,-999,-999.0,-999.0,-999.0,-999.0,-999.0,-999.0,-999.0,-999,-999.0,-999.0,-999,-999.0,-999.0,-999.0,-999.0,-999.0,-999.0,-999.0,-999.0,-999.0,-999.0,-999.0,-999.0,-999,-999,-999,-999.0,-999.0,-999,-999,-999.0,-999.0,-999.0,-999.0,-999.0,-999.0,-999.0,-999.0,-999.0,-999.0,-999.0,-999,-999.0,-999.0,-999.0,-999.0,-999.0,-999.0,-999.0
Rodentia,Heteromyidae,Heteromys,nelsoni,Heteromys nelsoni,-999,67.55,-999.0,157.62,-999.0,-999.0,-999.0,-999.0,2,-999.0,-999.0,1,-999.0,-999.0,-999.0,-999.0,-999.0,-999.0,-999.0,-999.0,-999.0,-999.0,-999.0,-999.0,-999,1,1,-999.0,-999.0,-999,2151;2472;2655,-999.0,-999.0,-999.0,-999.0,1561.5,15.59,15.03,15.31,-92.19,-92.49,-92.34,53,87.54,53.0,0.07,134.07,217.44,1462.0,1720.0
Chiroptera,Emballonuridae,Emballonura,beccarii,Emballonura beccarii,1,4.31,41.0,-999.0,-999.0,-999.0,-999.0,-999.0,-999,-999.0,-999.0,1,-999.0,-999.0,-999.0,-999.0,-999.0,-999.0,-999.0,-999.0,-999.0,-999.0,-999.0,-999.0,-999,2,-999,-999.0,-999.0,-999,889;1658;2151;2622;2655,-999.0,-999.0,-999.0,-999.0,150538.97,-0.62,-9.91,-5.27,153.01,135.37,144.19,1,13.27,2.0,0.1,312.79,195.68,1662.75,1682.18
Chiroptera,Molossidae,Eumops,auripendulus,Eumops auripendulus,-999,28.49,61.5,-999.0,-999.0,-999.0,-999.0,-999.0,-999,-999.0,-999.0,1,-999.0,-999.0,-999.0,0.98,-999.0,-999.0,-999.0,-999.0,-999.0,-999.0,-999.0,-999.0,-999,2,-999,-999.0,-999.0,-999,196;1297;1658;2151;2622;2655,-999.0,-999.0,-999.0,-999.0,14266279.15,21.62,-31.91,-5.14,-34.79,-95.95,-65.37,0,26.44,0.0,0.11,148.58,236.35,1282.56,1519.3
Carnivora,Procyonidae,Potos,flavus,Potos flavus,1,2441.81,-999.0,509.54,16.95,-999.0,731.33,2157.5,4,160.0,116.8,2,0.22,0.21,365.0,1.11,1.0,348.0,171.84,183.03,34.21,-999.0,858.41,1.0,2,2,2,109.13,-999.0,-999,367;543;730;890;1113;1297;1534;1564;1573;1822;2151;2431;2655,-999.0,-999.0,-999.0,-999.0,12770952.51,23.72,-23.1,0.3,-34.79,-102.55,-68.67,0,25.77,0.0,0.12,153.67,241.49,1306.64,1552.99
Soricomorpha,Soricidae,Crocidura,negligens,Crocidura negligens,-999,-999.0,-999.0,-999.0,-999.0,-999.0,-999.0,-999.0,-999,-999.0,-999.0,-999,-999.0,-999.0,-999.0,-999.0,-999.0,-999.0,-999.0,-999.0,-999.0,-999.0,-999.0,-999.0,-999,-999,-999,-999.0,-999.0,-999,-999,-999.0,-999.0,-999.0,-999.0,-999.0,-999.0,-999.0,-999.0,-999.0,-999.0,-999.0,-999,-999.0,-999.0,-999.0,-999.0,-999.0,-999.0,-999.0
Perissodactyla,Equidae,Equus,grevyi,Equus grevyi,-999,408000.35,-999.0,2700.0,-999.0,1642.5,-999.0,-999.0,1,843.65,406.0,1,-999.0,-999.0,-999.0,1.0,0.5,312.0,39999.99,-999.0,2.27,-999.0,1341.92,-999.0,-999,1,1,271.7,-999.0,-999,127;511;543;619;730;899;1297;2655,-999.0,-999.0,-999.0,-999.0,192991.31,9.57,-1.28,4.14,40.78,35.98,38.38,1,16.08,1.0,0.08,50.35,248.21,808.59,1474.65
Primates,Cercopithecidae,Presbytis,frontata,Presbytis frontata,3,6096.6,-999.0,510.0,-999.0,-999.0,-999.0,-999.0,-999,-999.0,-999.0,-999,-999.0,-999.0,-999.0,-999.0,-999.0,-999.0,-999.0,-999.0,-999.0,-999.0,-999.0,-999.0,-999,-999,-999,-999.0,-999.0,-999,1544;1547;1848;2655,-999.0,-999.0,-999.0,-999.0,203400.02,3.71,-4.18,-0.23,118.99,113.05,116.02,1,24.51,2.0,0.22,249.94,240.76,1674.78,1709.51
Chiroptera,Phyllostomidae,Micronycteris,schmidtorum,Micronycteris schmidtorum,-999,7.73,35.49,-999.0,-999.0,-999.0,-999.0,-999.0,2,-999.0,-999.0,1,-999.0,-999.0,-999.0,-999.0,-999.0,-999.0,-999.0,-999.0,-999.0,-999.0,-999.0,-999.0,-999,2,2,-999.0,-999.0,-999,196;889;1658;2151;2622;2655,-999.0,-999.0,-999.0,-999.0,6440621.09,15.94,-25.48,-4.76,-34.79,-89.36,-62.08,0,33.65,0.0,0.1,161.29,245.72,1359.49,1589.64
Primates,Cebidae,Cebus,libidinosus,Cebus libidinosus,-999,-999.0,-999.0,-999.0,-999.0,-999.0,-999.0,-999.0,-999,-999.0,-999.0,-999,-999.0,-999.0,-999.0,-999.0,-999.0,-999.0,-999.0,-999.0,-999.0,-999.0,-999.0,-999.0,-999,-999,-999,-999.0,-999.0,-999,-999,-999.0,-999.0,-999.0,-999.0,500245.27,-14.16,-21.99,-18.08,-53.13,-61.36,-57.25,0,4.8,1.0,0.14,115.7,244.23,1235.91,1427.81
Carnivora,Mustelidae,Lyncodon,patagonicus,Lyncodon patagonicus,2,225.0,-999.0,323.41,-999.0,-999.0,-999.0,-999.0,-999,-999.0,-999.0,1,-999.0,-999.0,-999.0,-999.0,-999.0,-999.0,-999.0,-999.0,-999.0,-999.0,-999.0,-999.0,6,1,-999,-999.0,-999.0,-999,1113;2655,-999.0,-999.0,-999.0,-999.0,834663.98,-25.91,-51.9,-38.91,-65.39,-72.69,-69.04,0,4.91,0.0,0.11,29.73,100.22,383.03,786.29
Rodentia,Ctenomyidae,Ctenomys,magellanicus,Ctenomys magellanicus,-999,271.44,-999.0,216.0,-999.0,-999.0,-999.0,-999.0,3,-999.0,-999.0,2,-999.0,-999.0,-999.0,-999.0,-999.0,-999.0,-999.0,-999.0,-999.0,-999.0,-999.0,-999.0,-999,1,1,-999.0,-999.0,-999,890;1473;1779;2151;2655,-999.0,-999.0,-999.0,-999.0,106225.77,-43.69,-54.24,-48.96,-65.21,-73.37,-69.29,0,1.3,0.0,0.26,49.16,47.17,362.48,462.54
Chiroptera,Pteropodidae,Thoopterus,nigrescens,Thoopterus nigrescens,-999,66.12,72.33,104.48,-999.0,-999.0,-999.0,-999.0,-999,-999.0,-999.0,1,-999.0,-999.0,-999.0,0.98,-999.0,-999.0,-999.0,-999.0,-999.0,-999.0,-999.0,-999.0,-999,2,-999,-999.0,-999.0,-999,978;1297;1658;2143;2151;2655,-999.0,-999.0,-999.0,-999.0,87948.88,3.74,-2.27,0.73,128.69,119.22,123.95,5,65.39,17.0,0.09,223.65,212.23,1811.05,1878.71
Rodentia,Spalacidae,Spalax,uralensis,Spalax uralensis,-999,-999.0,-999.0,-999.0,-999.0,-999.0,-999.0,-999.0,-999,-999.0,-999.0,-999,-999.0,-999.0,-999.0,-999.0,-999.0,-999.0,-999.0,-999.0,-999.0,-999.0,-999.0,-999.0,-999,-999,-999,-999.0,-999.0,-999,-999,-999.0,-999.0,-999.0,-999.0,31510.94,51.87,48.59,50.23,58.14,53.53,55.83,2,4.64,2.0,-0.02,23.23,39.62,280.76,551.82
Dasyuromorphia,Dasyuridae,Phascogale,tapoatafa,Phascogale tapoatafa,2,192.65,-999.0,-999.0,-999.0,-999.0,123.12,152.0,-999,-999.0,28.15,1,-999.0,-999.0,365.0,6.79,1.0,60.0,-999.0,-999.0,111.0,-999.0,372.69,-999.0,8,1,-999,149.57,18.0,-999,543;955;1297;1412;1760;1822;1848;2031;2655;2667,-999.0,-999.0,-999.0,-999.0,1068122.23,-10.75,-38.39,-24.57,153.63,114.97,134.3,0,14.92,0.0,0.05,75.17,201.88,754.26,1412.9
Cetacea,Ziphiidae,Mesoplodon,stejnegeri,Mesoplodon stejnegeri,-999,4800000.02,-999.0,6090.0,-999.0,-999.0,-999.0,-999.0,-999,-999.0,-999.0,1,-999.0,-999.0,-999.0,-999.0,-999.0,-999.0,-999.0,-999.0,-999.0,-999.0,-999.0,-999.0,-999,-999,-999,-999.0,-999.0,-999,1217;2151;2655,-999.0,-999.0,-999.0,-999.0,-999.0,-999.0,-999.0,-999.0,-999.0,-999.0,-999.0,-999,-999.0,-999.0,-999.0,-999.0,-999.0,-999.0,-999.0
Afrosoricida,Chrysochloridae,Chrysospalax,villosus,Chrysospalax villosus,-999,108.35,-999.0,150.0,-999.0,-999.0,-999.0,-999.0,1,-999.0,-999.0,2,-999.0,-999.0,-999.0,1.93,-999.0,-999.0,-999.0,-999.0,-999.0,-999.0,-999.0,1.0,4,1,3,-999.0,-999.0,-999,948;1297;1339;1455;1848;2131;2629;2655;2786,-999.0,-999.0,-999.0,-999.0,170736.37,-24.52,-31.23,-27.87,32.17,28.5,30.33,7,66.58,8.0,0.11,69.15,165.81,952.11,1194.06
Carnivora,Ursidae,Ursus,thibetanus,Ursus thibetanus,2,99714.19,-999.0,1505.7,7.03,1095.0,-999.0,-999.0,3,912.49,199.92,1,0.7,0.83,365.0,1.5,-999.0,422.0,357.5,-999.0,-999.0,-999.0,1015.0,-999.0,-999,1,1,82.01,-999.0,-999,543;1113;1297;2655,-999.0,1.1,-999.0,-999.0,5348705.49,50.5,6.05,28.27,142.07,62.64,102.35,0,156.32,2.0,0.08,111.63,126.64,861.13,1144.42
Carnivora,Viverridae,Macrogalidia,musschenbroekii,Macrogalidia musschenbroekii,-999,5148.86,-999.0,687.94,-999.0,-999.0,-999.0,-999.0,6,-999.0,-999.0,1,-999.0,-999.0,-999.0,-999.0,-999.0,-999.0,-999.0,-999.0,-999.0,-999.0,-999.0,-999.0,-999,1,2,-999.0,-999.0,-999,679;1113;2655,-999.0,-999.0,-999.0,-999.0,22966.97,0.95,-2.66,-0.85,124.57,119.98,122.28,17,37.15,17.0,0.1,226.87,197.06,1808.68,1890.62
Artiodactyla,Cervidae,Muntiacus,putaoensis,Muntiacus putaoensis,-999,-999.0,-999.0,-999.0,-999.0,-999.0,-999.0,-999.0,-999,-999.0,-999.0,-999,-999.0,-999.0,-999.0,-999.0,-999.0,-999.0,-999.0,-999.0,-999.0,-999.0,-999.0,-999.0,-999,-999,-999,-999.0,-999.0,-999,-999,-999.0,-999.0,-999.0,-999.0,42695.33,27.89,25.55,26.72,98.61,95.97,97.29,1,7.79,1.0,0.05,194.24,142.94,1188.0,1274.6
Lagomorpha,Ochotonidae,Ochotona,dauurica,Ochotona dauurica,-999,131.01,-999.0,180.0,-999.0,365.0,-999.0,-999.0,3,-999.0,30.0,2,-999.0,-999.0,-999.0,5.91,2.25,-999.0,-999.0,-999.0,5490.9,-999.0,94.39,-999.0,-999,1,1,-999.0,-999.0,-999,95;401;1297;1315;2646;2647;2988,-999.0,-999.0,-999.0,-999.0,2972204.68,52.49,33.08,42.78,120.31,88.2,104.26,0,27.87,0.0,0.06,22.8,-2.41,312.59,598.76
Rodentia,Caviidae,Cavia,intermedia,Cavia intermedia,-999,-999.0,-999.0,-999.0,-999.0,-999.0,-999.0,-999.0,-999,-999.0,-999.0,-999,-999.0,-999.0,-999.0,-999.0,-999.0,-999.0,-999.0,-999.0,-999.0,-999.0,-999.0,-999.0,-999,-999,-999,-999.0,-999.0,-999,-999,-999.0,-999.0,-999.0,-999.0,-999.0,-999.0,-999.0,-999.0,-999.0,-999.0,-999.0,-999,-999.0,-999.0,-999.0,-999.0,-999.0,-999.0,-999.0
Cetacea,Ziphiidae,Mesoplodon,mirus,Mesoplodon mirus,-999,2099999.99,-999.0,5179.99,-999.0,-999.0,-999.0,-999.0,-999,-999.0,-999.0,1,-999.0,-999.0,-999.0,0.97,-999.0,-999.0,-999.0,-999.0,-999.0,-999.0,-999.0,-999.0,-999,-999,-999,-999.0,-999.0,-999,1217;1297;2151;2655,-999.0,-999.0,-999.0,-999.0,-999.0,-999.0,-999.0,-999.0,-999.0,-999.0,-999.0,-999,-999.0,-999.0,-999.0,-999.0,-999.0,-999.0,-999.0
Afrosoricida,Tenrecidae,Microgale,drouhardi,Microgale drouhardi,-999,10.5,-999.0,73.49,-999.0,-999.0,-999.0,-999.0,-999,-999.0,-999.0,-999,-999.0,-999.0,-999.0,-999.0,-999.0,-999.0,-999.0,-999.0,-999.0,-999.0,-999.0,-999.0,-999,-999,-999,-999.0,-999.0,-999,1485;2655,-999.0,-999.0,-999.0,-999.0,89926.07,-12.27,-23.07,-17.67,50.48,46.63,48.56,8,34.21,10.0,0.18,175.85,201.02,1353.87,1604.95
Carnivora,Mustelidae,Taxidea,taxus,Taxidea taxus,1,7842.15,-999.0,558.35,35.0,-999.0,1998.0,6525.0,1,365.0,43.8,1,3.44,3.45,365.0,2.76,-999.0,312.0,93.49,-999.0,1.94,-999.0,365.0,-999.0,8,1,3,41.99,-999.0,-999,367;543;730;1113;1135;1297;1573;1822;2338;2620;2655;2986,-999.0,1.1,-999.0,-999.0,8860573.16,60.0,16.89,38.45,-75.25,-128.22,-101.73,0,26.45,0.0,0.06,41.62,91.54,502.3,851.78
Rodentia,Cricetidae,Microtus,felteni,Microtus felteni,-999,-999.0,-999.0,-999.0,-999.0,-999.0,-999.0,-999.0,-999,-999.0,-999.0,-999,-999.0,-999.0,-999.0,-999.0,-999.0,-999.0,-999.0,-999.0,-999.0,-999.0,-999.0,-999.0,-999,-999,-999,-999.0,-999.0,-999,-999,-999.0,-999.0,-999.0,-999.0,14500.07,42.9,40.6,41.75,22.18,20.98,21.58,41,93.78,41.0,0.02,50.81,66.4,531.42,813.69
Rodentia,Sciuridae,Petaurista,xanthotis,Petaurista xanthotis,-999,-999.0,-999.0,-999.0,-999.0,-999.0,-999.0,-999.0,-999,-999.0,-999.0,-999,-999.0,-999.0,-999.0,-999.0,-999.0,-999.0,-999.0,-999.0,-999.0,-999.0,-999.0,-999.0,-999,-999,-999,-999.0,-999.0,-999,-999,-999.0,-999.0,-999.0,-999.0,1473590.1,35.95,21.3,28.63,112.17,95.69,103.93,1,173.38,6.0,0.06,108.41,116.78,906.89,1036.95
Sirenia,Trichechidae,Trichechus,manatus,Trichechus manatus,2,467324.83,-999.0,3494.78,-999.0,-999.0,-999.0,-999.0,6,-999.0,334.58,1,-999.0,-999.0,1003.75,1.22,-999.0,360.0,29636.99,125.0,-999.0,-999.0,1887.88,1.45,2,-999,2,266.74,-999.0,-999,543;890;899;905;1297;1422;2151;2192;2193;2320;2419;2655,-999.0,0.66,-999.0,-999.0,-999.0,-999.0,-999.0,-999.0,-999.0,-999.0,-999.0,-999,-999.0,-999.0,-999.0,-999.0,-999.0,-999.0,-999.0
Rodentia,Spalacidae,Spalax,leucodon,Spalax leucodon,-999,188.67,-999.0,-999.0,-999.0,-999.0,127.74,151.9,4,-999.0,29.18,1,-999.0,-999.0,-999.0,3.24,1.0,54.0,4.99,-999.0,-999.0,1.0,-999.0,1.0,-999,1,2,57.74,-999.0,-999,247;1015;1020;1078;1297;1822;2655,-999.0,-999.0,-999.0,-999.0,714434.38,48.48,38.29,43.38,31.35,15.7,23.52,23,106.2,37.0,-0.01,56.28,87.38,538.93,708.93
Rodentia,Dipodidae,Allactaga,firouzi,Allactaga firouzi,-999,-999.0,-999.0,-999.0,-999.0,-999.0,-999.0,-999.0,-999,-999.0,-999.0,-999,-999.0,-999.0,-999.0,-999.0,-999.0,-999.0,-999.0,-999.0,-999.0,-999.0,-999.0,-999.0,-999,-999,-999,-999.0,-999.0,-999,-999,-999.0,-999.0,-999.0,-999.0,200.77,31.79,31.63,31.71,51.88,51.73,51.81,37,37.0,37.0,0.08,12.0,95.0,345.0,1307.0
Primates,Hylobatidae,Hylobates,klossii,Hylobates klossii,3,5822.29,-999.0,512.79,-999.0,-999.0,-999.0,-999.0,3,-999.0,207.59,1,0.14,0.21,-999.0,1.01,0.42,-999.0,-999.0,-999.0,16.62,-999.0,-999.0,3.0,-999,2,2,-999.0,-999.0,-999,208;610;730;899;1167;1544;1547;1848;2344;2453;2655;2660;2700;2986,-999.0,-999.0,-999.0,-999.0,6044.85,-0.91,-3.34,-2.13,100.47,98.58,99.52,43,55.33,43.0,0.11,340.0,259.0,-999.0,-999.0
Primates,Aotidae,Aotus,nancymaae,Aotus nancymaae,1,791.03,-999.0,-999.0,-999.0,-999.0,-999.0,-999.0,2,-999.0,-999.0,1,-999.0,-999.0,-999.0,1.02,-999.0,-999.0,-999.0,-999.0,28.16,-999.0,-999.0,4.0,-999,2,2,-999.0,-999.0,-999,139;730;1544;1547;2151;2655;2986,-999.0,-999.0,-999.0,-999.0,157985.99,-2.72,-6.47,-4.59,-66.61,-75.95,-71.28,0,1.13,0.0,0.05,228.04,261.24,1531.25,1533.13
Didelphimorphia,Didelphidae,Monodelphis,palliolata,Monodelphis palliolata,-999,-999.0,-999.0,-999.0,-999.0,-999.0,-999.0,-999.0,-999,-999.0,-999.0,-999,-999.0,-999.0,-999.0,-999.0,-999.0,-999.0,-999.0,-999.0,-999.0,-999.0,-999.0,-999.0,-999,-999,-999,-999.0,-999.0,-999,-999,-999.0,-999.0,-999.0,-999.0,-999.0,-999.0,-999.0,-999.0,-999.0,-999.0,-999.0,-999,-999.0,-999.0,-999.0,-999.0,-999.0,-999.0,-999.0
Chiroptera,Phyllostomidae,Lophostoma,schulzi,Lophostoma schulzi,-999,18.02,42.61,-999.0,-999.0,-999.0,-999.0,-999.0,2,-999.0,-999.0,1,-999.0,-999.0,-999.0,-999.0,-999.0,-999.0,-999.0,-999.0,-999.0,-999.0,-999.0,-999.0,-999,2,2,-999.0,-999.0,-999,196;889;1185;1658;2151;2655,-999.0,-999.0,-999.0,-999.0,634752.23,6.0,-1.04,2.47,-50.49,-59.93,-55.21,0,1.87,0.0,0.07,165.59,253.12,1447.72,1704.97
Peramelemorphia,Peramelidae,Perameles,gunnii,Perameles gunnii,2,903.46,-999.0,323.35,32.5,-999.0,-999.0,-999.0,7,-999.0,12.5,2,0.02,0.02,65.0,2.31,3.8,66.0,0.22,13.48,351.56,-999.0,107.64,1.0,8,1,2,59.99,125.19,-999,543;847;955;1015;1070;1219;1297;1760;1926;1987;2577;2655;2682,-999.0,-999.0,-999.0,-999.0,49082.44,-37.12,-43.44,-40.28,148.35,141.53,144.94,0,32.33,1.0,-0.003134083,62.9,114.38,545.05,851.43
Scandentia,Tupaiidae,Dendrogale,melanura,Dendrogale melanura,-999,59.99,-999.0,125.0,-999.0,-999.0,-999.0,-999.0,-999,-999.0,-999.0,2,-999.0,-999.0,-999.0,-999.0,-999.0,-999.0,-999.0,-999.0,-999.0,-999.0,-999.0,-999.0,-999,2,-999,-999.0,-999.0,-999,2152;2655,-999.0,-999.0,-999.0,-999.0,66841.07,7.03,3.52,5.28,118.06,114.14,116.1,3,36.17,3.5,0.25,270.18,237.17,1772.57,1825.19
Chiroptera,Molossidae,Chaerephon,aloysiisabaudiae,Chaerephon aloysiisabaudiae,-999,-999.0,51.0,-999.0,-999.0,-999.0,-999.0,-999.0,-999,-999.0,-999.0,1,-999.0,-999.0,-999.0,-999.0,-999.0,-999.0,-999.0,-999.0,-999.0,-999.0,-999.0,-999.0,-999,2,-999,-999.0,-999.0,-999,1658;2151,19.54,-999.0,-999.0,-999.0,686927.63,9.03,-1.32,3.85,32.53,-3.33,14.59,0,23.06,1.0,0.13,143.46,244.58,1459.3,1577.69
Artiodactyla,Bovidae,Cephalophus,spadix,Cephalophus spadix,1,56857.02,-999.0,1174.48,-999.0,-999.0,-999.0,-999.0,3,-999.0,-999.0,1,-999.0,-999.0,-999.0,-999.0,-999.0,65.04,-999.0,-999.0,-999.0,-999.0,-999.0,-999.0,4,1,1,-999.0,-999.0,-999,511;1525;1848;2655;2693;3046,-999.0,-999.0,-999.0,-999.0,36583.37,-2.6,-9.48,-6.04,38.83,33.33,36.08,8,49.38,11.0,0.16,77.3,222.71,950.45,1534.15
Chiroptera,Vespertilionidae,Lasiurus,minor,Lasiurus minor,-999,-999.0,-999.0,-999.0,-999.0,-999.0,-999.0,-999.0,-999,-999.0,-999.0,-999,-999.0,-999.0,-999.0,-999.0,-999.0,-999.0,-999.0,-999.0,-999.0,-999.0,-999.0,-999.0,-999,-999,-999,-999.0,-999.0,-999,-999,-999.0,-999.0,-999.0,-999.0,83334.5,19.95,17.6,18.77,-65.59,-74.47,-70.03,10,236.47,38.0,0.07,104.87,239.16,1406.39,1578.86
Dasyuromorphia,Dasyuridae,Sminthopsis,longicaudata,Sminthopsis longicaudata,2,18.0,-999.0,95.0,-999.0,-999.0,-999.0,-999.0,2,-999.0,14.21,1,-999.0,-999.0,-999.0,4.24,-999.0,60.0,-999.0,-999.0,-999.0,-999.0,-999.0,-999.0,-999,1,3,-999.0,-999.0,-999,1015;1297;1760;2655,-999.0,-999.0,-999.0,-999.0,1117003.29,-21.89,-29.87,-25.88,134.61,114.98,124.8,0,0.02,0.0,0.25,17.43,209.25,254.13,1284.41
Didelphimorphia,Didelphidae,Marmosops,parvidens,Marmosops parvidens,1,15.0,-999.0,99.13,-999.0,-999.0,-999.0,-999.0,2,-999.0,-999.0,2,-999.0,-999.0,-999.0,4.05,-999.0,-999.0,-999.0,-999.0,14.4,-999.0,-999.0,1.0,7,2,2,-999.0,-999.0,-999,889;890;905;1297;2291;2655,-999.0,-999.0,-999.0,-999.0,-999.0,-999.0,-999.0,-999.0,-999.0,-999.0,-999.0,-999,-999.0,-999.0,-999.0,-999.0,-999.0,-999.0,-999.0
Carnivora,Viverridae,Genetta,piscivora,Genetta piscivora,1,1648.05,-999.0,456.13,-999.0,-999.0,-999.0,-999.0,1,-999.0,-999.0,2,-999.0,-999.0,-999.0,0.96,-999.0,-999.0,-999.0,-999.0,-999.0,-999.0,-999.0,-999.0,-999,1,3,-999.0,-999.0,-999,1113;1297;2655,-999.0,-999.0,-999.0,-999.0,222754.63,3.98,-2.75,0.61,29.3,20.27,24.78,1,18.8,2.0,0.18,144.85,236.26,1521.36,1608.43
Cetacea,Platanistidae,Platanista,gangetica,Platanista gangetica,-999,93481.96,-999.0,-999.0,-999.0,-999.0,-999.0,-999.0,2,-999.0,304.16,1,-999.0,-999.0,-999.0,0.97,-999.0,336.0,-999.0,-999.0,-999.0,-999.0,-999.0,-999.0,-999,-999,3,339.47,-999.0,-999,543;899;1297;2151;2409;2655,-999.0,-999.0,-999.0,-999.0,-999.0,-999.0,-999.0,-999.0,-999.0,-999.0,-999.0,-999,-999.0,-999.0,-999.0,-999.0,-999.0,-999.0,-999.0
Artiodactyla,Bovidae,Ovis,aries,Ovis aries,-999,39097.89,-999.0,1297.23,-999.0,730.0,-999.0,-999.0,2,-999.0,152.54,-999,-999.0,-999.0,365.0,1.19,-999.0,230.04,2376.24,-999.0,-999.0,-999.0,831.62,35.0,-999,-999,1,182.5,17500.0,-999,511;543;899;1052;1068;1297;1525;1577;1594;1848;2555;2655;2986,-999.0,1.1,-999.0,-999.0,-999.0,-999.0,-999.0,-999.0,-999.0,-999.0,-999.0,-999,-999.0,-999.0,-999.0,-999.0,-999.0,-999.0,-999.0
Rodentia,Ctenomyidae,Ctenomys,osvaldoreigi,Ctenomys osvaldoreigi,-999,-999.0,-999.0,-999.0,-999.0,-999.0,-999.0,-999.0,-999,-999.0,-999.0,-999,-999.0,-999.0,-999.0,-999.0,-999.0,-999.0,-999.0,-999.0,-999.0,-999.0,-999.0,-999.0,-999,-999,-999,-999.0,-999.0,-999,-999,-999.0,-999.0,-999.0,-999.0,-999.0,-999.0,-999.0,-999.0,-999.0,-999.0,-999.0,-999,-999.0,-999.0,-999.0,-999.0,-999.0,-999.0,-999.0
Chiroptera,Hipposideridae,Hipposideros,semoni,Hipposideros semoni,-999,14.0,45.5,-999.0,-999.0,-999.0,-999.0,-999.0,-999,-999.0,-999.0,1,-999.0,-999.0,-999.0,-999.0,-999.0,-999.0,-999.0,-999.0,-999.0,-999.0,-999.0,-999.0,-999,2,-999,-999.0,-999.0,-999,1658;2151;2622;2655,-999.0,-999.0,-999.0,-999.0,159686.83,-6.31,-24.85,-15.58,152.03,142.12,147.08,0,5.7,0.0,0.08,132.29,228.49,1065.37,1671.91
Rodentia,Spalacidae,Spalax,ehrenbergi,Spalax ehrenbergi,2,164.35,-999.0,-999.0,-999.0,-999.0,101.55,123.25,-999,54.4,-999.0,1,-999.0,-999.0,-999.0,-999.0,-999.0,-999.0,-999.0,-999.0,-999.0,-999.0,-999.0,1.0,-999,1,-999,-999.0,-999.0,-999,230;247;1822;2130;2357;2655;3140,-999.0,-999.0,-999.0,-999.0,504281.3,37.74,29.03,33.38,43.89,17.83,30.86,1,96.01,1.0,0.15,19.91,189.76,233.32,1281.83
Rodentia,Dasyproctidae,Dasyprocta,mexicana,Dasyprocta mexicana,3,4999.99,-999.0,-999.0,0.0,-999.0,-999.0,-999.0,3,-999.0,-999.0,1,-999.0,-999.0,-999.0,-999.0,-999.0,-999.0,-999.0,-999.0,-999.0,-999.0,-999.0,-999.0,-999,1,1,140.0,-999.0,-999,905;2151;2655,-999.0,-999.0,-999.0,-999.0,70505.63,19.41,16.73,18.07,-92.56,-97.39,-94.97,6,78.32,12.0,0.07,139.62,244.82,1246.28,1570.05
Rodentia,Sciuridae,Spermophilus,fulvus,Spermophilus fulvus,-999,778.38,-999.0,-999.0,-999.0,-999.0,-999.0,-999.0,-999,-999.0,30.41,-999,-999.0,-999.0,-999.0,5.99,1.0,-999.0,-999.0,-999.0,423.39,-999.0,-999.0,-999.0,-999,-999,-999,-999.0,-999.0,-999,730;1297;2655,-999.0,-999.0,-999.0,-999.0,2147696.03,51.67,31.68,41.67,77.47,45.82,61.65,0,17.61,0.0,0.05,16.71,84.2,243.24,736.68
Rodentia,Geomyidae,Thomomys,umbrinus,Thomomys umbrinus,-999,125.56,-999.0,-999.0,-999.0,-999.0,81.0,95.3,3,-999.0,-999.0,2,-999.0,-999.0,-999.0,2.2,-999.0,-999.0,-999.0,-999.0,-999.0,-999.0,-999.0,-999.0,-999,1,1,-999.0,-999.0,-999,1297;1822;2151;2655,-999.0,-999.0,-999.0,-999.0,471470.91,32.86,18.11,25.48,-96.39,-112.28,-104.34,1,71.7,2.0,0.11,46.02,165.04,644.24,1290.79
Primates,Cercopithecidae,Macaca,leonina,Macaca leonina,-999,-999.0,-999.0,-999.0,-999.0,-999.0,-999.0,-999.0,-999,-999.0,-999.0,-999,-999.0,-999.0,-999.0,-999.0,-999.0,-999.0,-999.0,-999.0,-999.0,-999.0,-999.0,-999.0,-999,-999,-999,-999.0,-999.0,-999,-999,-999.0,-999.0,-999.0,-999.0,731087.52,27.19,8.0,17.59,109.3,93.07,101.18,1,132.47,6.0,0.08,168.16,230.04,1142.31,1521.77
Carnivora,Herpestidae,Mungos,mungo,Mungos mungo,3,1260.0,-999.0,362.42,9.97,365.0,-999.0,-999.0,1,-999.0,60.91,1,1.66,2.16,365.0,2.68,2.5,144.0,24.2,99.49,16.98,-999.0,349.33,-999.0,6,1,3,20.88,-999.0,-999,543;730;966;1052;1113;1297;2655,-999.0,-999.0,-999.0,-999.0,15894555.38,17.52,-34.21,-8.34,51.41,-17.53,16.93,0,33.16,1.0,0.13,78.76,238.55,827.93,1543.01
Chiroptera,Hipposideridae,Hipposideros,caffer,Hipposideros caffer,-999,9.46,46.5,54.99,-999.0,730.0,-999.0,-999.0,1,-999.0,139.92,1,-999.0,-999.0,-999.0,0.99,1.0,-999.0,2.79,14.89,-999.0,-999.0,581.78,-999.0,-999,2,3,73.48,-999.0,-999,44;76;196;279;632;1257;1297;1388;1524;1658;1988;2092;2143;2151;2295;2622;2655;2719;2900,-999.0,-999.0,-999.0,-999.0,13549718.44,35.92,-32.97,1.47,52.22,-17.53,17.34,0,39.87,1.0,0.14,88.43,234.64,906.32,1532.23
Rodentia,Nesomyidae,Dendromus,mesomelas,Dendromus mesomelas,1,10.2,-999.0,-999.0,-999.0,-999.0,-999.0,-999.0,-999,-999.0,-999.0,1,-999.0,-999.0,-999.0,3.94,-999.0,39.6,-999.0,-999.0,1753.83,-999.0,-999.0,-999.0,-999,2,-999,-999.0,-999.0,-999,543;730;904;1297;2361;2655,-999.0,-999.0,-999.0,-999.0,3423076.47,5.19,-34.68,-14.74,39.18,18.25,28.72,0,37.27,1.0,0.15,82.63,211.19,913.32,1465.95
Soricomorpha,Soricidae,Sorex,alaskanus,Sorex alaskanus,-999,14.0,-999.0,-999.0,-999.0,-999.0,-999.0,-999.0,-999,-999.0,-999.0,2,-999.0,-999.0,-999.0,-999.0,-999.0,-999.0,-999.0,-999.0,-999.0,-999.0,-999.0,-999.0,-999,1,-999,-999.0,-999.0,-999,626;2655,-999.0,-999.0,-999.0,-999.0,507.45,59.1,58.79,58.95,-136.14,-136.46,-136.3,0,0.0,0.0,-999.0,140.59,-7.81,241.0,239.91
Soricomorpha,Soricidae,Sorex,buchariensis,Sorex buchariensis,-999,-999.0,-999.0,-999.0,-999.0,-999.0,-999.0,-999.0,-999,-999.0,-999.0,-999,-999.0,-999.0,-999.0,-999.0,-999.0,-999.0,-999.0,-999.0,-999.0,-999.0,-999.0,-999.0,-999,-999,-999,-999.0,-999.0,-999,-999,-999.0,-999.0,-999.0,-999.0,41192.77,39.3,37.33,38.32,74.48,71.49,72.99,0,4.71,0.0,0.08,11.17,-97.99,161.47,838.08
Artiodactyla,Suidae,Potamochoerus,larvatus,Potamochoerus larvatus,1,69063.79,-999.0,-999.0,-999.0,-999.0,-999.0,-999.0,7,-999.0,121.73,1,4.47,-999.0,-999.0,2.73,-999.0,-999.0,-999.0,-999.0,0.4,7.2,-999.0,8.0,-999,1,2,-999.0,-999.0,-999,645;1045;1848;2180;2655,-999.0,-999.0,-999.0,-999.0,5892226.64,13.69,-34.44,-10.37,46.08,13.07,29.57,0,40.24,2.0,0.15,86.44,220.05,946.9,1502.66
Dasyuromorphia,Dasyuridae,Dasyurus,viverrinus,Dasyurus viverrinus,2,1101.49,-999.0,333.38,79.0,-999.0,409.5,910.0,4,-999.0,20.5,2,0.33,0.36,365.0,4.7,1.0,81.6,0.01,4.0,19.0,-999.0,372.1,1.0,6,1,2,156.6,402.83,-999,543;955;1052;1297;1412;1531;1760;1822;1848;2483;2484;2655,-999.0,-999.0,-999.0,-999.0,66496.29,-39.58,-43.64,-41.61,148.48,143.83,146.15,0,5.75,0.0,-0.09,71.08,105.05,610.94,778.91
Soricomorpha,Solenodontidae,Solenodon,marcanoi,Solenodon marcanoi,-999,-999.0,-999.0,-999.0,-999.0,-999.0,-999.0,-999.0,-999,-999.0,-999.0,-999,-999.0,-999.0,-999.0,-999.0,-999.0,-999.0,-999.0,-999.0,-999.0,-999.0,-999.0,-999.0,-999,-999,-999,-999.0,-999.0,-999,-999,-999.0,-999.0,-999.0,-999.0,-999.0,-999.0,-999.0,-999.0,-999.0,-999.0,-999.0,-999,-999.0,-999.0,-999.0,-999.0,-999.0,-999.0,-999.0
Lagomorpha,Leporidae,Sylvilagus,bachmani,Sylvilagus bachmani,1,714.53,-999.0,303.78,-999.0,-999.0,-999.0,-999.0,3,-999.0,27.0,2,0.0022227,0.002828355,29.5,3.35,4.5,-999.0,27.25,-999.0,568.0,-999.0,-999.0,-999.0,8,1,1,16.27,-999.0,-999,95;585;586;587;588;596;667;730;1297;2124;2151;2314;2655;3135,-999.0,-999.0,-999.0,-999.0,417293.45,46.18,22.86,34.52,-109.39,-124.56,-116.97,1,78.91,1.0,0.09,45.6,129.2,370.75,1008.33
Rodentia,Spalacidae,Tachyoryctes,annectens,Tachyoryctes annectens,-999,-999.0,-999.0,-999.0,-999.0,-999.0,-999.0,-999.0,-999,-999.0,-999.0,-999,-999.0,-999.0,-999.0,-999.0,-999.0,-999.0,-999.0,-999.0,-999.0,-999.0,-999.0,-999.0,-999,-999,-999,-999.0,-999.0,-999,-999,-999.0,-999.0,-999.0,-999.0,4773.98,-0.14,-0.83,-0.48,36.86,36.05,36.46,77,178.49,77.0,0.17,59.75,141.99,1030.24,1498.24
Primates,Cebidae,Callithrix,melanura,Callithrix melanura,-999,-999.0,-999.0,-999.0,-999.0,-999.0,-999.0,-999.0,-999,-999.0,-999.0,-999,-999.0,-999.0,-999.0,-999.0,-999.0,-999.0,-999.0,-999.0,-999.0,-999.0,-999.0,-999.0,-999,-999,-999,-999.0,-999.0,-999,-999,-999.0,-999.0,-999.0,-999.0,543620.62,-8.59,-19.88,-14.23,-53.2,-65.04,-59.12,0,4.24,0.0,0.22,126.64,243.35,1166.8,1423.6
Rodentia,Echimyidae,Phyllomys,kerri,Phyllomys kerri,-999,-999.0,-999.0,-999.0,-999.0,-999.0,-999.0,-999.0,-999,-999.0,-999.0,-999,-999.0,-999.0,-999.0,-999.0,-999.0,-999.0,-999.0,-999.0,-999.0,-999.0,-999.0,-999.0,-999,-999,-999,-999.0,-999.0,-999,-999,-999.0,-999.0,-999.0,-999.0,-999.0,-999.0,-999.0,-999.0,-999.0,-999.0,-999.0,-999,-999.0,-999.0,-999.0,-999.0,-999.0,-999.0,-999.0
Artiodactyla,Bovidae,Ovis,canadensis,Ovis canadensis,2,74644.87,-999.0,1565.5,-999.0,301.5,22100.0,65000.0,2,-999.0,177.49,1,18.94,15.96,365.0,1.16,-999.0,288.0,4115.85,-999.0,1.48,5.5,761.25,-999.0,2,1,1,130.8,23431.71,-999,543;730;764;1068;1297;1404;1525;1573;1763;1822;1848;2338;2555;2587;2655;2718;2986,-999.0,1.1,-999.0,-999.0,2457850.19,57.15,23.82,40.48,-101.6,-123.9,-112.75,0,7.02,0.0,0.1,27.23,78.78,367.79,825.62
Chiroptera,Molossidae,Mormopterus,kalinowskii,Mormopterus kalinowskii,-999,-999.0,36.5,-999.0,-999.0,-999.0,-999.0,-999.0,-999,-999.0,-999.0,1,-999.0,-999.0,-999.0,-999.0,-999.0,-999.0,-999.0,-999.0,-999.0,-999.0,-999.0,-999.0,-999,2,-999,-999.0,-999.0,-999,1658;2151,7.49,-999.0,-999.0,-999.0,303093.26,-6.33,-20.43,-13.38,-68.75,-79.98,-74.36,0,60.91,0.0,0.07,37.24,74.77,525.54,1297.88
Chiroptera,Hipposideridae,Hipposideros,obscurus,Hipposideros obscurus,-999,9.6,42.5,-999.0,-999.0,-999.0,-999.0,-999.0,1,-999.0,-999.0,1,-999.0,-999.0,-999.0,-999.0,-999.0,-999.0,-999.0,-999.0,-999.0,-999.0,-999.0,-999.0,-999,2,3,-999.0,-999.0,-999,679;1439;1658;2151;2655,-999.0,-999.0,-999.0,-999.0,219776.44,18.65,5.55,12.1,126.6,119.74,123.17,19,240.89,35.0,0.09,199.6,241.24,1471.18,1731.81
Chiroptera,Pteropodidae,Pteropus,keyensis,Pteropus keyensis,-999,-999.0,-999.0,-999.0,-999.0,-999.0,-999.0,-999.0,-999,-999.0,-999.0,-999,-999.0,-999.0,-999.0,-999.0,-999.0,-999.0,-999.0,-999.0,-999.0,-999.0,-999.0,-999.0,-999,-999,-999,-999.0,-999.0,-999,-999,-999.0,-999.0,-999.0,-999.0,3819.09,-7.09,-8.34,-7.72,131.98,130.75,131.37,19,19.0,19.0,0.11,164.0,267.0,-999.0,-999.0
Primates,Galagidae,Galago,granti,Galago granti,-999,-999.0,-999.0,-999.0,-999.0,-999.0,-999.0,-999.0,-999,-999.0,-999.0,-999,-999.0,-999.0,-999.0,-999.0,-999.0,-999.0,-999.0,-999.0,-999.0,-999.0,-999.0,-999.0,-999,-999,-999,-999.0,-999.0,-999,-999,-999.0,-999.0,-999.0,-999.0,586401.64,-7.63,-18.87,-13.25,40.84,34.02,37.43,1,33.04,2.0,0.17,88.48,240.42,949.46,1563.17
Rodentia,Nesomyidae,Steatomys,opimus,Steatomys opimus,1,40.0,-999.0,116.15,-999.0,-999.0,-999.0,-999.0,1,-999.0,-999.0,2,-999.0,-999.0,-999.0,-999.0,-999.0,-999.0,1.55,-999.0,-999.0,-999.0,-999.0,-999.0,-999,1,3,-999.0,-999.0,-999,1078,-999.0,-999.0,-999.0,-999.0,-999.0,-999.0,-999.0,-999.0,-999.0,-999.0,-999.0,-999,-999.0,-999.0,-999.0,-999.0,-999.0,-999.0,-999.0
Chiroptera,Pteropodidae,Syconycteris,carolinae,Syconycteris carolinae,-999,39.67,60.16,-999.0,-999.0,-999.0,-999.0,-999.0,1,-999.0,-999.0,1,-999.0,-999.0,-999.0,-999.0,-999.0,-999.0,-999.0,-999.0,-999.0,-999.0,-999.0,-999.0,-999,2,1,-999.0,-999.0,-999,679;1658;2151;2501;2655,-999.0,-999.0,-999.0,-999.0,20131.34,2.22,-0.92,0.65,128.9,127.28,128.09,5,26.08,5.0,0.04,192.66,250.11,-999.0,-999.0
Soricomorpha,Soricidae,Crocidura,gracilipes,Crocidura gracilipes,-999,6.69,-999.0,-999.0,-999.0,-999.0,-999.0,-999.0,-999,-999.0,-999.0,-999,-999.0,-999.0,-999.0,2.99,-999.0,-999.0,-999.0,-999.0,-999.0,-999.0,-999.0,-999.0,-999,-999,-999,-999.0,-999.0,-999,1297;2655,-999.0,-999.0,-999.0,-999.0,941.78,-2.91,-3.2,-3.06,37.56,37.14,37.35,42,104.32,42.0,0.14,68.99,186.0,867.99,1586.0
Chiroptera,Phyllostomidae,Phyllops,falcatus,Phyllops falcatus,-999,-999.0,41.49,-999.0,-999.0,-999.0,-999.0,-999.0,-999,-999.0,-999.0,1,-999.0,-999.0,-999.0,0.98,-999.0,-999.0,-999.0,-999.0,-999.0,-999.0,-999.0,-999.0,-999,2,-999,-999.0,-999.0,-999,1297;1658;2151,10.82,-999.0,-999.0,-999.0,181669.89,23.19,17.6,20.39,-68.31,-84.95,-76.63,2,150.0,18.0,0.04,104.1,246.56,1361.58,1646.11
Diprotodontia,Phalangeridae,Phalanger,carmelitae,Phalanger carmelitae,1,1820.88,-999.0,407.87,-999.0,-999.0,-999.0,-999.0,5,-999.0,-999.0,1,-999.0,-999.0,-999.0,1.01,-999.0,-999.0,-999.0,-999.0,-999.0,-999.0,-999.0,-999.0,-999,2,2,-999.0,-999.0,-999,661;955;975;977;1093;1297;1760;1848;1991;2655,-999.0,-999.0,-999.0,-999.0,181857.62,-3.63,-10.05,-6.84,149.7,137.55,143.62,1,11.22,2.0,0.12,283.5,198.03,1669.87,1688.4
Rodentia,Caviidae,Hydrochoerus,hydrochaeris,Hydrochoerus hydrochaeris,2,48144.91,-999.0,1208.39,0.0,-999.0,6596.25,26385.0,5,-999.0,150.73,3,0.07,0.1,-999.0,3.49,1.0,144.0,1500.0,-999.0,125.34,-999.0,566.36,10.0,11,2,1,109.75,-999.0,-999,543;597;730;890;905;1297;1327;1822;1845;2048;2151;2348;2655;3125,-999.0,-999.0,-999.0,-999.0,12726191.09,10.4,-38.73,-14.16,-34.79,-77.79,-56.29,0,20.76,0.0,0.11,146.92,237.3,1270.54,1489.67
Rodentia,Muridae,Echiothrix,centrosa,Echiothrix centrosa,-999,-999.0,-999.0,-999.0,-999.0,-999.0,-999.0,-999.0,-999,-999.0,-999.0,-999,-999.0,-999.0,-999.0,-999.0,-999.0,-999.0,-999.0,-999.0,-999.0,-999.0,-999.0,-999.0,-999,-999,-999,-999.0,-999.0,-999,-999,-999.0,-999.0,-999.0,-999.0,-999.0,-999.0,-999.0,-999.0,-999.0,-999.0,-999.0,-999,-999.0,-999.0,-999.0,-999.0,-999.0,-999.0,-999.0
Primates,Pitheciidae,Callicebus,discolor,Callicebus discolor,-999,-999.0,-999.0,-999.0,-999.0,-999.0,-999.0,-999.0,-999,-999.0,-999.0,-999,-999.0,-999.0,-999.0,-999.0,-999.0,-999.0,-999.0,-999.0,-999.0,-999.0,-999.0,-999.0,-999,-999,-999,-999.0,-999.0,-999,-999,-999.0,-999.0,-999.0,-999.0,-999.0,-999.0,-999.0,-999.0,-999.0,-999.0,-999.0,-999,-999.0,-999.0,-999.0,-999.0,-999.0,-999.0,-999.0
Diprotodontia,Potoroidae,Bettongia,lesueur,Bettongia lesueur,1,1447.27,-999.0,-999.0,-999.0,206.45,-999.0,-999.0,-999,-999.0,21.28,-999,-999.0,-999.0,119.5,1.0,3.0,120.0,0.31,-999.0,17.0,-999.0,250.53,-999.0,-999,-999,-999,164.53,303.31,-999,123;955;1297;1760;2655,-999.0,-999.0,-999.0,-999.0,329.35,-20.67,-25.27,-22.97,115.47,113.05,114.26,0,0.0,0.0,-999.0,-999.0,-999.0,-999.0,-999.0
Carnivora,Procyonidae,Procyon,cancrivorus,Procyon cancrivorus,1,6931.72,-999.0,602.86,21.0,-999.0,2779.8,6950.0,6,365.0,69.35,2,-999.0,-999.0,-999.0,2.62,-999.0,168.0,70.0,-999.0,5.74,-999.0,631.37,-999.0,-999,2,2,111.36,-999.0,-999,367;543;730;890;1113;1297;1822;2151;2431;2655,-999.0,-999.0,-999.0,-999.0,12829315.4,12.46,-34.8,-11.16,-34.79,-83.56,-59.17,0,22.53,0.0,0.11,144.34,237.43,1261.87,1488.79
Carnivora,Viverridae,Prionodon,pardicolor,Prionodon pardicolor,1,1142.68,-999.0,353.19,-999.0,-999.0,-999.0,-999.0,6,-999.0,-999.0,1,-999.0,-999.0,182.5,2.0,-999.0,-999.0,-999.0,-999.0,-999.0,-999.0,-999.0,-999.0,-999,1,2,-999.0,-999.0,-999,1113;1297;2655,-999.0,1.56,-999.0,-999.0,1096040.96,28.05,14.76,21.41,109.03,86.78,97.91,1,112.92,7.0,0.09,142.71,182.62,1077.59,1339.43
Rodentia,Ctenomyidae,Ctenomys,goodfellowi,Ctenomys goodfellowi,-999,-999.0,-999.0,-999.0,-999.0,-999.0,-999.0,-999.0,-999,-999.0,-999.0,-999,-999.0,-999.0,-999.0,-999.0,-999.0,-999.0,-999.0,-999.0,-999.0,-999.0,-999.0,-999.0,-999,-999,-999,-999.0,-999.0,-999,-999,-999.0,-999.0,-999.0,-999.0,21761.32,-15.76,-18.09,-16.93,-61.29,-63.06,-62.17,1,7.14,1.0,0.29,87.28,235.24,1194.48,1383.71
Rodentia,Muridae,Acomys,russatus,Acomys russatus,3,42.35,-999.0,111.08,-999.0,-999.0,-999.0,-999.0,-999,-999.0,-999.0,-999,0.000488186,0.000448138,-999.0,2.5,-999.0,-999.0,-999.0,-999.0,3487.07,-999.0,-999.0,-999.0,5,-999,-999,-999.0,-999.0,-999,1297;1542;1765;2593;2655;2978,-999.0,-999.0,-999.0,-999.0,800320.84,33.09,12.59,22.84,48.41,30.59,39.5,0,104.38,1.0,0.18,9.2,214.39,140.58,1406.5
Lagomorpha,Ochotonidae,Ochotona,ladacensis,Ochotona ladacensis,-999,-999.0,-999.0,177.4,-999.0,-999.0,-999.0,-999.0,1,-999.0,-999.0,2,-999.0,-999.0,-999.0,-999.0,-999.0,-999.0,-999.0,-999.0,-999.0,-999.0,-999.0,-999.0,-999,1,1,-999.0,-999.0,-999,401;2647,162.39,-999.0,-999.0,-999.0,726242.14,39.6,32.34,35.97,96.72,76.21,86.47,0,2.87,0.0,0.05,18.63,-61.26,123.04,749.13
Cetacea,Balaenopteridae,Balaenoptera,musculus,Balaenoptera musculus,-999,154321304.5,-999.0,30480.0,-999.0,-999.0,-999.0,-999.0,1,-999.0,326.97,1,-999.0,-999.0,821.25,1.0,0.45,1320.0,2738612.79,7236.55,-999.0,1.0,1959.8,1.25,-999,-999,3,211.71,16999999.97,-999,172;511;543;899;1004;1015;1217;1297;2151;2409;2655,-999.0,-999.0,-999.0,-999.0,-999.0,-999.0,-999.0,-999.0,-999.0,-999.0,-999.0,-999,-999.0,-999.0,-999.0,-999.0,-999.0,-999.0,-999.0
Primates,Cercopithecidae,Papio,hamadryas,Papio hamadryas,3,14007.08,-999.0,675.0,-999.0,1919.9,-999.0,-999.0,2,-999.0,180.0,-999,17.37,-999.0,608.33,1.01,-999.0,450.0,890.0,-999.0,2.1,54.0,1652.37,36.9,-999,-999,1,363.96,3299.79,-999,208;543;730;850;1297;1347;1544;1547;1577;1763;1767;1848;2151;2344;2493;2655;2660;2986;3086,-999.0,0.85,-999.0,-999.0,639689.34,17.42,8.03,12.72,46.73,37.4,42.06,3,66.79,5.0,0.15,45.94,216.13,572.44,1620.73
Chiroptera,Emballonuridae,Emballonura,dianae,Emballonura dianae,1,-999.0,44.49,-999.0,-999.0,-999.0,-999.0,-999.0,-999,-999.0,-999.0,1,-999.0,-999.0,-999.0,-999.0,-999.0,-999.0,-999.0,-999.0,-999.0,-999.0,-999.0,-999.0,-999,2,-999,-999.0,-999.0,-999,889;1658;2151,13.21,-999.0,-999.0,-999.0,75205.95,-2.95,-11.85,-7.4,161.39,141.09,151.24,1,10.51,1.0,0.15,343.56,211.3,1663.23,1663.5
Rodentia,Cricetidae,Peromyscus,madrensis,Peromyscus madrensis,1,-999.0,-999.0,-999.0,-999.0,-999.0,-999.0,-999.0,-999,-999.0,-999.0,-999,-999.0,-999.0,-999.0,2.91,-999.0,-999.0,-999.0,-999.0,-999.0,-999.0,-999.0,-999.0,-999,-999,-999,-999.0,-999.0,-999,1297;2151,-999.0,-999.0,-999.0,-999.0,417.37,21.81,21.25,21.53,-106.2,-106.69,-106.45,7,7.0,7.0,0.0,-999.0,-999.0,-999.0,-999.0
Carnivora,Mustelidae,Meles,anakuma,Meles anakuma,-999,-999.0,-999.0,-999.0,-999.0,-999.0,-999.0,-999.0,-999,-999.0,-999.0,-999,-999.0,-999.0,-999.0,-999.0,-999.0,-999.0,-999.0,-999.0,-999.0,-999.0,-999.0,-999.0,-999,-999,-999,-999.0,-999.0,-999,-999,-999.0,-999.0,-999.0,-999.0,-999.0,-999.0,-999.0,-999.0,-999.0,-999.0,-999.0,-999,-999.0,-999.0,-999.0,-999.0,-999.0,-999.0,-999.0
Rodentia,Sciuridae,Tamias,rufus,Tamias rufus,3,53.6,-999.0,-999.0,31.0,-999.0,-999.0,-999.0,3,-999.0,32.85,2,0.007408495,0.007443216,-999.0,-999.0,1.0,-999.0,-999.0,-999.0,-999.0,-999.0,324.83,4.5,-999,2,1,45.24,-999.0,-999,510;2655,-999.0,-999.0,-999.0,-999.0,142587.25,40.83,36.18,38.51,-106.26,-111.75,-109.0,0,2.46,0.0,0.13,20.81,60.34,368.14,969.87
Primates,Pitheciidae,Callicebus,torquatus,Callicebus torquatus,3,1209.57,-999.0,294.99,-999.0,-999.0,-999.0,-999.0,4,-999.0,-999.0,1,0.11,0.14,-999.0,1.01,-999.0,-999.0,-999.0,-999.0,10.2,-999.0,1683.65,3.85,-999,2,2,121.66,-999.0,-999,208;730;890;1297;1544;1547;1605;1848;2151;2251;2344;2464;2520;2655;2660;2986,-999.0,-999.0,-999.0,-999.0,-999.0,-999.0,-999.0,-999.0,-999.0,-999.0,-999.0,-999,-999.0,-999.0,-999.0,-999.0,-999.0,-999.0,-999.0
Soricomorpha,Soricidae,Sorex,veraepacis,Sorex veraepacis,-999,7.5,-999.0,-999.0,-999.0,-999.0,-999.0,-999.0,-999,-999.0,-999.0,-999,-999.0,-999.0,-999.0,-999.0,-999.0,-999.0,-999.0,-999.0,-999.0,-999.0,-999.0,-999.0,-999,-999,-999,-999.0,-999.0,-999,2655,-999.0,-999.0,-999.0,-999.0,12425.24,16.19,15.37,15.78,-89.91,-91.8,-90.86,10,68.08,10.0,0.16,129.43,208.34,1478.02,1650.31
Chiroptera,Phyllostomidae,Artibeus,incomitatus,Artibeus incomitatus,-999,-999.0,-999.0,-999.0,-999.0,-999.0,-999.0,-999.0,-999,-999.0,-999.0,-999,-999.0,-999.0,-999.0,-999.0,-999.0,-999.0,-999.0,-999.0,-999.0,-999.0,-999.0,-999.0,-999,-999,-999,-999.0,-999.0,-999,-999,-999.0,-999.0,-999.0,-999.0,3.43,9.1,9.09,9.09,-81.54,-81.56,-81.55,7,7.0,7.0,-0.22,-999.0,-999.0,-999.0,-999.0
Primates,Hylobatidae,Hylobates,lar,Hylobates lar,3,5578.61,-999.0,545.0,-999.0,3398.15,-999.0,-999.0,4,-999.0,212.91,-999,0.32,0.46,983.67,1.01,-999.0,480.0,398.86,-999.0,6.6,-999.0,3852.57,3.2,-999,-999,2,725.86,1025.02,-999,208;526;543;610;730;954;1167;1297;1544;1547;1577;1763;1767;1848;2344;2453;2489;2493;2655;2660;2700;2986,-999.0,0.66,-999.0,-999.0,425651.78,25.5,1.87,13.68,103.77,95.49,99.63,3,90.44,10.0,0.08,172.74,229.63,1278.1,1612.26
Dasyuromorphia,Dasyuridae,Ningaui,ridei,Ningaui ridei,2,9.42,-999.0,-999.0,-999.0,-999.0,-999.0,-999.0,-999,-999.0,13.49,1,-999.0,-999.0,365.0,5.99,2.0,24.0,0.004998342,-999.0,-999.0,-999.0,328.8,-999.0,-999,1,-999,90.74,0.7,-999,955;1760;2655,-999.0,-999.0,-999.0,-999.0,2432521.15,-16.7,-31.25,-23.98,147.15,121.2,134.17,0,0.01,0.0,0.04,21.37,214.9,293.85,1328.84
Dasyuromorphia,Dasyuridae,Antechinus,stuartii,Antechinus stuartii,2,29.01,-999.0,-999.0,-999.0,-999.0,34.81,28.1,3,-999.0,28.15,2,0.008782702,0.01,365.0,6.89,1.0,36.0,0.01,-999.0,328.78,-999.0,329.99,-999.0,-999,2,2,89.74,16.0,-999,543;730;796;797;955;966;1297;1412;1573;1577;1760;1762;1822;1848;1912;2483;2484;2574;2655;2997,-999.0,-999.0,-999.0,-999.0,173022.67,-18.1,-35.38,-26.74,153.63,145.23,149.43,0,50.45,0.0,0.08,87.48,168.72,807.98,1290.61
Carnivora,Herpestidae,Rhynchogale,melleri,Rhynchogale melleri,1,2240.33,-999.0,459.59,-999.0,-999.0,-999.0,-999.0,6,-999.0,-999.0,1,-999.0,-999.0,-999.0,2.0,-999.0,-999.0,-999.0,-999.0,-999.0,-999.0,-999.0,-999.0,-999,1,2,-999.0,-999.0,-999,1113;1297;2655,-999.0,-999.0,-999.0,-999.0,2352914.33,-2.64,-27.21,-14.93,39.92,21.54,30.73,1,28.1,2.0,0.18,82.32,221.16,857.91,1474.38
Rodentia,Gliridae,Myomimus,setzeri,Myomimus setzeri,-999,-999.0,-999.0,-999.0,-999.0,-999.0,-999.0,-999.0,-999,-999.0,-999.0,-999,-999.0,-999.0,-999.0,-999.0,-999.0,-999.0,-999.0,-999.0,-999.0,-999.0,-999.0,-999.0,-999,-999,-999,-999.0,-999.0,-999,-999,-999.0,-999.0,-999.0,-999.0,33100.62,34.88,32.35,33.61,48.27,45.82,47.04,26,52.41,26.0,0.1,29.41,148.3,335.74,1243.04
Primates,Indriidae,Propithecus,verreauxi,Propithecus verreauxi,3,3588.26,-999.0,472.49,-999.0,1668.05,670.0,3350.0,3,-999.0,149.77,1,0.03,0.05,365.0,1.02,1.0,247.2,102.65,-999.0,150.0,7.5,943.94,6.3,2,2,1,177.83,-999.0,-999,208;511;543;730;899;1046;1048;1167;1261;1297;1544;1545;1546;1547;1848;2151;2344;2428;2429;2489;2493;2655;2986;3086,-999.0,-999.0,-999.0,-999.0,65373.06,-19.68,-25.58,-22.63,46.68,43.22,44.95,2,14.56,3.0,0.2,58.13,235.37,800.46,1657.27
Rodentia,Ctenodactylidae,Ctenodactylus,gundi,Ctenodactylus gundi,-999,288.41,-999.0,208.0,-999.0,-999.0,-999.0,-999.0,-999,-999.0,65.96,-999,-999.0,-999.0,69.7,2.0,-999.0,-999.0,29.89,-999.0,-999.0,-999.0,169.03,-999.0,-999,-999,-999,-999.0,-999.0,-999,1091;1297;2655,-999.0,2.54,-999.0,-999.0,324162.5,35.56,31.18,33.37,10.96,-5.07,2.94,2,22.34,2.0,0.16,15.84,173.79,259.05,1084.16
Rodentia,Heteromyidae,Dipodomys,californicus,Dipodomys californicus,-999,84.95,-999.0,115.15,-999.0,-999.0,-999.0,-999.0,4,-999.0,-999.0,-999,-999.0,-999.0,-999.0,2.6,2.0,-999.0,-999.0,-999.0,-999.0,-999.0,-999.0,-999.0,6,-999,1,-999.0,-999.0,-999,1297;1570;2655,-999.0,-999.0,-999.0,-999.0,86283.94,42.7,37.81,40.25,-120.36,-123.74,-122.05,0,59.45,1.0,0.04,58.3,96.48,377.7,907.72
Chiroptera,Molossidae,Mops,petersoni,Mops petersoni,-999,-999.0,33.5,-999.0,-999.0,-999.0,-999.0,-999.0,-999,-999.0,-999.0,1,-999.0,-999.0,-999.0,-999.0,-999.0,-999.0,-999.0,-999.0,-999.0,-999.0,-999.0,-999.0,-999,2,-999,-999.0,-999.0,-999,1658;2151,5.86,-999.0,-999.0,-999.0,53738.65,6.87,2.52,4.7,12.53,-1.85,5.33,4,110.92,4.0,0.11,127.67,249.4,1367.95,1557.5
Perissodactyla,Rhinocerotidae,Diceros,bicornis,Diceros bicornis,-999,995940.54,-999.0,2849.99,-999.0,2053.12,-999.0,-999.0,2,-999.0,466.24,1,11.48,13.24,1049.37,1.0,-999.0,564.0,34999.99,-999.0,0.11,1.0,2199.16,1.0,-999,1,1,583.09,426865.48,-999,453;543;674;730;899;997;1053;1297;1349;1573;1594;1622;1623;1763;1894;2335;2494;2629;2655;2687;2962;3105;3136,-999.0,0.64,-999.0,-999.0,11451482.02,13.52,-34.83,-10.65,49.6,-12.45,18.57,0,30.49,1.0,0.12,70.41,225.9,782.26,1502.76
Diprotodontia,Phalangeridae,Phalanger,matabiru,Phalanger matabiru,-999,-999.0,-999.0,-999.0,-999.0,-999.0,-999.0,-999.0,-999,-999.0,-999.0,-999,-999.0,-999.0,-999.0,-999.0,-999.0,-999.0,-999.0,-999.0,-999.0,-999.0,-999.0,-999.0,-999,-999,-999,-999.0,-999.0,-999,-999,-999.0,-999.0,-999.0,-999.0,226.12,0.86,0.62,0.74,127.45,127.28,127.36,72,72.0,72.0,0.12,-999.0,-999.0,-999.0,-999.0
Primates,Cheirogaleidae,Cheirogaleus,ravus,Cheirogaleus ravus,-999,-999.0,-999.0,-999.0,-999.0,-999.0,-999.0,-999.0,-999,-999.0,-999.0,-999,-999.0,-999.0,-999.0,-999.0,-999.0,-999.0,-999.0,-999.0,-999.0,-999.0,-999.0,-999.0,-999,-999,-999,-999.0,-999.0,-999,-999,-999.0,-999.0,-999.0,-999.0,2240.1,-17.45,-18.72,-18.09,49.51,49.1,49.31,28,62.03,28.0,0.16,277.97,222.32,1453.68,1719.12
Chiroptera,Molossidae,Cynomops,planirostris,Cynomops planirostris,-999,12.84,31.5,-999.0,-999.0,-999.0,-999.0,-999.0,1,-999.0,-999.0,1,-999.0,-999.0,-999.0,1.0,-999.0,-999.0,-999.0,-999.0,-999.0,-999.0,-999.0,-999.0,-999,2,3,-999.0,-999.0,-999,196;1297;1658;2151;2622;2655;2719,-999.0,-999.0,-999.0,-999.0,11408256.94,12.46,-29.32,-8.43,-34.79,-80.93,-57.86,0,15.9,0.0,0.11,149.25,243.33,1296.32,1538.29
Rodentia,Sciuridae,Marmota,vancouverensis,Marmota vancouverensis,3,5232.43,-999.0,466.84,-999.0,-999.0,-999.0,-999.0,4,714.87,31.65,2,-999.0,-999.0,-999.0,3.59,-999.0,-999.0,-999.0,-999.0,-999.0,-999.0,1241.53,8.0,-999,1,1,-999.0,-999.0,-999,116;511;899;1297;2105;2655,-999.0,-999.0,-999.0,-999.0,6678.32,49.51,48.38,48.95,-123.75,-125.34,-124.55,1,17.86,1.0,0.12,175.79,64.88,486.0,509.0
Rodentia,Cricetidae,Reithrodontomys,megalotis,Reithrodontomys megalotis,1,10.72,-999.0,69.62,10.75,62.0,22.5,9.0,-999,-999.0,23.5,2,0.001008937,0.001115263,27.6,4.18,4.5,18.0,1.36,-999.0,1152.39,-999.0,87.5,1.0,6,2,-999,20.0,-999.0,-999,384;730;905;925;926;956;957;1215;1297;1822;1849;2439;2655;2888;2978;2980,-999.0,-999.0,-999.0,-999.0,5125874.07,50.61,15.95,33.28,-86.91,-124.56,-105.73,0,30.63,0.0,0.07,40.68,112.44,506.38,964.8
Diprotodontia,Macropodidae,Dendrolagus,ursinus,Dendrolagus ursinus,2,13249.99,-999.0,623.07,-999.0,-999.0,-999.0,-999.0,1,-999.0,-999.0,2,-999.0,-999.0,-999.0,1.01,-999.0,242.4,-999.0,-999.0,-999.0,-999.0,-999.0,-999.0,4,2,1,-999.0,-999.0,-999,511;543;977;1297;1848;1991;2152;2178;2655,-999.0,-999.0,-999.0,-999.0,17925.03,-0.75,-1.51,-1.13,134.29,131.29,132.79,5,6.4,5.0,0.18,216.45,218.9,1723.5,1894.25
Artiodactyla,Bovidae,Kobus,vardonii,Kobus vardonii,2,71462.72,-999.0,1340.0,-999.0,-999.0,-999.0,-999.0,2,-999.0,258.09,1,-999.0,-999.0,365.0,1.0,-999.0,-999.0,5798.07,-999.0,4.78,-999.0,-999.0,5.5,4,1,1,212.91,-999.0,-999,730;869;1297;1763;1848;2629;2655;2693;2986,-999.0,1.1,-999.0,-999.0,1026509.33,-2.73,-18.63,-10.68,37.46,17.41,27.43,1,15.22,2.0,0.15,100.21,222.04,939.18,1482.09
Rodentia,Echimyidae,Lonchothrix,emiliae,Lonchothrix emiliae,1,138.2,-999.0,-999.0,-999.0,-999.0,-999.0,-999.0,-999,-999.0,-999.0,1,-999.0,-999.0,-999.0,-999.0,-999.0,-999.0,-999.0,-999.0,-999.0,-999.0,-999.0,1.0,-999,2,-999,-999.0,-999.0,-999,905;2655,-999.0,-999.0,-999.0,-999.0,380559.19,-1.52,-6.37,-3.94,-51.44,-59.76,-55.6,0,2.69,0.0,0.12,161.06,254.44,1398.13,1600.02
Rodentia,Bathyergidae,Cryptomys,anselli,Cryptomys anselli,-999,85.59,-999.0,-999.0,-999.0,-999.0,-999.0,-999.0,-999,-999.0,-999.0,-999,-999.0,-999.0,-999.0,-999.0,-999.0,-999.0,-999.0,-999.0,-999.0,21.0,-999.0,-999.0,-999,-999,-999,-999.0,-999.0,-999,2557,-999.0,-999.0,-999.0,-999.0,-999.0,-999.0,-999.0,-999.0,-999.0,-999.0,-999.0,-999,-999.0,-999.0,-999.0,-999.0,-999.0,-999.0,-999.0
Rodentia,Heteromyidae,Chaetodipus,spinatus,Chaetodipus spinatus,-999,16.34,-999.0,83.66,-999.0,-999.0,-999.0,-999.0,-999,-999.0,-999.0,-999,-999.0,-999.0,-999.0,3.5,-999.0,-999.0,-999.0,-999.0,-999.0,-999.0,-999.0,-999.0,-999,-999,-999,-999.0,-999.0,-999,1297;1723;2655,-999.0,-999.0,-999.0,-999.0,126559.57,35.34,22.86,29.1,-109.39,-116.76,-113.07,0,13.18,1.0,0.12,12.35,177.58,215.47,1139.44
Chiroptera,Pteropodidae,Pteropus,woodfordi,Pteropus woodfordi,-999,122.67,88.28,141.52,-999.0,-999.0,-999.0,-999.0,-999,-999.0,-999.0,1,-999.0,-999.0,-999.0,-999.0,-999.0,-999.0,-999.0,-999.0,-999.0,-999.0,-999.0,-999.0,-999,2,-999,-999.0,-999.0,-999,1658;2151;2280;2655,-999.0,-999.0,-999.0,-999.0,13791.81,-6.8,-9.94,-8.37,161.39,156.02,158.7,13,13.0,13.0,0.18,196.99,258.68,-999.0,-999.0
Artiodactyla,Bovidae,Redunca,redunca,Redunca redunca,2,43288.95,-999.0,1150.0,-999.0,-999.0,-999.0,-999.0,1,-999.0,228.12,1,-999.0,-999.0,-999.0,1.0,-999.0,216.0,-999.0,-999.0,1.03,-999.0,-999.0,-999.0,4,1,1,-999.0,-999.0,-999,543;730;869;917;1297;1525;1848;2655;2693;2986;3057,-999.0,-999.0,-999.0,-999.0,6462304.59,16.27,-11.83,2.21,41.29,-17.4,11.94,0,45.47,1.0,0.12,91.58,247.37,937.91,1597.01
Cingulata,Dasypodidae,Zaedyus,pichiy,Zaedyus pichiy,-999,1444.76,-999.0,297.5,-999.0,-999.0,396.72,1740.0,3,-999.0,61.27,-999,-999.0,-999.0,-999.0,2.0,-999.0,108.0,105.0,-999.0,-999.0,-999.0,303.29,1.0,-999,-999,2,41.88,-999.0,-999,543;890;1008;1297;1822;1946;2151;2655,-999.0,-999.0,-999.0,-999.0,899460.99,-28.9,-52.89,-40.89,-58.92,-72.39,-65.66,0,11.78,0.0,0.1,32.73,96.22,383.1,740.55
Artiodactyla,Bovidae,Philantomba,monticola,Philantomba monticola,3,4896.05,-999.0,692.3,-999.0,577.91,1806.0,4200.0,3,-999.0,205.0,1,-999.0,-999.0,265.0,0.98,-999.0,144.0,709.41,-999.0,35.98,-999.0,351.59,1.9,4,1,2,27.28,-999.0,-999,200;543;869;904;917;1297;1525;1822;1848;2655;2693;3046,-999.0,1.29,-999.0,-999.0,6552145.69,9.54,-34.44,-12.45,40.52,5.92,23.22,0,33.48,1.0,0.15,118.15,229.51,1145.04,1523.17
Artiodactyla,Cervidae,Mazama,temama,Mazama temama,-999,-999.0,-999.0,-999.0,-999.0,-999.0,-999.0,-999.0,-999,-999.0,-999.0,-999,-999.0,-999.0,-999.0,-999.0,-999.0,-999.0,-999.0,-999.0,-999.0,-999.0,-999.0,-999.0,-999,-999,-999,-999.0,-999.0,-999,-999,-999.0,-999.0,-999.0,-999.0,586111.82,19.88,-0.82,9.53,-76.1,-94.98,-85.54,2,51.9,3.0,0.15,193.45,240.82,1363.79,1649.84
Didelphimorphia,Didelphidae,Micoureus,phaeus,Micoureus phaeus,-999,-999.0,-999.0,137.0,-999.0,-999.0,-999.0,-999.0,-999,-999.0,-999.0,-999,-999.0,-999.0,-999.0,-999.0,-999.0,-999.0,-999.0,-999.0,-999.0,-999.0,-999.0,-999.0,-999,-999,-999,-999.0,-999.0,-999,889,77.01,-999.0,-999.0,-999.0,-999.0,-999.0,-999.0,-999.0,-999.0,-999.0,-999.0,-999,-999.0,-999.0,-999.0,-999.0,-999.0,-999.0,-999.0
Rodentia,Dipodidae,Pygeretmus,pumilio,Pygeretmus pumilio,1,52.24,-999.0,-999.0,-999.0,-999.0,-999.0,-999.0,2,-999.0,27.5,2,0.002441076,0.002290162,-999.0,3.35,1.5,-999.0,-999.0,-999.0,-999.0,-999.0,-999.0,-999.0,-999,1,1,-999.0,-999.0,-999,1297;1573;2151;2655,-999.0,-999.0,-999.0,-999.0,3381878.34,51.92,34.93,43.43,112.18,39.94,76.06,0,11.35,0.0,0.02,18.95,61.22,248.84,634.98
Erinaceomorpha,Erinaceidae,Erinaceus,concolor,Erinaceus concolor,1,665.99,-999.0,231.89,-999.0,-999.0,-999.0,-999.0,8,-999.0,34.99,1,0.01,0.01,-999.0,5.23,1.5,-999.0,17.54,54.99,-999.0,-999.0,199.35,-999.0,10,1,2,41.3,-999.0,-999,678;1271;1297;1456;2408;2566;2655;2786,-999.0,-999.0,-999.0,-999.0,-999.0,-999.0,-999.0,-999.0,-999.0,-999.0,-999.0,-999,-999.0,-999.0,-999.0,-999.0,-999.0,-999.0,-999.0
Rodentia,Calomyscidae,Calomyscus,urartensis,Calomyscus urartensis,-999,-999.0,-999.0,-999.0,-999.0,-999.0,-999.0,-999.0,-999,-999.0,-999.0,-999,-999.0,-999.0,-999.0,-999.0,-999.0,-999.0,-999.0,-999.0,-999.0,-999.0,-999.0,-999.0,-999,-999,-999,-999.0,-999.0,-999,-999,-999.0,-999.0,-999.0,-999.0,5580.24,39.54,38.53,39.04,45.78,45.04,45.41,23,55.42,23.0,0.05,31.81,91.45,436.71,862.15
Carnivora,Viverridae,Genetta,servalina,Genetta servalina,1,1175.84,-999.0,486.39,-999.0,-999.0,-999.0,-999.0,6,-999.0,-999.0,1,-999.0,-999.0,-999.0,1.5,-999.0,-999.0,-999.0,-999.0,-999.0,-999.0,-999.0,-999.0,-999,1,2,-999.0,-999.0,-999,1113;1297;2655,-999.0,-999.0,-999.0,-999.0,3667035.54,6.48,-10.25,-1.88,39.57,8.69,24.13,0,30.75,1.0,0.13,133.53,236.65,1300.84,1551.97
Lagomorpha,Leporidae,Romerolagus,diazi,Romerolagus diazi,2,465.58,-999.0,297.48,6.0,-999.0,-999.0,-999.0,2,-999.0,39.26,2,-999.0,-999.0,-999.0,2.1,-999.0,-999.0,25.86,81.96,30.67,4.5,180.18,3.5,6,1,1,28.71,90.09,-999,95;511;570;571;573;899;1165;1297;1840;2124;2314;2655;2929,-999.0,-999.0,-999.0,-999.0,820.7,19.13,19.0,19.06,-98.77,-99.46,-99.12,779,2060.5,779.0,0.08,67.5,137.5,884.0,1211.0
Diprotodontia,Macropodidae,Thylogale,brunii,Thylogale brunii,-999,-999.0,-999.0,539.59,-999.0,-999.0,-999.0,-999.0,-999,-999.0,-999.0,1,-999.0,-999.0,-999.0,1.0,-999.0,-999.0,-999.0,-999.0,-999.0,-999.0,-999.0,-999.0,4,1,-999,-999.0,-999.0,-999,977;1760;1848;1991;2152,4030.18,-999.0,-999.0,-999.0,28572.95,-5.27,-9.91,-7.59,147.97,132.84,140.4,1,3.92,1.0,0.15,195.33,261.63,1520.98,1645.61
Chiroptera,Vespertilionidae,Neoromicia,guineensis,Neoromicia guineensis,-999,-999.0,28.0,-999.0,-999.0,-999.0,-999.0,-999.0,-999,-999.0,-999.0,1,-999.0,-999.0,-999.0,-999.0,-999.0,-999.0,-999.0,-999.0,-999.0,-999.0,-999.0,-999.0,-999,2,-999,-999.0,-999.0,-999,1658;2151,3.5,-999.0,-999.0,-999.0,3890543.28,14.44,3.45,8.94,47.32,-15.84,15.74,0,31.92,1.0,0.11,85.04,250.26,860.62,1605.48
Rodentia,Bathyergidae,Bathyergus,janetta,Bathyergus janetta,-999,388.69,-999.0,-999.0,15.0,-999.0,217.21,406.0,4,59.99,-999.0,1,-999.0,-999.0,-999.0,3.49,1.75,-999.0,15.39,-999.0,-999.0,-999.0,-999.0,1.0,-999,1,1,27.79,-999.0,-999,245;247;1297;1822;2629;2655,-999.0,-999.0,-999.0,-999.0,33849.47,-28.03,-30.66,-29.34,18.93,16.06,17.5,0,1.65,1.0,0.13,7.72,164.97,189.82,992.93
Primates,Cercopithecidae,Cercopithecus,ascanius,Cercopithecus ascanius,3,3540.24,-999.0,444.99,-999.0,1825.0,-999.0,-999.0,4,-999.0,148.5,-999,0.16,0.26,1580.45,1.01,-999.0,339.6,371.0,-999.0,105.79,34.0,1718.73,26.3,-999,-999,2,146.54,-999.0,-999,208;543;681;730;930;1297;1347;1544;1547;1848;2344;2463;2493;2655;2660;2986,-999.0,0.52,-999.0,-999.0,3012180.23,6.79,-12.21,-2.71,35.34,12.27,23.8,0,30.04,1.0,0.15,131.01,236.61,1302.52,1551.84
Carnivora,Procyonidae,Bassaricyon,lasius,Bassaricyon lasius,1,1200.0,-999.0,-999.0,-999.0,-999.0,-999.0,-999.0,-999,-999.0,-999.0,1,-999.0,-999.0,-999.0,-999.0,-999.0,-999.0,-999.0,-999.0,-999.0,-999.0,-999.0,-999.0,-999,1,-999,-999.0,-999.0,-999,1113;2151;2655,-999.0,-999.0,-999.0,-999.0,3842.65,10.41,9.72,10.06,-83.52,-84.14,-83.83,58,196.05,58.0,0.17,238.21,218.22,1424.04,1755.0
Chiroptera,Emballonuridae,Peropteryx,leucoptera,Peropteryx leucoptera,1,-999.0,44.0,-999.0,-999.0,-999.0,-999.0,-999.0,1,-999.0,-999.0,1,-999.0,-999.0,-999.0,-999.0,-999.0,-999.0,-999.0,-999.0,-999.0,-999.0,-999.0,-999.0,-999,2,3,-999.0,-999.0,-999,889;1658;2151,12.8,-999.0,-999.0,-999.0,4061234.83,6.0,-16.09,-5.04,-34.79,-75.22,-55.0,0,17.59,0.0,0.1,170.26,253.4,1402.32,1611.6
Primates,Cercopithecidae,Macaca,sylvanus,Macaca sylvanus,3,11471.53,-999.0,549.99,-999.0,1746.52,-999.0,-999.0,6,-999.0,164.84,2,2.63,-999.0,431.71,1.02,-999.0,264.0,449.85,-999.0,12.5,18.3,1542.25,18.3,-999,2,2,210.25,2318.27,-999,208;543;704;730;765;766;927;1297;1347;1544;1547;1611;1763;1767;1848;1976;1979;2344;2489;2493;2655;2660;2986,-999.0,1.01,-999.0,-999.0,95331.43,36.92,31.5,34.21,5.67,-6.93,-0.62,11,155.56,21.0,0.09,45.93,147.84,453.11,1163.53
Primates,Cebidae,Cebus,nigritus,Cebus nigritus,-999,-999.0,-999.0,435.0,-999.0,-999.0,-999.0,-999.0,4,-999.0,-999.0,2,1.47,-999.0,-999.0,1.0,-999.0,528.0,-999.0,-999.0,-999.0,-999.0,2134.73,9.1,-999,2,2,-999.0,-999.0,-999,790;1015,2163.58,-999.0,-999.0,-999.0,449987.63,-16.41,-29.8,-23.1,-39.36,-52.43,-45.9,5,108.64,12.0,0.06,126.58,189.75,1199.13,1336.26
Chiroptera,Hipposideridae,Hipposideros,breviceps,Hipposideros breviceps,-999,-999.0,44.49,-999.0,-999.0,-999.0,-999.0,-999.0,1,-999.0,-999.0,1,-999.0,-999.0,-999.0,-999.0,-999.0,-999.0,-999.0,-999.0,-999.0,-999.0,-999.0,-999.0,-999,2,3,-999.0,-999.0,-999,679;1658;2151,13.21,-999.0,-999.0,-999.0,630.6,-2.5,-2.85,-2.68,100.22,99.95,100.08,43,43.0,43.0,0.34,-999.0,-999.0,-999.0,-999.0
Rodentia,Heteromyidae,Perognathus,parvus,Perognathus parvus,2,21.56,-999.0,81.57,-999.0,-999.0,-999.0,-999.0,3,-999.0,23.5,2,0.001580096,0.001847215,-999.0,4.86,2.0,48.0,1.5,-999.0,2738.17,-999.0,341.37,1.0,-999,1,2,21.0,-999.0,-999,730;808;1215;1297;1514;1577;2134;2165;2655;2692;2936,-999.0,-999.0,-999.0,-999.0,922062.88,50.98,35.8,43.39,-109.26,-122.64,-115.95,0,6.23,0.0,0.09,26.55,71.38,301.59,868.48
Primates,Lemuridae,Eulemur,sanfordi,Eulemur sanfordi,2,2394.03,-999.0,-999.0,-999.0,-999.0,-999.0,-999.0,-999,-999.0,-999.0,-999,-999.0,-999.0,-999.0,-999.0,-999.0,-999.0,-999.0,-999.0,-999.0,-999.0,-999.0,7.7,-999,-999,-999,-999.0,-999.0,-999,1546,-999.0,-999.0,-999.0,-999.0,4197.82,-12.25,-13.31,-12.78,49.75,48.89,49.32,9,19.75,9.0,0.17,101.31,251.5,1193.0,1510.0
Primates,Cercopithecidae,Presbytis,potenziani,Presbytis potenziani,3,6449.53,-999.0,510.0,-999.0,-999.0,-999.0,-999.0,-999,-999.0,-999.0,-999,0.12,0.21,-999.0,1.02,-999.0,-999.0,-999.0,-999.0,14.8,-999.0,-999.0,3.7,-999,-999,-999,-999.0,-999.0,-999,741;1015;1544;1547;1848;2344;2655;2660;2986,-999.0,-999.0,-999.0,-999.0,6044.85,-0.91,-3.34,-2.13,100.47,98.58,99.52,43,55.33,43.0,0.11,340.0,259.0,-999.0,-999.0
Artiodactyla,Bovidae,Cephalophus,callipygus,Cephalophus callipygus,3,19079.23,-999.0,1014.28,-999.0,-999.0,-999.0,-999.0,3,-999.0,-999.0,1,0.32,0.3,-999.0,-999.0,-999.0,-999.0,2800.0,-999.0,-999.0,-999.0,-999.0,-999.0,4,1,1,-999.0,-999.0,-999,904;1525;1573;1848;2655;2693;3046,-999.0,-999.0,-999.0,-999.0,788397.64,5.23,-6.05,-0.41,22.7,8.69,15.7,0,12.47,1.0,0.08,150.69,245.14,1312.4,1510.43
Rodentia,Heteromyidae,Dipodomys,deserti,Dipodomys deserti,1,107.63,-999.0,138.11,14.0,-999.0,93.99,104.9,5,-999.0,30.5,2,-999.0,-999.0,-999.0,3.36,2.5,-999.0,4.08,-999.0,160.5,-999.0,50.88,-999.0,6,1,1,24.17,-999.0,-999,303;517;730;808;982;1215;1297;1514;1749;1822;2655,-999.0,-999.0,-999.0,-999.0,308413.93,41.19,28.55,34.87,-111.04,-120.33,-115.68,0,20.22,0.0,0.15,16.06,156.08,243.61,1100.85
Rodentia,Cricetidae,Microtus,thomasi,Microtus thomasi,-999,-999.0,-999.0,-999.0,-999.0,-999.0,-999.0,-999.0,-999,-999.0,-999.0,-999,-999.0,-999.0,-999.0,4.32,-999.0,-999.0,-999.0,-999.0,-999.0,-999.0,-999.0,-999.0,-999,-999,-999,-999.0,-999.0,-999,1297,-999.0,-999.0,-999.0,-999.0,135652.46,43.6,36.38,39.99,24.08,18.11,21.1,24,126.54,31.0,0.005042675,75.94,104.48,550.22,937.54
Chiroptera,Emballonuridae,Emballonura,monticola,Emballonura monticola,1,5.35,44.0,-999.0,-999.0,-999.0,-999.0,-999.0,1,-999.0,-999.0,1,-999.0,-999.0,-999.0,1.0,-999.0,-999.0,-999.0,-999.0,-999.0,-999.0,-999.0,-999.0,-999,2,3,-999.0,-999.0,-999,196;889;1297;1658;2143;2151;2655;2719,-999.0,-999.0,-999.0,-999.0,1495997.23,11.67,-8.78,1.44,125.24,95.18,110.21,1,149.09,4.0,0.12,233.86,246.94,1670.07,1753.66
Didelphimorphia,Didelphidae,Monodelphis,emiliae,Monodelphis emiliae,1,52.33,-999.0,134.28,-999.0,-999.0,-999.0,-999.0,1,-999.0,-999.0,1,-999.0,-999.0,-999.0,-999.0,-999.0,-999.0,-999.0,-999.0,-999.0,-999.0,-999.0,-999.0,-999,1,3,-999.0,-999.0,-999,890;1760;2292;2655,-999.0,-999.0,-999.0,-999.0,959841.81,-1.76,-11.99,-6.87,-49.4,-73.92,-61.66,0,1.7,0.0,0.1,189.57,254.85,1496.95,1593.36
Diprotodontia,Macropodidae,Lagorchestes,conspicillatus,Lagorchestes conspicillatus,-999,2821.01,-999.0,-999.0,-999.0,-999.0,723.2,2260.0,-999,-999.0,31.09,1,-999.0,-999.0,152.54,1.0,-999.0,72.0,-999.0,-999.0,41.99,-999.0,390.88,-999.0,-999,1,-999,204.0,950.0,-999,955;1297;1412;1760;1822;1848;2655,-999.0,1.71,-999.0,-999.0,1933721.5,-13.64,-24.85,-19.24,150.87,115.3,133.08,0,0.54,0.0,0.03,47.21,242.56,582.42,1596.71
Chiroptera,Emballonuridae,Saccolaimus,peli,Saccolaimus peli,1,53.35,89.49,-999.0,-999.0,-999.0,-999.0,-999.0,-999,-999.0,-999.0,1,-999.0,-999.0,-999.0,1.0,-999.0,-999.0,-999.0,-999.0,-999.0,-999.0,-999.0,-999.0,-999,2,-999,-999.0,-999.0,-999,889;1297;1658;2151;2622;2655;3023,-999.0,-999.0,-999.0,-999.0,3800009.52,10.11,-10.13,-0.00892856,36.33,-14.06,11.13,0,45.0,1.0,0.12,146.96,240.77,1326.71,1553.74
Primates,Atelidae,Alouatta,palliata,Alouatta palliata,3,6576.99,-999.0,576.35,-999.0,1382.13,2027.4,4670.0,2,-999.0,185.42,1,0.19,0.31,684.37,1.02,-999.0,300.0,318.29,-999.0,58.99,-999.0,1578.42,13.1,-999,2,1,495.6,1053.75,-999,208;543;702;730;890;905;1297;1544;1547;1577;1763;1767;1822;1848;2128;2151;2344;2489;2493;2655;2660;2986,-999.0,0.8,-999.0,-999.0,559554.92,18.71,-4.8,6.95,-76.77,-95.57,-86.17,2,62.18,4.0,0.13,185.26,237.38,1299.96,1633.87
Primates,Pitheciidae,Callicebus,personatus,Callicebus personatus,3,1390.8,-999.0,362.49,-999.0,-999.0,-999.0,-999.0,4,-999.0,-999.0,1,0.03,0.05,-999.0,1.01,-999.0,-999.0,-999.0,-999.0,13.03,-999.0,-999.0,2.35,-999,2,1,-999.0,-999.0,-999,890;899;1544;1547;1605;1848;2145;2151;2344;2464;2655;2660;2986,-999.0,-999.0,-999.0,-999.0,172664.46,-16.02,-22.48,-19.25,-39.58,-43.08,-41.33,7,47.74,11.0,0.06,107.39,212.34,1204.53,1458.54
Rodentia,Spalacidae,Spalax,judaei,Spalax judaei,-999,-999.0,-999.0,-999.0,-999.0,-999.0,-999.0,-999.0,-999,-999.0,-999.0,-999,-999.0,-999.0,-999.0,-999.0,-999.0,-999.0,-999.0,-999.0,-999.0,-999.0,-999.0,-999.0,-999,-999,-999,-999.0,-999.0,-999,-999,-999.0,-999.0,-999.0,-999.0,-999.0,-999.0,-999.0,-999.0,-999.0,-999.0,-999.0,-999,-999.0,-999.0,-999.0,-999.0,-999.0,-999.0,-999.0
Carnivora,Viverridae,Civettictis,civetta,Civettictis civetta,1,12075.58,-999.0,790.14,1.5,395.41,-999.0,-999.0,6,-999.0,68.4,1,-999.0,-999.0,212.14,2.31,-999.0,336.0,317.3,206.56,-999.0,-999.0,286.24,-999.0,4,1,2,82.91,617.65,-999,543;1113;1297;2655,-999.0,1.44,-999.0,-999.0,14207678.6,17.04,-29.1,-6.02,43.47,-16.94,13.26,0,36.77,1.0,0.14,101.3,237.14,998.88,1537.22
Chiroptera,Pteropodidae,Dobsonia,magna,Dobsonia magna,-999,465.0,148.84,-999.0,-999.0,-999.0,-999.0,-999.0,-999,-999.0,-999.0,-999,-999.0,-999.0,-999.0,-999.0,-999.0,-999.0,-999.0,-999.0,-999.0,550.0,755.15,-999.0,-999,-999,-999,165.0,-999.0,-999,80;196;259;2017,-999.0,-999.0,-999.0,-999.0,512543.88,-0.007690014,-17.83,-8.92,152.49,129.71,141.1,0,6.83,0.0,0.14,229.5,235.52,1524.91,1692.83
Chiroptera,Pteropodidae,Paranyctimene,tenax,Paranyctimene tenax,-999,-999.0,-999.0,-999.0,-999.0,-999.0,-999.0,-999.0,-999,-999.0,-999.0,-999,-999.0,-999.0,-999.0,-999.0,-999.0,-999.0,-999.0,-999.0,-999.0,-999.0,-999.0,-999.0,-999,-999,-999,-999.0,-999.0,-999,-999,-999.0,-999.0,-999.0,-999.0,-999.0,-999.0,-999.0,-999.0,-999.0,-999.0,-999.0,-999,-999.0,-999.0,-999.0,-999.0,-999.0,-999.0,-999.0
Rodentia,Heteromyidae,Chaetodipus,dalquesti,Chaetodipus dalquesti,-999,-999.0,-999.0,-999.0,-999.0,-999.0,-999.0,-999.0,-999,-999.0,-999.0,-999,-999.0,-999.0,-999.0,-999.0,-999.0,-999.0,-999.0,-999.0,-999.0,-999.0,-999.0,-999.0,-999,-999,-999,-999.0,-999.0,-999,-999,-999.0,-999.0,-999.0,-999.0,6751.03,24.08,22.86,23.47,-109.72,-110.92,-110.32,10,12.21,10.0,0.1,19.17,200.62,-999.0,-999.0
Dasyuromorphia,Dasyuridae,Myoictis,melas,Myoictis melas,2,221.77,-999.0,190.92,-999.0,-999.0,-999.0,-999.0,-999,-999.0,-999.0,1,-999.0,-999.0,-999.0,-999.0,-999.0,-999.0,-999.0,-999.0,-999.0,-999.0,-999.0,-999.0,6,1,-999,-999.0,-999.0,-999,977;1760;2152;2655,-999.0,-999.0,-999.0,-999.0,149974.11,-0.007690124,-9.25,-4.62,147.73,130.2,138.97,1,6.26,1.0,0.14,230.66,221.36,1704.86,1735.91
Soricomorpha,Soricidae,Sorex,lyelli,Sorex lyelli,-999,4.99,-999.0,-999.0,-999.0,-999.0,-999.0,-999.0,-999,-999.0,-999.0,-999,-999.0,-999.0,-999.0,-999.0,-999.0,-999.0,-999.0,-999.0,-999.0,-999.0,-999.0,-999.0,-999,-999,-999,-999.0,-999.0,-999,2655,-999.0,-999.0,-999.0,-999.0,44679.75,38.98,36.82,37.9,-118.28,-120.98,-119.63,0,24.01,0.0,0.07,42.61,91.19,339.13,1095.7
Scandentia,Tupaiidae,Tupaia,javanica,Tupaia javanica,-999,-999.0,-999.0,-999.0,-999.0,-999.0,-999.0,-999.0,-999,-999.0,-999.0,-999,-999.0,-999.0,-999.0,2.95,-999.0,-999.0,-999.0,-999.0,-999.0,-999.0,-999.0,-999.0,-999,-999,-999,-999.0,-999.0,-999,1297,-999.0,-999.0,-999.0,-999.0,146194.77,1.53,-8.84,-3.65,115.71,97.05,106.38,35,656.75,36.0,0.06,223.0,242.5,1506.88,1712.16
Afrosoricida,Tenrecidae,Microgale,parvula,Microgale parvula,-999,3.53,-999.0,56.8,-999.0,-999.0,-999.0,-999.0,-999,-999.0,-999.0,2,-999.0,-999.0,-999.0,-999.0,-999.0,-999.0,-999.0,-999.0,-999.0,-999.0,-999.0,-999.0,-999,2,-999,-999.0,-999.0,-999,1485;2151;2655;2723,-999.0,-999.0,-999.0,-999.0,109243.49,-12.29,-25.06,-18.67,50.45,46.53,48.49,6,37.93,8.0,0.18,170.29,200.01,1327.95,1601.02
Chiroptera,Vespertilionidae,Pharotis,imogene,Pharotis imogene,-999,-999.0,37.5,-999.0,-999.0,-999.0,-999.0,-999.0,-999,-999.0,-999.0,1,-999.0,-999.0,-999.0,-999.0,-999.0,-999.0,-999.0,-999.0,-999.0,-999.0,-999.0,-999.0,-999,2,-999,-999.0,-999.0,-999,1658;2151,8.1,-999.0,-999.0,-999.0,439.62,-5.72,-10.02,-7.87,147.85,144.39,146.12,5,22.58,5.0,0.04,283.94,160.39,1581.5,1590.5
Primates,Pitheciidae,Callicebus,brunneus,Callicebus brunneus,3,850.84,-999.0,-999.0,-999.0,-999.0,-999.0,-999.0,-999,-999.0,-999.0,1,0.04,0.06,-999.0,1.02,-999.0,-999.0,-999.0,-999.0,-999.0,-999.0,-999.0,2.5,-999,2,-999,-999.0,-999.0,-999,1544;1547;1605;1633;2145;2151;2344;2655;2986,-999.0,-999.0,-999.0,-999.0,137589.11,-7.82,-12.33,-10.07,-61.45,-65.09,-63.27,0,5.95,1.0,0.44,173.37,244.48,1299.02,1578.08
Primates,Cercopithecidae,Chlorocebus,tantalus,Chlorocebus tantalus,-999,-999.0,-999.0,-999.0,-999.0,-999.0,-999.0,-999.0,-999,-999.0,-999.0,-999,-999.0,-999.0,-999.0,-999.0,-999.0,-999.0,-999.0,-999.0,-999.0,-999.0,-999.0,-999.0,-999,-999,-999,-999.0,-999.0,-999,-999,-999.0,-999.0,-999.0,-999.0,4097933.56,17.07,-2.71,7.17,36.98,-3.3,16.84,0,43.25,1.0,0.11,95.1,254.48,978.09,1632.44
Carnivora,Felidae,Felis,catus,Felis catus,-999,2884.8,-999.0,-999.0,-999.0,-999.0,-999.0,-999.0,-999,-999.0,62.99,-999,1.41,1.52,-999.0,-999.0,-999.0,408.0,113.0,-999.0,3.47,-999.0,296.98,-999.0,-999,-999,-999,-999.0,-999.0,-999,542;543;1573;2338;2620,-999.0,-999.0,-999.0,-999.0,-999.0,-999.0,-999.0,-999.0,-999.0,-999.0,-999.0,-999,-999.0,-999.0,-999.0,-999.0,-999.0,-999.0,-999.0
Rodentia,Echimyidae,Proechimys,oconnelli,Proechimys oconnelli,-999,284.99,-999.0,-999.0,-999.0,-999.0,-999.0,-999.0,-999,-999.0,-999.0,-999,-999.0,-999.0,-999.0,-999.0,-999.0,-999.0,-999.0,-999.0,-999.0,-999.0,-999.0,-999.0,-999,-999,-999,-999.0,-999.0,-999,2655,-999.0,-999.0,-999.0,-999.0,22909.05,4.49,3.39,3.94,-70.89,-73.41,-72.15,0,5.59,0.0,0.04,203.33,254.33,1333.53,1440.2
Rodentia,Sciuridae,Ammospermophilus,nelsoni,Ammospermophilus nelsoni,3,160.42,-999.0,168.38,-999.0,-999.0,-999.0,-999.0,5,-999.0,26.0,2,0.03,0.04,-999.0,8.9,1.0,66.0,4.87,-999.0,-999.0,-999.0,377.57,7.0,14,1,2,29.83,41.0,-999,306;1015;1287;1288;1297;2655;2974,-999.0,-999.0,-999.0,-999.0,4125.09,36.75,34.79,35.77,-119.24,-120.84,-120.04,2,16.93,2.0,0.08,40.84,133.54,333.23,1209.25
Primates,Lemuridae,Varecia,variegata,Varecia variegata,2,3849.99,-999.0,547.35,-999.0,700.8,-999.0,-999.0,4,-999.0,102.5,2,1.39,1.97,365.0,2.16,-999.0,384.0,93.69,83.06,27.83,3.5,701.52,2.8,6,2,1,90.73,-999.0,-999,208;511;543;899;1046;1048;1261;1297;1544;1545;1546;1547;1848;2151;2344;2428;2489;2493;2655;2660;2986;3089,-999.0,1.1,-999.0,-999.0,60508.59,-15.11,-23.26,-19.18,49.83,46.68,48.25,5,45.33,8.0,0.18,188.58,199.0,1351.4,1563.99
Notoryctemorphia,Notoryctidae,Notoryctes,typhlops,Notoryctes typhlops,2,55.0,-999.0,134.59,-999.0,-999.0,-999.0,-999.0,2,-999.0,-999.0,2,-999.0,-999.0,-999.0,1.0,-999.0,18.0,-999.0,-999.0,-999.0,-999.0,-999.0,1.0,2,1,2,-999.0,-999.0,-999,543;955;1412;1760;2151;2655,-999.0,-999.0,-999.0,-999.0,1779880.27,-17.53,-31.43,-24.48,137.56,117.57,127.56,0,0.02,0.0,0.02,21.53,219.0,305.14,1303.48
Cetacea,Delphinidae,Feresa,attenuata,Feresa attenuata,-999,170000.0,-999.0,-999.0,-999.0,-999.0,-999.0,-999.0,-999,-999.0,-999.0,1,-999.0,-999.0,-999.0,1.0,-999.0,-999.0,-999.0,-999.0,-999.0,23.0,-999.0,-999.0,-999,-999,-999,-999.0,-999.0,-999,56;172;1297;2151;2409;2655,-999.0,-999.0,-999.0,-999.0,-999.0,-999.0,-999.0,-999.0,-999.0,-999.0,-999.0,-999,-999.0,-999.0,-999.0,-999.0,-999.0,-999.0,-999.0
Soricomorpha,Nesophontidae,Nesophontes,micrus,Nesophontes micrus,-999,-999.0,-999.0,-999.0,-999.0,-999.0,-999.0,-999.0,-999,-999.0,-999.0,-999,-999.0,-999.0,-999.0,-999.0,-999.0,-999.0,-999.0,-999.0,-999.0,-999.0,-999.0,-999.0,-999,-999,-999,-999.0,-999.0,-999,-999,-999.0,-999.0,-999.0,-999.0,-999.0,-999.0,-999.0,-999.0,-999.0,-999.0,-999.0,-999,-999.0,-999.0,-999.0,-999.0,-999.0,-999.0,-999.0
Rodentia,Cricetidae,Lasiopodomys,mandarinus,Lasiopodomys mandarinus,-999,-999.0,-999.0,-999.0,-999.0,-999.0,-999.0,-999.0,-999,-999.0,-999.0,-999,-999.0,-999.0,-999.0,-999.0,-999.0,-999.0,-999.0,-999.0,-999.0,-999.0,-999.0,-999.0,-999,-999,-999,-999.0,-999.0,-999,-999,-999.0,-999.0,-999.0,-999.0,2751682.89,51.55,31.37,41.46,129.12,102.32,115.72,0,178.34,1.0,0.05,37.73,49.6,482.44,686.67
Artiodactyla,Cervidae,Axis,porcinus,Axis porcinus,-999,37448.29,-999.0,-999.0,-999.0,-999.0,-999.0,-999.0,3,-999.0,220.13,-999,0.52,-999.0,-999.0,1.0,-999.0,240.0,2483.33,-999.0,16.5,-999.0,464.04,1.8,-999,-999,1,-999.0,-999.0,-999,543;653;730;789;1297;2655;2986;3010,-999.0,-999.0,-999.0,-999.0,2017514.05,32.58,8.55,20.57,107.57,67.83,87.7,0,144.43,6.0,0.09,136.98,213.51,979.62,1418.55
Chiroptera,Phyllostomidae,Mimon,koepckeae,Mimon koepckeae,-999,-999.0,-999.0,-999.0,-999.0,-999.0,-999.0,-999.0,-999,-999.0,-999.0,-999,-999.0,-999.0,-999.0,-999.0,-999.0,-999.0,-999.0,-999.0,-999.0,-999.0,-999.0,-999.0,-999,-999,-999,-999.0,-999.0,-999,-999,-999.0,-999.0,-999.0,-999.0,113389.51,-8.32,-13.67,-10.99,-72.44,-77.18,-74.81,2,17.57,2.0,0.07,115.61,171.04,1057.38,1444.39
Rodentia,Capromyidae,Mesocapromys,melanurus,Mesocapromys melanurus,-999,-999.0,-999.0,-999.0,-999.0,-999.0,-999.0,-999.0,3,-999.0,-999.0,1,-999.0,-999.0,222.0,1.75,-999.0,-999.0,-999.0,-999.0,-999.0,-999.0,-999.0,-999.0,-999,2,2,6.22,-999.0,-999,1297;2151,-999.0,1.41,-999.0,-999.0,24599.31,21.34,19.82,20.58,-75.47,-77.73,-76.6,43,116.44,43.0,0.01,88.48,256.48,1272.25,1761.11
Primates,Hylobatidae,Nomascus,concolor,Nomascus concolor,3,6410.47,-999.0,545.0,-999.0,3285.0,-999.0,-999.0,5,-999.0,205.81,1,1.05,1.5,821.25,1.01,-999.0,529.2,-999.0,-999.0,6.17,-999.0,2454.24,4.0,-999,2,2,635.13,-999.0,-999,543;1015;1297;1489;1544;1547;1733;1848;2344;2655;2660;2986,-999.0,0.73,-999.0,-999.0,191956.23,25.32,20.09,22.7,107.98,98.95,103.47,9,167.56,17.0,0.08,119.62,172.93,1062.28,1242.12
Carnivora,Canidae,Otocyon,megalotis,Otocyon megalotis,2,4098.12,-999.0,537.63,-999.0,-999.0,-999.0,-999.0,1,255.0,67.54,1,1.13,1.36,182.5,4.0,2.0,165.6,120.7,-999.0,1.18,-999.0,420.91,-999.0,4,1,3,42.46,-999.0,-999,543;730;966;1113;1297;1573;2655,-999.0,-999.0,-999.0,-999.0,5001822.67,9.64,-34.83,-12.59,50.65,12.44,31.54,0,24.86,0.0,0.11,45.84,210.08,622.96,1449.36
Chiroptera,Hipposideridae,Hipposideros,dyacorum,Hipposideros dyacorum,-999,-999.0,40.5,-999.0,-999.0,-999.0,-999.0,-999.0,1,-999.0,-999.0,1,-999.0,-999.0,-999.0,-999.0,-999.0,-999.0,-999.0,-999.0,-999.0,-999.0,-999.0,-999.0,-999,2,3,-999.0,-999.0,-999,679;1658;2151,10.09,-999.0,-999.0,-999.0,343384.42,6.38,-1.0,2.69,117.85,101.77,109.81,1,14.27,3.0,0.18,275.18,232.75,1683.26,1699.53
Chiroptera,Hipposideridae,Hipposideros,ruber,Hipposideros ruber,-999,10.61,49.55,-999.0,-999.0,-999.0,-999.0,-999.0,-999,-999.0,92.54,1,-999.0,-999.0,-999.0,1.0,-999.0,-999.0,-999.0,-999.0,-999.0,-999.0,-999.0,-999.0,-999,2,-999,-999.0,-999.0,-999,76;196;1257;1297;1524;1658;2151;2399;2655,-999.0,-999.0,-999.0,-999.0,6919468.79,12.93,-11.62,0.65,42.42,-15.51,13.45,0,47.2,1.0,0.13,122.62,233.6,1174.67,1540.64
Diprotodontia,Phalangeridae,Wyulda,squamicaudata,Wyulda squamicaudata,1,1799.21,-999.0,-999.0,-999.0,-999.0,-999.0,-999.0,1,-999.0,-999.0,2,-999.0,-999.0,365.0,1.01,1.0,72.0,-999.0,-999.0,345.0,-999.0,834.72,-999.0,-999,2,1,240.97,-999.0,-999,543;955;1297;1760;1848;2644;2655,-999.0,-999.0,-999.0,-999.0,39625.83,-14.22,-17.58,-15.9,126.05,123.42,124.73,0,0.0,0.0,-999.0,80.16,280.76,779.27,1753.69
Lagomorpha,Leporidae,Bunolagus,monticularis,Bunolagus monticularis,1,1750.01,-999.0,430.0,-999.0,-999.0,-999.0,-999.0,3,-999.0,-999.0,-999,0.14,0.15,-999.0,1.22,-999.0,-999.0,42.42,-999.0,-999.0,1.0,-999.0,-999.0,-999,-999,1,-999.0,-999.0,-999,95;899;1297;1601;2655,-999.0,-999.0,-999.0,-999.0,37052.01,-30.69,-32.45,-31.57,22.61,19.75,21.18,0,0.71,0.0,0.06,14.27,156.15,259.38,939.53
Artiodactyla,Bovidae,Gazella,gazella,Gazella gazella,2,21306.83,-999.0,1012.85,0.0,547.5,-999.0,-999.0,3,182.5,180.0,1,1.46,1.37,228.12,1.22,-999.0,219.0,2124.99,-999.0,0.4,-999.0,485.11,7.2,-999,1,1,86.17,-999.0,-999,511;543;856;1065;1208;1297;1525;1554;1573;1848;1985;2655,-999.0,1.39,-999.0,-999.0,1151478.67,34.39,12.59,23.49,59.83,34.37,47.1,0,48.74,0.0,0.19,11.17,226.59,180.3,1399.5
Rodentia,Erethizontidae,Erethizon,dorsatum,Erethizon dorsatum,1,7419.46,-999.0,837.5,0.0,-999.0,-999.0,-999.0,6,1048.39,210.99,2,0.1,0.11,-999.0,1.0,-999.0,216.0,490.59,-999.0,3.49,-999.0,772.57,1.0,4,2,1,16.27,-999.0,-999,210;511;543;713;730;1297;1573;2151;2457;2589;2590;2592;2655;2749;2781;2782;3077,-999.0,-999.0,-999.0,-999.0,11016215.61,70.83,28.71,49.77,-55.61,-160.44,-108.02,0,9.14,0.0,0.05,44.71,9.03,363.45,536.43
Primates,Cebidae,Cebus,apella,Cebus apella,3,2758.38,-999.0,422.69,-999.0,2058.6,-999.0,-999.0,6,-999.0,154.99,2,0.88,1.8,657.0,1.05,-999.0,541.2,231.38,-999.0,23.77,-999.0,1760.81,7.9,-999,2,2,263.12,1113.05,-999,208;543;730;890;1017;1132;1201;1297;1544;1547;1763;1767;1848;2151;2251;2308;2344;2463;2489;2493;2655;2660;2986,-999.0,0.81,-999.0,-999.0,10768851.82,7.12,-28.66,-10.77,-34.79,-78.14,-56.46,0,20.1,0.0,0.11,154.19,241.17,1291.77,1516.85
Chiroptera,Pteropodidae,Nanonycteris,veldkampii,Nanonycteris veldkampii,-999,21.89,48.0,-999.0,-999.0,-999.0,-999.0,-999.0,-999,-999.0,-999.0,1,-999.0,-999.0,-999.0,0.98,-999.0,-999.0,-999.0,-999.0,-999.0,-999.0,-999.0,-999.0,-999,2,-999,-999.0,-999.0,-999,258;1297;1658;2151;2622;2655,-999.0,-999.0,-999.0,-999.0,1388474.86,10.81,3.52,7.16,19.11,-12.49,3.3,3,87.79,8.0,0.11,140.81,259.24,1164.08,1580.71
Diprotodontia,Hypsiprymnodontidae,Hypsiprymnodon,moschatus,Hypsiprymnodon moschatus,2,534.25,-999.0,-999.0,-999.0,365.0,-999.0,-999.0,4,-999.0,-999.0,-999,-999.0,-999.0,365.0,2.04,-999.0,72.0,-999.0,-999.0,239.99,-999.0,413.84,-999.0,-999,-999,2,268.47,190.39,-999,955;1297;1760;1848;2655,-999.0,1.1,-999.0,-999.0,26547.14,-16.11,-18.97,-17.54,146.34,144.96,145.65,0,9.08,0.0,0.08,135.64,209.93,1181.28,1675.89
Rodentia,Cricetidae,Oryzomys,angouya,Oryzomys angouya,-999,120.17,-999.0,-999.0,-999.0,-999.0,-999.0,-999.0,-999,-999.0,-999.0,-999,-999.0,-999.0,-999.0,-999.0,-999.0,-999.0,-999.0,-999.0,-999.0,-999.0,-999.0,-999.0,-999,-999,-999,-999.0,-999.0,-999,2655,-999.0,-999.0,-999.0,-999.0,1166871.44,-16.73,-29.47,-23.1,-39.69,-61.82,-50.75,0,82.29,0.0,0.06,120.19,204.68,1170.26,1287.41
Primates,Pitheciidae,Pithecia,irrorata,Pithecia irrorata,3,2308.17,-999.0,399.39,-999.0,-999.0,-999.0,-999.0,-999,-999.0,-999.0,-999,-999.0,-999.0,-999.0,-999.0,-999.0,-999.0,-999.0,-999.0,11.3,-999.0,-999.0,4.4,-999,-999,-999,-999.0,-999.0,-999,497;1544;1547;1848;2151;2251;2344;2655;2986,-999.0,-999.0,-999.0,-999.0,1135691.52,-2.25,-14.05,-8.15,-55.26,-71.45,-63.36,0,2.29,0.0,0.22,176.67,250.5,1388.46,1574.46
Rodentia,Ctenomyidae,Ctenomys,lewisi,Ctenomys lewisi,-999,117.2,-999.0,177.5,-999.0,-999.0,-999.0,-999.0,3,-999.0,-999.0,3,-999.0,-999.0,-999.0,-999.0,-999.0,-999.0,-999.0,-999.0,-999.0,-999.0,-999.0,-999.0,-999,1,1,-999.0,-999.0,-999,890;1779;2151;2655,-999.0,-999.0,-999.0,-999.0,8824.32,-21.0,-22.09,-21.55,-64.64,-65.5,-65.07,6,12.57,6.0,0.15,43.13,103.48,659.0,1513.16
Artiodactyla,Bovidae,Capricornis,rubidus,Capricornis rubidus,-999,-999.0,-999.0,-999.0,-999.0,-999.0,-999.0,-999.0,-999,-999.0,-999.0,-999,-999.0,-999.0,-999.0,-999.0,-999.0,-999.0,-999.0,-999.0,-999.0,-999.0,-999.0,-999.0,-999,-999,-999,-999.0,-999.0,-999,-999,-999.0,-999.0,-999.0,-999.0,21552.31,27.94,25.43,26.69,98.56,97.49,98.02,1,10.82,1.0,0.05,181.29,115.03,1176.56,1266.67
Chiroptera,Molossidae,Tadarida,insignis,Tadarida insignis,-999,-999.0,-999.0,-999.0,-999.0,-999.0,-999.0,-999.0,-999,-999.0,-999.0,-999,-999.0,-999.0,-999.0,-999.0,-999.0,-999.0,-999.0,-999.0,-999.0,-999.0,-999.0,-999.0,-999,-999,-999,-999.0,-999.0,-999,-999,-999.0,-999.0,-999.0,-999.0,546642.59,45.52,21.9,33.71,145.82,116.0,130.91,56,373.82,73.0,0.02,122.92,101.6,804.0,880.93
Lagomorpha,Leporidae,Lepus,californicus,Lepus californicus,1,2422.48,-999.0,480.0,-999.0,-999.0,1311.0,2300.0,2,-999.0,41.77,1,0.56,0.8,-999.0,2.68,4.05,81.6,84.93,140.0,12.0,-999.0,263.07,-999.0,6,1,1,19.85,1838.74,-999,95;348;543;730;989;1018;1137;1194;1281;1297;1573;1822;1849;2124;2255;2655,-999.0,-999.0,-999.0,-999.0,4402904.48,47.97,19.44,33.7,-92.19,-124.41,-108.3,0,29.14,0.0,0.08,38.32,134.2,510.54,1035.46
Chiroptera,Pteropodidae,Nyctimene,keasti,Nyctimene keasti,-999,-999.0,-999.0,-999.0,-999.0,-999.0,-999.0,-999.0,-999,-999.0,-999.0,-999,-999.0,-999.0,-999.0,-999.0,-999.0,-999.0,-999.0,-999.0,-999.0,-999.0,-999.0,-999.0,-999,-999,-999,-999.0,-999.0,-999,-999,-999.0,-999.0,-999.0,-999.0,4955.44,-5.27,-8.05,-6.66,133.19,129.58,131.39,19,19.0,19.0,0.11,164.0,267.0,-999.0,-999.0
Chiroptera,Phyllostomidae,Enchisthenes,hartii,Enchisthenes hartii,-999,16.99,39.82,-999.0,-999.0,-999.0,-999.0,-999.0,1,-999.0,-999.0,1,-999.0,-999.0,-999.0,0.99,-999.0,-999.0,-999.0,-999.0,-999.0,-999.0,-999.0,-999.0,-999,2,1,-999.0,-999.0,-999,196;889;1297;1316;1658;2151;2622;2655;2719,-999.0,-999.0,-999.0,-999.0,3507398.71,24.03,-17.72,3.15,-60.62,-105.67,-83.15,0,45.36,1.0,0.12,140.17,219.71,1258.37,1569.93
Rodentia,Spalacidae,Spalax,golani,Spalax golani,-999,-999.0,-999.0,-999.0,-999.0,-999.0,-999.0,-999.0,-999,-999.0,-999.0,-999,-999.0,-999.0,-999.0,-999.0,-999.0,-999.0,-999.0,-999.0,-999.0,-999.0,-999.0,-999.0,-999,-999,-999,-999.0,-999.0,-999,-999,-999.0,-999.0,-999.0,-999.0,-999.0,-999.0,-999.0,-999.0,-999.0,-999.0,-999.0,-999,-999.0,-999.0,-999.0,-999.0,-999.0,-999.0,-999.0
Carnivora,Hyaenidae,Hyaena,brunnea,Hyaena brunnea,1,42977.93,-999.0,1198.21,14.0,1095.0,-999.0,-999.0,6,899.99,95.8,2,67.3,23.38,532.29,2.3,-999.0,204.0,693.09,-999.0,0.01,-999.0,807.23,-999.0,4,1,2,302.44,27399.99,-999,542;543;1015;1113;1297;1573;2655,-999.0,0.91,-999.0,-999.0,1981470.71,-14.8,-33.79,-24.3,33.06,11.71,22.39,0,12.77,0.0,0.1,34.35,186.6,498.41,1305.79
Rodentia,Dipodidae,Allactaga,williamsi,Allactaga williamsi,-999,-999.0,-999.0,-999.0,-999.0,-999.0,-999.0,-999.0,-999,-999.0,-999.0,-999,-999.0,-999.0,-999.0,-999.0,-999.0,-999.0,-999.0,-999.0,-999.0,-999.0,-999.0,-999.0,-999,-999,-999,-999.0,-999.0,-999,-999,-999.0,-999.0,-999.0,-999.0,-999.0,-999.0,-999.0,-999.0,-999.0,-999.0,-999.0,-999,-999.0,-999.0,-999.0,-999.0,-999.0,-999.0,-999.0
Chiroptera,Phyllostomidae,Leptonycteris,yerbabuenae,Leptonycteris yerbabuenae,-999,22.24,53.37,-999.0,0.0,-999.0,44.0,22.0,-999,-999.0,-999.0,-999,-999.0,-999.0,-999.0,0.99,-999.0,120.0,7.1,21.99,-999.0,-999.0,-999.0,-999.0,-999,-999,-999,41.99,14.17,-999,544;657;1286;1297;1658;1705;1948;2143,-999.0,-999.0,-999.0,-999.0,1217816.36,33.61,13.48,23.54,-89.47,-113.95,-101.71,0,61.3,1.0,0.09,65.06,196.17,806.61,1406.01
Cetacea,Balaenidae,Eubalaena,glacialis,Eubalaena glacialis,-999,22999999.91,-999.0,13907.08,-999.0,3467.5,-999.0,-999.0,2,-999.0,345.96,1,-999.0,-999.0,1460.0,1.0,0.31,-999.0,800000.0,4500.0,-999.0,-999.0,3781.99,7.0,-999,-999,3,333.63,4999999.99,8500,353;492;494;505;511;899;1004;1297;1580;1581;1634;1671;1672;1909;2655,-999.0,-999.0,-999.0,-999.0,-999.0,-999.0,-999.0,-999.0,-999.0,-999.0,-999.0,-999,-999.0,-999.0,-999.0,-999.0,-999.0,-999.0,-999.0
Primates,Cercopithecidae,Macaca,radiata,Macaca radiata,3,4999.99,-999.0,475.0,-999.0,1460.0,-999.0,-999.0,-999,-999.0,161.56,-999,0.88,-999.0,365.0,1.01,-999.0,360.0,367.52,-999.0,8.3,41.0,1785.78,33.5,-999,-999,-999,332.25,2000.0,-999,91;208;543;1167;1297;1347;1544;1547;1577;1848;1979;2151;2344;2493;2626;2655;2660;2986,-999.0,1.1,-999.0,-999.0,679816.3,21.12,8.06,14.59,81.47,72.65,77.06,82,412.85,142.0,0.08,93.74,264.54,844.93,1589.58
Rodentia,Dasyproctidae,Dasyprocta,prymnolopha,Dasyprocta prymnolopha,3,2900.0,-999.0,-999.0,0.0,-999.0,-999.0,-999.0,3,-999.0,-999.0,1,-999.0,-999.0,-999.0,1.5,-999.0,-999.0,-999.0,-999.0,-999.0,-999.0,-999.0,-999.0,-999,1,1,140.0,-999.0,-999,1297;2151;2655,-999.0,-999.0,-999.0,-999.0,1930529.83,-0.77,-18.49,-9.63,-34.79,-49.64,-42.21,1,38.2,2.0,0.08,111.87,240.77,1044.08,1516.85
Macroscelidea,Macroscelididae,Rhynchocyon,chrysopygus,Rhynchocyon chrysopygus,3,535.2,-999.0,273.44,-999.0,-999.0,-999.0,-999.0,1,-999.0,42.27,1,0.02,0.01,81.0,1.22,-999.0,48.0,80.0,-999.0,120.9,2.0,-999.0,2.0,4,1,3,14.0,180.0,-999,511;543;899;964;965;966;1297;1573;2113;2151;2389;2390;2391;2655,-999.0,2.35,-999.0,-999.0,6122.78,-1.34,-3.96,-2.65,41.58,39.56,40.57,4,42.51,4.0,0.18,62.32,267.22,863.03,1859.87
Chiroptera,Molossidae,Myopterus,daubentonii,Myopterus daubentonii,-999,-999.0,49.99,-999.0,-999.0,-999.0,-999.0,-999.0,-999,-999.0,-999.0,1,-999.0,-999.0,-999.0,-999.0,-999.0,-999.0,-999.0,-999.0,-999.0,-999.0,-999.0,-999.0,-999,2,-999,-999.0,-999.0,-999,1658;2151,18.45,-999.0,-999.0,-999.0,495506.91,14.3,1.5,7.9,30.4,-15.43,7.48,3,31.03,4.0,0.09,168.61,255.46,1103.13,1520.09
Chiroptera,Pteropodidae,Alionycteris,paucidentata,Alionycteris paucidentata,-999,16.24,44.61,63.8,-999.0,-999.0,-999.0,-999.0,-999,-999.0,-999.0,1,-999.0,-999.0,-999.0,-999.0,-999.0,-999.0,-999.0,-999.0,-999.0,-999.0,-999.0,-999.0,-999,2,-999,-999.0,-999.0,-999,1439;1647;1658;2151;2655,-999.0,-999.0,-999.0,-999.0,168.3,7.92,7.79,7.86,124.51,124.38,124.45,110,145.0,110.0,0.06,187.0,200.0,1589.5,1723.5
Cetacea,Delphinidae,Sousa,teuszii,Sousa teuszii,-999,99999.99,-999.0,-999.0,-999.0,-999.0,-999.0,-999.0,-999,-999.0,-999.0,1,-999.0,-999.0,-999.0,-999.0,-999.0,-999.0,-999.0,-999.0,-999.0,-999.0,-999.0,-999.0,-999,-999,-999,-999.0,-999.0,-999,2151;2655,-999.0,-999.0,-999.0,-999.0,-999.0,-999.0,-999.0,-999.0,-999.0,-999.0,-999.0,-999,-999.0,-999.0,-999.0,-999.0,-999.0,-999.0,-999.0
Artiodactyla,Bovidae,Pseudoryx,nghetinhensis,Pseudoryx nghetinhensis,-999,97842.2,-999.0,1750.0,-999.0,-999.0,-999.0,-999.0,2,-999.0,-999.0,-999,-999.0,-999.0,-999.0,-999.0,-999.0,-999.0,-999.0,-999.0,-999.0,4.5,755.15,1.0,-999,-999,1,-999.0,-999.0,-999,899;1848,-999.0,-999.0,-999.0,-999.0,11820.15,19.53,15.74,17.64,107.71,104.07,105.89,5,77.59,6.0,0.1,167.14,206.16,1222.77,1415.47
Rodentia,Echimyidae,Proechimys,hoplomyoides,Proechimys hoplomyoides,-999,284.99,-999.0,-999.0,-999.0,-999.0,-999.0,-999.0,-999,-999.0,-999.0,-999,-999.0,-999.0,-999.0,-999.0,-999.0,-999.0,-999.0,-999.0,-999.0,-999.0,-999.0,-999.0,-999,-999,-999,-999.0,-999.0,-999,2655,-999.0,-999.0,-999.0,-999.0,-999.0,-999.0,-999.0,-999.0,-999.0,-999.0,-999.0,-999,-999.0,-999.0,-999.0,-999.0,-999.0,-999.0,-999.0
Carnivora,Mustelidae,Lontra,felina,Lontra felina,3,11195.36,-999.0,676.55,-999.0,-999.0,-999.0,-999.0,2,-999.0,75.97,2,-999.0,-999.0,365.0,2.54,-999.0,-999.0,-999.0,-999.0,-999.0,-999.0,-999.0,-999.0,-999,1,3,-999.0,-999.0,-999,890;1113;1297;2655,-999.0,1.1,-999.0,-999.0,-999.0,-999.0,-999.0,-999.0,-999.0,-999.0,-999.0,-999,-999.0,-999.0,-999.0,-999.0,-999.0,-999.0,-999.0
Rodentia,Dipodidae,Sicista,severtzovi,Sicista severtzovi,-999,-999.0,-999.0,-999.0,-999.0,-999.0,-999.0,-999.0,-999,-999.0,-999.0,-999,-999.0,-999.0,-999.0,-999.0,-999.0,-999.0,-999.0,-999.0,-999.0,-999.0,-999.0,-999.0,-999,-999,-999,-999.0,-999.0,-999,-999,-999.0,-999.0,-999.0,-999.0,2345.16,51.35,50.73,51.04,41.12,40.5,40.81,21,25.24,21.0,0.0,35.99,41.74,393.01,498.84
Diprotodontia,Macropodidae,Setonix,brachyurus,Setonix brachyurus,1,3027.67,-999.0,-999.0,-999.0,410.62,784.52,2600.0,2,-999.0,27.89,1,-999.0,-999.0,345.0,1.0,1.4,144.0,0.36,-999.0,580.0,-999.0,442.19,-999.0,-999,1,1,308.24,499.99,-999,543;730;955;1015;1052;1297;1412;1760;1822;1848;2483;2655;2986,-999.0,-999.0,-999.0,-999.0,44560.4,-31.98,-35.13,-33.56,118.74,114.97,116.86,0,43.6,0.0,0.11,67.08,148.61,474.46,1106.78
Rodentia,Heteromyidae,Chaetodipus,goldmani,Chaetodipus goldmani,-999,-999.0,-999.0,-999.0,-999.0,-999.0,-999.0,-999.0,-999,-999.0,-999.0,-999,-999.0,-999.0,-999.0,-999.0,-999.0,-999.0,-999.0,-999.0,-999.0,-999.0,-999.0,-999.0,-999,-999,-999,-999.0,-999.0,-999,-999,-999.0,-999.0,-999.0,-999.0,59093.22,30.84,25.25,28.04,-108.08,-110.63,-109.35,1,24.08,1.0,0.17,25.66,205.2,588.25,1331.91
Carnivora,Procyonidae,Bassaricyon,beddardi,Bassaricyon beddardi,1,1235.01,-999.0,-999.0,-999.0,-999.0,-999.0,-999.0,-999,-999.0,-999.0,1,-999.0,-999.0,-999.0,-999.0,-999.0,-999.0,-999.0,-999.0,-999.0,-999.0,-999.0,-999.0,-999,1,-999,-999.0,-999.0,-999,1113;2151;2655,-999.0,-999.0,-999.0,-999.0,441326.32,6.43,-0.71,2.85,-60.52,-67.5,-64.01,0,0.69,0.0,0.23,186.26,239.89,1600.58,1677.17
Rodentia,Bathyergidae,Bathyergus,suillus,Bathyergus suillus,-999,777.38,-999.0,278.86,10.0,-999.0,322.78,666.0,3,59.99,68.41,2,0.002096145,0.002686,-999.0,2.89,1.5,-999.0,33.99,-999.0,70.0,-999.0,-999.0,1.0,-999,1,1,20.84,-999.0,-999,230;245;247;740;1297;1573;1822;1849;2413;2629;2655,-999.0,-999.0,-999.0,-999.0,59404.22,-31.31,-34.83,-33.07,23.23,17.84,20.54,1,76.3,1.0,0.08,31.42,158.93,439.87,1200.41
Cingulata,Dasypodidae,Cabassous,centralis,Cabassous centralis,1,3669.69,-999.0,415.89,-999.0,-999.0,811.53,3810.0,1,-999.0,-999.0,2,-999.0,-999.0,-999.0,1.0,-999.0,-999.0,-999.0,-999.0,-999.0,-999.0,-999.0,1.0,-999,1,3,-999.0,-999.0,-999,708;889;890;905;1297;1822;1946;1947;1995;2151;2655,-999.0,-999.0,-999.0,-999.0,669685.02,16.88,4.6,10.74,-69.4,-91.47,-80.43,2,55.18,4.0,0.14,167.79,241.52,1374.48,1690.31
Didelphimorphia,Didelphidae,Monodelphis,maraxina,Monodelphis maraxina,1,-999.0,-999.0,134.0,-999.0,-999.0,-999.0,-999.0,1,-999.0,-999.0,1,-999.0,-999.0,-999.0,-999.0,-999.0,-999.0,-999.0,-999.0,-999.0,-999.0,-999.0,-999.0,-999,1,3,-999.0,-999.0,-999,890;1760,72.24,-999.0,-999.0,-999.0,37711.99,-0.08,-1.83,-0.95,-48.36,-50.77,-49.56,2,14.27,2.0,0.18,217.7,260.24,1472.53,1718.45
Dasyuromorphia,Dasyuridae,Antechinus,leo,Antechinus leo,2,70.09,-999.0,-999.0,-999.0,-999.0,-999.0,-999.0,-999,-999.0,30.99,1,-999.0,-999.0,365.0,8.19,1.0,24.0,-999.0,-999.0,162.0,-999.0,396.83,-999.0,-999,1,-999,76.78,26.0,-999,955;1297;1760;1848;2655,-999.0,-999.0,-999.0,-999.0,5555.28,-12.43,-13.72,-13.08,143.6,143.03,143.31,0,0.0,0.0,-999.0,103.26,279.25,916.29,1803.94
Chiroptera,Pteropodidae,Pteropus,caniceps,Pteropus caniceps,-999,525.12,140.22,216.67,-999.0,-999.0,-999.0,-999.0,-999,-999.0,-999.0,1,-999.0,-999.0,-999.0,-999.0,-999.0,-999.0,-999.0,-999.0,-999.0,-999.0,-999.0,-999.0,-999,2,-999,-999.0,-999.0,-999,978;1658;2151;2655,-999.0,-999.0,-999.0,-999.0,24432.1,2.64,-2.48,0.07,128.9,125.32,127.11,5,27.16,5.0,0.04,192.66,250.11,-999.0,-999.0
Rodentia,Cricetidae,Abrothrix,longipilis,Abrothrix longipilis,2,38.86,-999.0,-999.0,-999.0,112.3,57.61,42.3,7,-999.0,-999.0,3,-999.0,-999.0,17.0,3.7,-999.0,-999.0,3.29,-999.0,2777.2,-999.0,51.73,-999.0,-999,2,2,-999.0,-999.0,-999,730;890;1114;1130;1297;1420;1449;1473;1492;1822;2006;2008;2242;2655,-999.0,5.19,-999.0,-999.0,423823.71,-30.29,-54.17,-42.23,-68.63,-73.75,-71.19,0,32.79,0.0,0.1,64.15,64.48,454.6,677.15
Chiroptera,Vespertilionidae,Nyctalus,aviator,Nyctalus aviator,-999,-999.0,60.5,-999.0,-999.0,-999.0,-999.0,-999.0,-999,-999.0,-999.0,1,-999.0,-999.0,-999.0,1.91,-999.0,-999.0,-999.0,-999.0,-999.0,-999.0,-999.0,-999.0,-999,2,-999,-999.0,-999.0,-999,1297;1658;2151,31.87,-999.0,-999.0,-999.0,550221.66,46.04,30.92,38.48,145.82,112.24,129.03,42,341.1,73.0,0.02,105.2,95.73,770.9,816.42
Rodentia,Spalacidae,Spalax,nehringi,Spalax nehringi,-999,-999.0,-999.0,-999.0,-999.0,-999.0,-999.0,-999.0,-999,-999.0,-999.0,-999,-999.0,-999.0,-999.0,-999.0,-999.0,-999.0,-999.0,-999.0,-999.0,-999.0,-999.0,-999.0,-999,-999,-999,-999.0,-999.0,-999,-999,-999.0,-999.0,-999.0,-999.0,597695.95,41.7,35.21,38.45,45.07,27.31,36.19,19,67.95,28.0,0.06,43.47,94.76,425.37,971.58
Rodentia,Spalacidae,Rhizomys,pruinosus,Rhizomys pruinosus,-999,2450.0,-999.0,-999.0,-999.0,-999.0,-999.0,-999.0,-999,-999.0,-999.0,-999,-999.0,-999.0,-999.0,3.0,-999.0,-999.0,-999.0,-999.0,-999.0,-999.0,-999.0,-999.0,-999,-999,-999,120.75,-999.0,-999,1297;2655,-999.0,-999.0,-999.0,-999.0,1160203.0,26.02,3.68,14.85,116.68,90.37,103.53,2,175.6,9.0,0.08,158.86,216.42,1140.9,1430.66
Primates,Pitheciidae,Chiropotes,chiropotes,Chiropotes chiropotes,-999,-999.0,-999.0,-999.0,-999.0,-999.0,-999.0,-999.0,-999,-999.0,-999.0,-999,-999.0,-999.0,-999.0,-999.0,-999.0,-999.0,-999.0,-999.0,-999.0,-999.0,-999.0,-999.0,-999,-999,-999,-999.0,-999.0,-999,-999,-999.0,-999.0,-999.0,-999.0,-999.0,-999.0,-999.0,-999.0,-999.0,-999.0,-999.0,-999,-999.0,-999.0,-999.0,-999.0,-999.0,-999.0,-999.0
Lagomorpha,Ochotonidae,Ochotona,thibetana,Ochotona thibetana,-999,-999.0,-999.0,-999.0,-999.0,-999.0,-999.0,-999.0,-999,-999.0,-999.0,2,-999.0,-999.0,-999.0,2.93,-999.0,-999.0,-999.0,-999.0,-999.0,-999.0,-999.0,-999.0,-999,1,-999,-999.0,-999.0,-999,2647,-999.0,-999.0,-999.0,-999.0,919072.95,35.81,25.05,30.43,111.09,86.9,99.0,0,81.91,2.0,0.07,118.04,37.22,749.95,936.35
Soricomorpha,Soricidae,Cryptotis,mayensis,Cryptotis mayensis,-999,-999.0,-999.0,-999.0,-999.0,-999.0,-999.0,-999.0,-999,-999.0,-999.0,-999,-999.0,-999.0,-999.0,-999.0,-999.0,-999.0,-999.0,-999.0,-999.0,-999.0,-999.0,-999.0,-999,-999,-999,-999.0,-999.0,-999,-999,-999.0,-999.0,-999.0,-999.0,-999.0,-999.0,-999.0,-999.0,-999.0,-999.0,-999.0,-999,-999.0,-999.0,-999.0,-999.0,-999.0,-999.0,-999.0
Rodentia,Heteromyidae,Dipodomys,elator,Dipodomys elator,1,105.82,-999.0,119.5,-999.0,-999.0,-999.0,-999.0,4,-999.0,-999.0,-999,0.00073307,0.000841884,-999.0,2.91,-999.0,-999.0,-999.0,-999.0,1284.37,-999.0,-999.0,-999.0,-999,-999,2,-999.0,-999.0,-999,559;730;1297;2455;2655,-999.0,-999.0,-999.0,-999.0,12077.2,34.36,33.42,33.89,-98.12,-99.76,-98.94,1,8.6,1.0,0.00312872,54.5,175.91,754.72,1104.75
Didelphimorphia,Didelphidae,Gracilinanus,dryas,Gracilinanus dryas,1,18.53,-999.0,95.0,-999.0,-999.0,-999.0,-999.0,-999,-999.0,-999.0,2,-999.0,-999.0,-999.0,-999.0,-999.0,-999.0,-999.0,-999.0,-999.0,-999.0,-999.0,-999.0,-999,2,-999,-999.0,-999.0,-999,889;890;1760;2655,-999.0,-999.0,-999.0,-999.0,105840.9,9.95,4.97,7.46,-69.49,-73.58,-71.53,5,47.26,7.0,0.09,108.13,207.44,1338.35,1585.09
Didelphimorphia,Didelphidae,Gracilinanus,microtarsus,Gracilinanus microtarsus,1,29.3,-999.0,91.69,-999.0,-999.0,19.6,13.0,-999,-999.0,-999.0,2,-999.0,-999.0,-999.0,-999.0,-999.0,-999.0,-999.0,-999.0,-999.0,-999.0,-999.0,-999.0,-999,2,-999,-999.0,-999.0,-999,889;890;1412;1760;1822;1843;2655;2790,-999.0,-999.0,-999.0,-999.0,375848.1,-20.19,-29.62,-24.9,-41.62,-51.63,-46.63,5,175.4,13.0,0.06,132.51,182.46,1188.16,1299.07
Rodentia,Nesomyidae,Dendromus,insignis,Dendromus insignis,-999,-999.0,-999.0,-999.0,-999.0,-999.0,-999.0,-999.0,-999,-999.0,-999.0,-999,-999.0,-999.0,-999.0,-999.0,-999.0,-999.0,-999.0,-999.0,-999.0,-999.0,-999.0,-999.0,-999,-999,-999,-999.0,-999.0,-999,-999,-999.0,-999.0,-999.0,-999.0,218282.07,10.02,-4.05,2.98,41.83,28.8,35.31,2,116.56,6.0,0.12,76.36,165.53,1007.11,1478.34
Carnivora,Herpestidae,Helogale,parvula,Helogale parvula,3,281.83,-999.0,201.59,-999.0,-999.0,-999.0,-999.0,1,-999.0,54.08,1,0.21,0.28,141.94,3.49,2.25,131.0,-999.0,-999.0,-999.0,-999.0,423.04,-999.0,6,1,3,21.0,-999.0,-999,543;966;1052;1113;1297;2655,-999.0,-999.0,-999.0,-999.0,6944753.53,14.25,-28.34,-7.04,51.41,12.05,31.73,0,30.49,1.0,0.15,71.37,222.44,797.78,1512.3
Artiodactyla,Bovidae,Naemorhedus,goral,Naemorhedus goral,2,28796.51,-999.0,1060.0,-999.0,-999.0,-999.0,-999.0,2,-999.0,212.91,1,-999.0,-999.0,365.0,1.0,-999.0,211.2,2000.0,-999.0,-999.0,12.0,1016.66,-999.0,4,1,1,59.27,-999.0,-999,511;543;1297;1454;1525;1848;1959;2555;2655,-999.0,1.1,-999.0,-999.0,353466.24,35.69,26.78,31.24,95.96,71.88,83.92,0,102.31,1.0,0.08,106.99,53.89,873.39,1143.71
Didelphimorphia,Didelphidae,Monodelphis,iheringi,Monodelphis iheringi,1,112.0,-999.0,90.99,-999.0,-999.0,-999.0,-999.0,1,-999.0,-999.0,1,-999.0,-999.0,-999.0,-999.0,-999.0,-999.0,-999.0,-999.0,-999.0,-999.0,-999.0,-999.0,-999,1,3,-999.0,-999.0,-999,890;1760;2655,-999.0,-999.0,-999.0,-999.0,229715.82,-21.96,-29.64,-25.8,-44.97,-51.56,-48.26,5,138.81,12.0,0.06,134.74,172.19,1193.55,1271.23
Chiroptera,Molossidae,Molossus,aztecus,Molossus aztecus,-999,14.86,-999.0,-999.0,-999.0,-999.0,-999.0,-999.0,-999,-999.0,-999.0,-999,-999.0,-999.0,-999.0,-999.0,-999.0,-999.0,-999.0,-999.0,-999.0,-999.0,-999.0,-999.0,-999,-999,-999,-999.0,-999.0,-999,2751,-999.0,-999.0,-999.0,-999.0,382245.88,20.59,11.5,16.04,-85.19,-104.59,-94.89,6,101.0,12.0,0.09,110.37,208.13,1026.23,1610.02
Artiodactyla,Bovidae,Tragelaphus,scriptus,Tragelaphus scriptus,2,43250.39,-999.0,1247.1,-999.0,644.15,-999.0,-999.0,4,-999.0,182.5,2,0.02,0.02,235.72,1.0,-999.0,156.0,3027.79,-999.0,1.52,-999.0,431.61,1.0,-999,1,1,-999.0,-999.0,-999,57;200;730;854;869;1297;1525;1573;1848;2629;2655;2693;2986;3057,-999.0,1.37,-999.0,-999.0,13167565.73,16.11,-34.83,-9.36,45.58,-17.53,14.02,0,41.29,1.0,0.13,94.18,237.61,934.54,1541.54
Carnivora,Canidae,Canis,latrans,Canis latrans,2,11989.1,-999.0,872.39,11.94,365.0,3699.0,10450.0,1,255.0,61.74,1,18.88,19.91,365.0,5.72,-999.0,262.0,200.01,-999.0,0.25,-999.0,372.9,-999.0,8,1,3,43.71,-999.0,-999,367;542;543;730;1113;1297;1573;1822;2655,-999.0,1.1,-999.0,-999.0,17099094.3,71.39,8.02,39.7,-67.07,-168.12,-117.6,0,27.27,0.0,0.06,53.03,58.18,503.02,728.37
Chiroptera,Emballonuridae,Coleura,afra,Coleura afra,1,10.68,48.0,-999.0,-999.0,365.0,-999.0,-999.0,1,-999.0,-999.0,1,-999.0,-999.0,-999.0,1.0,1.5,-999.0,-999.0,-999.0,-999.0,15850.0,-999.0,-999.0,-999,2,3,-999.0,-999.0,-999,196;889;1297;1384;1658;1676;2151;2622;2655;2719;3023,-999.0,-999.0,-999.0,-999.0,5013413.14,21.09,-17.54,1.77,51.41,-13.83,18.78,0,40.72,1.0,0.1,77.86,239.85,881.64,1614.0
Afrosoricida,Chrysochloridae,Amblysomus,marleyi,Amblysomus marleyi,-999,-999.0,-999.0,-999.0,-999.0,-999.0,-999.0,-999.0,-999,-999.0,-999.0,-999,-999.0,-999.0,-999.0,-999.0,-999.0,-999.0,-999.0,-999.0,-999.0,-999.0,-999.0,-999.0,-999,-999,-999,-999.0,-999.0,-999,-999,-999.0,-999.0,-999.0,-999.0,952.47,-27.39,-27.8,-27.6,32.25,31.93,32.09,25,36.0,25.0,0.1,74.66,209.01,1009.26,1383.71
Carnivora,Canidae,Vulpes,bengalensis,Vulpes bengalensis,2,2514.4,-999.0,521.66,-999.0,-999.0,-999.0,-999.0,6,-999.0,52.33,1,-999.0,-999.0,365.0,3.49,-999.0,120.0,58.49,-999.0,-999.0,-999.0,-999.0,-999.0,-999,1,2,-999.0,-999.0,-999,543;1113;1297;2655,-999.0,1.1,-999.0,-999.0,3182952.32,32.61,9.94,21.27,90.94,65.77,78.36,2,323.93,40.0,0.09,84.38,244.33,699.36,1422.91
Cetacea,Ziphiidae,Mesoplodon,bowdoini,Mesoplodon bowdoini,-999,2599999.99,-999.0,4260.39,-999.0,-999.0,-999.0,-999.0,-999,-999.0,-999.0,1,-999.0,-999.0,-999.0,-999.0,-999.0,-999.0,-999.0,2199.99,-999.0,-999.0,-999.0,-999.0,-999,-999,-999,-999.0,-999.0,-999,165;2151;2655,-999.0,-999.0,106906.53,-999.0,-999.0,-999.0,-999.0,-999.0,-999.0,-999.0,-999.0,-999,-999.0,-999.0,-999.0,-999.0,-999.0,-999.0,-999.0
Cetacea,Delphinidae,Lagenodelphis,hosei,Lagenodelphis hosei,-999,164000.0,-999.0,-999.0,-999.0,-999.0,-999.0,-999.0,-999,-999.0,-999.0,1,-999.0,-999.0,-999.0,1.0,-999.0,-999.0,-999.0,-999.0,-999.0,40.0,2598.64,-999.0,-999,-999,-999,-999.0,-999.0,-999,172;511;1297;2151;2655,-999.0,-999.0,-999.0,-999.0,-999.0,-999.0,-999.0,-999.0,-999.0,-999.0,-999.0,-999,-999.0,-999.0,-999.0,-999.0,-999.0,-999.0,-999.0
Lagomorpha,Ochotonidae,Ochotona,collaris,Ochotona collaris,3,129.0,-999.0,187.44,-999.0,365.0,-999.0,-999.0,2,-999.0,-999.0,1,0.001003006,0.001388578,-999.0,3.35,2.0,72.0,-999.0,-999.0,733.17,-999.0,374.39,-999.0,-999,1,1,-999.0,-999.0,-999,466;543;1297;1846;2646;2647;2655,-999.0,-999.0,-999.0,-999.0,1151823.27,69.45,59.28,64.37,-124.07,-155.86,-139.97,0,0.13,0.0,0.01,38.66,-93.52,212.75,238.5
Carnivora,Canidae,Vulpes,macrotis,Vulpes macrotis,-999,4499.97,-999.0,-999.0,-999.0,-999.0,-999.0,-999.0,-999,-999.0,-999.0,-999,8.1,8.41,-999.0,4.5,-999.0,240.0,-999.0,-999.0,0.19,-999.0,-999.0,-999.0,-999,-999,-999,-999.0,-999.0,-999,542;543;1297;1573,-999.0,-999.0,-999.0,-999.0,1790499.14,44.11,21.43,32.77,-100.03,-122.35,-111.19,0,13.4,0.0,0.11,24.17,135.39,372.72,1058.57
Didelphimorphia,Didelphidae,Micoureus,paraguayanus,Micoureus paraguayanus,1,112.43,-999.0,168.6,-999.0,-999.0,-999.0,-999.0,1,-999.0,-999.0,2,-999.0,-999.0,-999.0,5.56,-999.0,-999.0,-999.0,-999.0,30.82,-999.0,-999.0,-999.0,11,2,3,-999.0,-999.0,-999,730;889;1297;1843;2225;2431;2790,-999.0,-999.0,-999.0,-999.0,-999.0,-999.0,-999.0,-999.0,-999.0,-999.0,-999.0,-999,-999.0,-999.0,-999.0,-999.0,-999.0,-999.0,-999.0
Chiroptera,Pteropodidae,Sphaerias,blanfordi,Sphaerias blanfordi,-999,28.88,53.76,-999.0,-999.0,-999.0,-999.0,-999.0,-999,-999.0,-999.0,1,-999.0,-999.0,-999.0,-999.0,-999.0,-999.0,-999.0,-999.0,-999.0,-999.0,-999.0,-999.0,-999,2,-999,-999.0,-999.0,-999,196;1658;1982;2151;2622;2655,-999.0,-999.0,-999.0,-999.0,444062.24,32.03,18.53,25.28,100.63,76.84,88.74,1,152.95,2.0,0.09,134.32,165.71,997.08,1303.43
Dasyuromorphia,Dasyuridae,Ningaui,yvonnae,Ningaui yvonnae,2,9.3,-999.0,-999.0,-999.0,-999.0,15.66,11.6,-999,-999.0,-999.0,1,-999.0,-999.0,-999.0,7.0,2.0,-999.0,-999.0,-999.0,-999.0,-999.0,-999.0,-999.0,-999,1,-999,-999.0,-999.0,-999,1297;1760;1822;2655,-999.0,-999.0,-999.0,-999.0,180419.08,-28.7,-35.25,-31.98,146.66,119.13,132.89,0,0.26,0.0,-0.01,21.92,176.51,300.87,1058.42
Rodentia,Gliridae,Graphiurus,johnstoni,Graphiurus johnstoni,-999,-999.0,-999.0,-999.0,-999.0,-999.0,-999.0,-999.0,-999,-999.0,-999.0,-999,-999.0,-999.0,-999.0,-999.0,-999.0,-999.0,-999.0,-999.0,-999.0,-999.0,-999.0,-999.0,-999,-999,-999,-999.0,-999.0,-999,-999,-999.0,-999.0,-999.0,-999.0,-999.0,-999.0,-999.0,-999.0,-999.0,-999.0,-999.0,-999,-999.0,-999.0,-999.0,-999.0,-999.0,-999.0,-999.0
Cingulata,Dasypodidae,Priodontes,maximus,Priodontes maximus,1,40641.89,-999.0,874.99,-999.0,-999.0,3027.73,45190.0,2,-999.0,124.24,2,3.19,4.52,-999.0,1.5,-999.0,180.0,113.0,-999.0,0.35,-999.0,327.59,1.0,-999,1,3,34.8,-999.0,-999,199;543;730;889;890;899;905;1297;1822;1946;1947;2151;2649;2655,-999.0,-999.0,-999.0,-999.0,10006526.45,11.35,-29.89,-9.26,-44.35,-78.12,-61.24,0,9.21,0.0,0.12,156.5,242.69,1332.92,1513.92
Soricomorpha,Soricidae,Crocidura,obscurior,Crocidura obscurior,-999,-999.0,-999.0,-999.0,-999.0,-999.0,-999.0,-999.0,-999,-999.0,-999.0,-999,-999.0,-999.0,-999.0,-999.0,-999.0,-999.0,-999.0,-999.0,-999.0,-999.0,-999.0,-999.0,-999,-999,-999,-999.0,-999.0,-999,-999,-999.0,-999.0,-999.0,-999.0,324332.89,9.19,4.35,6.77,-3.21,-13.29,-8.25,3,62.47,8.0,0.04,194.21,254.43,1296.44,1538.7
Chiroptera,Emballonuridae,Saccolaimus,mixtus,Saccolaimus mixtus,1,-999.0,64.5,-999.0,-999.0,-999.0,-999.0,-999.0,-999,-999.0,-999.0,1,-999.0,-999.0,-999.0,-999.0,-999.0,-999.0,-999.0,-999.0,-999.0,-999.0,-999.0,-999.0,-999,2,-999,-999.0,-999.0,-999,889;1658;2151,38.29,-999.0,-999.0,-999.0,43137.49,-8.53,-14.34,-11.44,147.55,141.31,144.43,0,4.33,0.0,0.16,137.09,252.81,1123.78,1709.61
Rodentia,Ctenodactylidae,Ctenodactylus,vali,Ctenodactylus vali,3,173.6,-999.0,176.0,-999.0,-999.0,-999.0,-999.0,3,-999.0,59.13,-999,-999.0,-999.0,64.0,2.0,-999.0,60.0,17.9,-999.0,-999.0,-999.0,340.64,-999.0,-999,-999,1,-999.0,-999.0,-999,543;1091;1297;1810;2655,-999.0,2.65,-999.0,-999.0,269951.32,34.71,30.54,32.63,15.14,-3.07,6.03,1,12.7,1.0,0.13,12.22,187.88,206.34,1095.49
Carnivora,Mephitidae,Mephitis,mephitis,Mephitis mephitis,1,2399.99,-999.0,399.55,21.98,-999.0,638.4,2400.0,6,84.0,63.29,1,2.32,2.18,365.0,5.7,2.0,155.0,33.19,-999.0,8.15,-999.0,355.18,-999.0,12,1,2,55.15,-999.0,-999,367;543;730;966;1113;1297;1573;2338;2620;2655;2986,-999.0,-999.0,-999.0,-999.0,12277338.73,62.13,24.16,43.15,-60.96,-128.82,-94.89,0,28.88,0.0,0.05,52.67,75.97,531.54,768.85
Didelphimorphia,Didelphidae,Marmosa,murina,Marmosa murina,1,36.28,-999.0,120.57,-999.0,-999.0,-999.0,-999.0,3,-999.0,13.27,2,-999.0,-999.0,-999.0,8.4,-999.0,-999.0,0.09,-999.0,55.8,-999.0,-999.0,1.0,11,2,2,62.0,-999.0,-999,730;889;890;905;955;1297;2151;2655,-999.0,-999.0,-999.0,-999.0,6413981.4,11.33,-23.1,-5.88,-34.79,-77.78,-56.28,0,19.42,0.0,0.11,174.96,250.83,1407.64,1593.86
Afrosoricida,Chrysochloridae,Amblysomus,robustus,Amblysomus robustus,-999,-999.0,-999.0,-999.0,-999.0,-999.0,-999.0,-999.0,-999,-999.0,-999.0,-999,-999.0,-999.0,-999.0,-999.0,-999.0,-999.0,-999.0,-999.0,-999.0,-999.0,-999.0,-999.0,-999,-999,-999,-999.0,-999.0,-999,-999,-999.0,-999.0,-999.0,-999.0,3194.91,-25.35,-25.93,-25.64,30.75,30.06,30.41,7,11.99,7.0,0.12,65.24,155.99,1008.7,1236.03
Chiroptera,Phyllostomidae,Artibeus,fraterculus,Artibeus fraterculus,-999,-999.0,56.0,-999.0,-999.0,-999.0,-999.0,-999.0,1,-999.0,-999.0,1,-999.0,-999.0,-999.0,0.98,-999.0,-999.0,-999.0,-999.0,-999.0,-999.0,-999.0,-999.0,-999,2,1,-999.0,-999.0,-999,889;1297;1658;2151,25.54,-999.0,-999.0,-999.0,336498.73,1.08,-13.73,-6.32,-75.69,-81.35,-78.52,0,81.95,6.0,0.1,67.93,165.07,790.26,1396.68
Rodentia,Muridae,Paruromys,dominator,Paruromys dominator,-999,325.31,-999.0,-999.0,-999.0,-999.0,-999.0,-999.0,-999,-999.0,-999.0,-999,-999.0,-999.0,-999.0,-999.0,-999.0,-999.0,-999.0,-999.0,-999.0,-999.0,-999.0,-999.0,-999,-999,-999,-999.0,-999.0,-999,456,-999.0,-999.0,-999.0,-999.0,170486.35,1.75,-5.7,-1.97,125.24,118.75,121.99,17,96.75,17.0,0.08,229.41,215.47,1812.6,1909.15
Primates,Cebidae,Callithrix,mauesi,Callithrix mauesi,-999,443.79,-999.0,-999.0,-999.0,-999.0,-999.0,-999.0,4,-999.0,-999.0,1,-999.0,-999.0,-999.0,-999.0,-999.0,-999.0,-999.0,-999.0,-999.0,-999.0,-999.0,-999.0,-999,2,2,-999.0,-999.0,-999,890;1547;2151,-999.0,-999.0,-999.0,-999.0,2038.88,-2.95,-3.45,-3.2,-56.56,-57.05,-56.81,3,5.75,3.0,0.14,143.49,261.0,1431.24,1643.5
Rodentia,Sciuridae,Hyosciurus,ileile,Hyosciurus ileile,-999,-999.0,-999.0,-999.0,-999.0,-999.0,-999.0,-999.0,-999,-999.0,-999.0,-999,-999.0,-999.0,-999.0,-999.0,-999.0,-999.0,-999.0,-999.0,-999.0,-999.0,-999.0,-999.0,-999,-999,-999,-999.0,-999.0,-999,-999,-999.0,-999.0,-999.0,-999.0,10386.52,1.16,0.5,0.83,122.56,120.47,121.51,42,52.77,42.0,0.08,226.57,212.28,-999.0,-999.0
Primates,Cercopithecidae,Trachypithecus,germaini,Trachypithecus germaini,-999,-999.0,-999.0,-999.0,-999.0,-999.0,-999.0,-999.0,-999,-999.0,-999.0,-999,-999.0,-999.0,-999.0,-999.0,-999.0,-999.0,-999.0,-999.0,-999.0,-999.0,-999.0,-999.0,-999,-999,-999,-999.0,-999.0,-999,-999,-999.0,-999.0,-999.0,-999.0,544016.79,17.13,8.55,12.84,109.46,97.72,103.59,2,151.88,5.0,0.11,176.62,253.08,1197.0,1619.55
Rodentia,Echimyidae,Makalata,obscura,Makalata obscura,1,108.0,-999.0,-999.0,-999.0,-999.0,-999.0,-999.0,-999,-999.0,-999.0,1,-999.0,-999.0,-999.0,-999.0,-999.0,-999.0,-999.0,-999.0,-999.0,-999.0,-999.0,-999.0,-999,2,-999,-999.0,-999.0,-999,2151;2655,-999.0,-999.0,-999.0,-999.0,-999.0,-999.0,-999.0,-999.0,-999.0,-999.0,-999.0,-999,-999.0,-999.0,-999.0,-999.0,-999.0,-999.0,-999.0
Rodentia,Muridae,Limnomys,bryophilus,Limnomys bryophilus,-999,-999.0,-999.0,-999.0,-999.0,-999.0,-999.0,-999.0,-999,-999.0,-999.0,-999,-999.0,-999.0,-999.0,-999.0,-999.0,-999.0,-999.0,-999.0,-999.0,-999.0,-999.0,-999.0,-999,-999,-999,-999.0,-999.0,-999,-999,-999.0,-999.0,-999.0,-999.0,-999.0,-999.0,-999.0,-999.0,-999.0,-999.0,-999.0,-999,-999.0,-999.0,-999.0,-999.0,-999.0,-999.0,-999.0
Soricomorpha,Soricidae,Sorex,leucogaster,Sorex leucogaster,-999,-999.0,-999.0,-999.0,-999.0,-999.0,-999.0,-999.0,-999,-999.0,-999.0,-999,-999.0,-999.0,-999.0,-999.0,-999.0,-999.0,-999.0,-999.0,-999.0,-999.0,-999.0,-999.0,-999,-999,-999,-999.0,-999.0,-999,-999,-999.0,-999.0,-999.0,-999.0,2063.39,50.77,50.0,50.38,156.16,155.2,155.68,1,1.0,1.0,-0.5,114.0,11.0,-999.0,-999.0
Chiroptera,Molossidae,Mops,congicus,Mops congicus,-999,42.84,55.5,-999.0,-999.0,-999.0,-999.0,-999.0,-999,-999.0,-999.0,1,-999.0,-999.0,-999.0,0.99,1.5,-999.0,-999.0,-999.0,-999.0,-999.0,-999.0,-999.0,-999,2,-999,-999.0,-999.0,-999,1297;1658;1685;2143;2151;2622;2655,-999.0,-999.0,-999.0,-999.0,703287.8,9.01,1.46,5.23,32.01,-2.96,14.52,1,83.9,4.0,0.12,130.52,250.81,1226.81,1595.09
Rodentia,Nesomyidae,Dendromus,kahuziensis,Dendromus kahuziensis,-999,-999.0,-999.0,-999.0,-999.0,-999.0,-999.0,-999.0,-999,-999.0,-999.0,-999,-999.0,-999.0,-999.0,3.49,-999.0,-999.0,-999.0,-999.0,-999.0,-999.0,-999.0,-999.0,-999,-999,-999,-999.0,-999.0,-999,1297,-999.0,-999.0,-999.0,-999.0,21928.26,-1.57,-3.13,-2.35,29.04,27.59,28.31,8,91.42,8.0,0.16,129.07,206.07,1445.49,1555.48
Rodentia,Capromyidae,Plagiodontia,ipnaeum,Plagiodontia ipnaeum,-999,-999.0,-999.0,-999.0,-999.0,-999.0,-999.0,-999.0,-999,-999.0,-999.0,-999,-999.0,-999.0,-999.0,-999.0,-999.0,-999.0,-999.0,-999.0,-999.0,-999.0,-999.0,-999.0,-999,-999,-999,-999.0,-999.0,-999,-999,-999.0,-999.0,-999.0,-999.0,-999.0,-999.0,-999.0,-999.0,-999.0,-999.0,-999.0,-999,-999.0,-999.0,-999.0,-999.0,-999.0,-999.0,-999.0
Soricomorpha,Soricidae,Myosorex,babaulti,Myosorex babaulti,-999,-999.0,-999.0,-999.0,-999.0,-999.0,-999.0,-999.0,-999,-999.0,-999.0,-999,-999.0,-999.0,-999.0,2.99,-999.0,-999.0,-999.0,-999.0,-999.0,-999.0,-999.0,-999.0,-999,-999,-999,-999.0,-999.0,-999,1297,-999.0,-999.0,-999.0,-999.0,949.78,-1.9,-2.27,-2.08,29.11,28.67,28.89,135,199.0,135.0,-0.003029545,125.49,168.5,1377.0,1507.99
Rodentia,Heteromyidae,Dipodomys,stephensi,Dipodomys stephensi,-999,68.49,-999.0,116.5,14.0,-999.0,-999.0,-999.0,1,-999.0,-999.0,-999,0.000790491,0.000943018,-999.0,2.68,2.0,-999.0,4.4,40.0,3379.99,-999.0,-999.0,1.0,-999,-999,1,19.86,26.5,-999,386;1297;1514;1573;1720;2336;2655,-999.0,-999.0,-999.0,-999.0,8439.21,34.09,33.01,33.55,-116.68,-117.71,-117.2,14,346.75,14.0,0.08,25.61,114.1,347.22,1096.9
Primates,Lemuridae,Eulemur,rubriventer,Eulemur rubriventer,2,2015.4,-999.0,404.72,-999.0,-999.0,-999.0,-999.0,4,-999.0,126.99,1,0.13,-999.0,-999.0,1.01,-999.0,-999.0,84.97,-999.0,30.0,4.75,566.36,3.3,-999,2,2,151.22,-999.0,-999,208;1015;1046;1048;1261;1297;1544;1545;1546;1547;1848;2151;2344;2655;3089,-999.0,-999.0,-999.0,-999.0,56908.42,-13.8,-23.11,-18.45,50.03,46.7,48.36,5,35.25,8.0,0.18,178.11,194.33,1343.97,1575.52
Dasyuromorphia,Dasyuridae,Antechinus,bellus,Antechinus bellus,2,38.73,-999.0,114.62,-999.0,-999.0,-999.0,-999.0,-999,-999.0,30.0,1,-999.0,-999.0,365.0,10.08,1.0,27.6,-999.0,-999.0,160.0,-999.0,396.83,-999.0,10,1,-999,95.0,-999.0,-999,524;955;1297;1760;1848;2655,-999.0,-999.0,-999.0,-999.0,118056.85,-11.11,-14.72,-12.91,136.97,130.58,133.77,0,0.12,0.0,0.0,94.51,266.38,928.8,1788.72
Rodentia,Sciuridae,Spermophilus,dauricus,Spermophilus dauricus,-999,-999.0,-999.0,-999.0,-999.0,-999.0,-999.0,-999.0,-999,-999.0,30.0,-999,-999.0,-999.0,-999.0,5.62,1.0,-999.0,-999.0,-999.0,-999.0,-999.0,-999.0,-999.0,-999,-999,-999,-999.0,-999.0,-999,1297,-999.0,-999.0,-999.0,-999.0,1089392.42,51.92,34.75,43.33,127.44,110.95,119.2,1,144.52,1.0,0.04,32.51,29.6,466.86,621.32
Artiodactyla,Cervidae,Muntiacus,crinifrons,Muntiacus crinifrons,-999,18590.01,-999.0,-999.0,-999.0,-999.0,-999.0,-999.0,4,-999.0,195.57,-999,-999.0,-999.0,-999.0,1.0,-999.0,-999.0,-999.0,-999.0,-999.0,-999.0,-999.0,-999.0,-999,-999,2,-999.0,-999.0,-999,200;653;899;3010,-999.0,-999.0,-999.0,-999.0,128303.4,31.8,27.08,29.44,120.6,116.66,118.63,99,327.45,105.0,0.05,117.9,142.0,1020.0,1047.24
Soricomorpha,Soricidae,Crocidura,arabica,Crocidura arabica,-999,-999.0,-999.0,-999.0,-999.0,-999.0,-999.0,-999.0,-999,-999.0,-999.0,-999,-999.0,-999.0,-999.0,-999.0,-999.0,-999.0,-999.0,-999.0,-999.0,-999.0,-999.0,-999.0,-999,-999,-999,-999.0,-999.0,-999,-999,-999.0,-999.0,-999.0,-999.0,97952.06,26.38,12.59,19.48,59.83,43.82,51.83,0,33.85,0.0,0.26,5.22,235.22,158.23,1645.63
Chiroptera,Vespertilionidae,Miniopterus,tristis,Miniopterus tristis,-999,15.17,51.0,-999.0,-999.0,-999.0,-999.0,-999.0,-999,-999.0,-999.0,1,-999.0,-999.0,-999.0,-999.0,-999.0,-999.0,-999.0,-999.0,-999.0,-999.0,-999.0,-999.0,-999,2,-999,-999.0,-999.0,-999,196;1439;1658;2151;2622;2655,-999.0,-999.0,-999.0,-999.0,632956.74,18.65,-10.28,4.18,150.05,118.75,134.4,1,134.08,5.0,0.1,240.58,224.65,1618.07,1746.05
Lagomorpha,Leporidae,Lepus,comus,Lepus comus,1,2015.56,-999.0,470.68,-999.0,-999.0,-999.0,-999.0,2,-999.0,-999.0,-999,-999.0,-999.0,-999.0,2.44,2.0,-999.0,-999.0,-999.0,-999.0,-999.0,-999.0,-999.0,-999,-999,1,-999.0,-999.0,-999,52;989;1315,-999.0,-999.0,-999.0,-999.0,582324.06,29.32,21.62,25.47,108.58,97.91,103.25,1,118.33,9.0,0.07,116.83,127.27,979.64,1147.43
Diprotodontia,Burramyidae,Burramys,parvus,Burramys parvus,1,44.27,-999.0,114.5,46.0,365.0,36.76,44.3,5,-999.0,14.74,2,-999.0,-999.0,365.0,3.6,1.0,144.0,-999.0,-999.0,6124.99,-999.0,376.36,1.0,4,2,2,59.82,16.0,-999,511;543;899;955;1066;1297;1466;1583;1760;1822;1848;2644;2655;2880;2969,-999.0,-999.0,-999.0,-999.0,22142.85,-35.15,-37.43,-36.29,149.06,146.89,147.97,1,9.9,1.0,0.02,64.13,98.74,669.94,922.35
Artiodactyla,Bovidae,Capricornis,swinhoei,Capricornis swinhoei,-999,-999.0,-999.0,-999.0,-999.0,-999.0,-999.0,-999.0,-999,-999.0,-999.0,-999,-999.0,-999.0,-999.0,-999.0,-999.0,-999.0,-999.0,-999.0,-999.0,-999.0,-999.0,-999.0,-999,-999,-999,-999.0,-999.0,-999,-999,-999.0,-999.0,-999.0,-999.0,11915.86,25.01,22.13,23.57,121.72,120.56,121.14,70,595.77,70.0,0.03,165.28,148.86,-999.0,-999.0
Primates,Cercopithecidae,Cercopithecus,lowei,Cercopithecus lowei,-999,-999.0,-999.0,-999.0,-999.0,-999.0,-999.0,-999.0,-999,-999.0,-999.0,-999,-999.0,-999.0,-999.0,-999.0,-999.0,-999.0,-999.0,-999.0,-999.0,-999.0,-999.0,-999.0,-999,-999,-999,-999.0,-999.0,-999,-999,-999.0,-999.0,-999.0,-999.0,271410.7,8.23,4.37,6.3,0.3,-8.4,-4.04,4,85.71,19.0,0.17,127.52,261.04,1329.06,1602.38
Rodentia,Capromyidae,Mysateles,prehensilis,Mysateles prehensilis,-999,-999.0,-999.0,-999.0,-999.0,-999.0,-999.0,-999.0,3,-999.0,-999.0,1,-999.0,-999.0,-999.0,2.0,-999.0,-999.0,-999.0,-999.0,-999.0,-999.0,-999.0,-999.0,-999,2,2,-999.0,-999.0,-999,1297;2151,-999.0,-999.0,-999.0,-999.0,63506.47,23.19,20.88,22.03,-77.62,-84.95,-81.28,2,108.99,11.0,0.02,111.22,250.62,-999.0,-999.0
Chiroptera,Vespertilionidae,Myotis,schaubi,Myotis schaubi,-999,-999.0,43.0,-999.0,-999.0,-999.0,-999.0,-999.0,-999,-999.0,-999.0,1,-999.0,-999.0,-999.0,-999.0,-999.0,-999.0,-999.0,-999.0,-999.0,-999.0,-999.0,-999.0,-999,2,-999,-999.0,-999.0,-999,1658;2151,11.99,-999.0,-999.0,-999.0,241089.05,44.34,39.04,41.69,48.63,40.89,44.76,2,99.48,13.0,0.02,51.92,48.34,560.81,731.2
Rodentia,Gliridae,Chaetocauda,sichuanensis,Chaetocauda sichuanensis,1,31.51,-999.0,91.8,-999.0,-999.0,-999.0,-999.0,-999,-999.0,-999.0,1,-999.0,-999.0,-999.0,-999.0,-999.0,-999.0,-999.0,-999.0,-999.0,-999.0,-999.0,-999.0,-999,2,-999,-999.0,-999.0,-999,2151,-999.0,-999.0,-999.0,-999.0,37.63,32.36,32.29,32.33,104.27,104.2,104.23,36,36.0,36.0,0.02,69.0,132.0,732.0,830.0
Chiroptera,Phyllostomidae,Sturnira,bogotensis,Sturnira bogotensis,-999,19.94,-999.0,-999.0,-999.0,-999.0,-999.0,-999.0,1,-999.0,-999.0,1,-999.0,-999.0,-999.0,0.98,-999.0,-999.0,-999.0,-999.0,-999.0,-999.0,-999.0,-999.0,-999,2,1,-999.0,-999.0,-999,889;1297;2151;2622;2655,-999.0,-999.0,-999.0,-999.0,707990.74,9.91,-11.82,-0.95,-69.95,-81.0,-75.48,1,48.76,2.0,0.12,143.22,207.19,1263.68,1473.8
Didelphimorphia,Didelphidae,Gracilinanus,ignitus,Gracilinanus ignitus,-999,-999.0,-999.0,-999.0,-999.0,-999.0,-999.0,-999.0,-999,-999.0,-999.0,-999,-999.0,-999.0,-999.0,-999.0,-999.0,-999.0,-999.0,-999.0,-999.0,-999.0,-999.0,-999.0,-999,-999,-999,-999.0,-999.0,-999,-999,-999.0,-999.0,-999.0,-999.0,-999.0,-999.0,-999.0,-999.0,-999.0,-999.0,-999.0,-999,-999.0,-999.0,-999.0,-999.0,-999.0,-999.0,-999.0
Rodentia,Muridae,Mastomys,huberti,Mastomys huberti,-999,-999.0,-999.0,-999.0,-999.0,-999.0,-999.0,-999.0,-999,-999.0,-999.0,-999,-999.0,-999.0,-999.0,-999.0,-999.0,-999.0,-999.0,-999.0,-999.0,-999.0,-999.0,-999.0,-999,-999,-999,-999.0,-999.0,-999,-999,-999.0,-999.0,-999.0,-999.0,5357106.48,14.85,-3.62,5.61,51.41,-17.53,16.93,0,41.43,1.0,0.1,87.0,246.61,890.62,1604.0
Carnivora,Herpestidae,Herpestes,javanicus,Herpestes javanicus,3,750.0,-999.0,280.02,18.5,-999.0,585.0,780.0,6,84.0,48.48,1,0.22,0.26,152.08,2.21,2.0,120.0,24.67,-999.0,39.59,-999.0,166.84,-999.0,6,1,2,43.59,275.0,-999,367;542;543;679;966;1113;1297;1573;2500;2655,-999.0,-999.0,-999.0,-999.0,6880297.87,37.37,-8.78,14.29,114.6,42.21,78.4,1,188.18,7.0,0.1,96.01,208.18,728.84,1346.38
Artiodactyla,Tragulidae,Tragulus,napu,Tragulus napu,1,5273.67,-999.0,562.36,-999.0,250.93,-999.0,-999.0,3,-999.0,154.24,-999,-999.0,-999.0,152.08,0.96,1.0,195.96,372.99,-999.0,-999.0,-999.0,156.25,-999.0,4,-999,1,84.86,-999.0,-999,200;543;1297;1848;2152;2655;3000,-999.0,-999.0,-999.0,-999.0,1593229.34,14.3,-5.94,4.18,119.26,95.18,107.22,1,91.44,4.0,0.14,233.98,250.86,1615.97,1742.06
Diprotodontia,Phalangeridae,Ailurops,ursinus,Ailurops ursinus,1,10000.0,-999.0,-999.0,-999.0,-999.0,-999.0,-999.0,1,-999.0,-999.0,1,-999.0,-999.0,-999.0,-999.0,-999.0,-999.0,-999.0,-999.0,-999.0,-999.0,-999.0,-999.0,-999,2,1,-999.0,-999.0,-999,1760;2655,-999.0,-999.0,-999.0,-999.0,175900.06,1.75,-5.7,-1.97,125.29,118.75,122.02,17,93.46,17.0,0.08,229.47,215.95,1812.6,1909.15
Primates,Cercopithecidae,Macaca,tonkeana,Macaca tonkeana,3,10035.53,-999.0,599.99,-999.0,-999.0,-999.0,-999.0,-999,-999.0,-999.0,-999,-999.0,-999.0,-999.0,-999.0,-999.0,-999.0,-999.0,-999.0,10.0,-999.0,-999.0,-999.0,-999,-999,-999,-999.0,-999.0,-999,1544;1547;1848;2151;2655,-999.0,-999.0,-999.0,-999.0,81338.19,1.35,-3.57,-1.1,123.45,118.75,121.1,17,51.44,17.0,0.1,222.91,204.36,1813.47,1916.92
Artiodactyla,Bovidae,Bison,bonasus,Bison bonasus,2,675876.7,-999.0,2900.0,-999.0,1068.38,-999.0,-999.0,2,-999.0,265.99,2,7.91,7.42,638.75,1.0,1.0,324.0,23358.61,-999.0,0.88,-999.0,841.82,35.0,-999,1,1,287.32,-999.0,-999,511;543;730;899;1297;1525;1573;1848;1864;2655,-999.0,-999.0,-999.0,-999.0,-999.0,-999.0,-999.0,-999.0,-999.0,-999.0,-999.0,-999,-999.0,-999.0,-999.0,-999.0,-999.0,-999.0,-999.0
Rodentia,Muridae,Rattus,feliceus,Rattus feliceus,-999,306.0,-999.0,-999.0,-999.0,-999.0,-999.0,-999.0,-999,-999.0,-999.0,-999,-999.0,-999.0,-999.0,-999.0,-999.0,-999.0,-999.0,-999.0,-999.0,-999.0,-999.0,-999.0,-999,-999,-999,-999.0,-999.0,-999,2655,-999.0,-999.0,-999.0,-999.0,50.4,-3.23,-3.3,-3.26,129.66,129.59,129.63,23,23.0,23.0,0.04,277.0,243.0,-999.0,-999.0
Peramelemorphia,Peramelidae,Echymipera,echinista,Echymipera echinista,-999,1204.61,-999.0,348.94,-999.0,-999.0,-999.0,-999.0,-999,-999.0,-999.0,-999,-999.0,-999.0,-999.0,-999.0,-999.0,-999.0,-999.0,-999.0,-999.0,-999.0,-999.0,-999.0,6,-999,-999,-999.0,-999.0,-999,977;1990;1991;2655,-999.0,-999.0,-999.0,-999.0,547.08,-5.38,-8.94,-7.16,143.05,142.11,142.58,1,3.76,1.0,0.15,281.0,215.06,1586.57,1661.31
Artiodactyla,Bovidae,Antilope,cervicapra,Antilope cervicapra,-999,36301.1,-999.0,1250.0,-999.0,669.16,-999.0,-999.0,5,-999.0,166.59,1,0.62,-999.0,212.56,1.22,2.0,243.0,3386.14,-999.0,4.25,27.5,700.04,30.0,-999,1,1,59.5,-999.0,-999,511;543;730;899;1297;1525;1848;2374;2655,-999.0,-999.0,-999.0,-999.0,1248646.6,29.43,8.06,18.75,84.2,68.91,76.56,33,284.26,79.0,0.09,76.83,256.63,688.1,1447.0
Primates,Cercopithecidae,Presbytis,comata,Presbytis comata,3,6550.07,-999.0,510.0,-999.0,-999.0,-999.0,-999.0,3,-999.0,-999.0,1,0.13,0.23,-999.0,1.01,-999.0,-999.0,-999.0,-999.0,25.68,6.75,-999.0,7.05,-999,2,1,-999.0,-999.0,-999,208;730;741;899;1297;1347;1544;1547;1848;2344;2655;2660;2986,-999.0,-999.0,-999.0,-999.0,42000.55,-5.87,-7.66,-6.77,108.56,105.2,106.88,270,934.62,298.0,0.08,217.85,244.13,1588.52,1752.69
Carnivora,Viverridae,Genetta,genetta,Genetta genetta,1,1756.17,-999.0,552.44,8.0,-999.0,-999.0,-999.0,6,-999.0,74.18,1,10.9,11.54,182.5,2.29,-999.0,408.0,77.75,146.0,1.88,-999.0,1262.74,-999.0,-999,1,2,71.8,-999.0,-999,543;730;1113;1297;1573;2655,-999.0,1.56,-999.0,-999.0,17766920.65,49.9,-34.83,7.53,51.41,-17.53,16.93,0,39.75,0.0,0.1,53.49,228.99,601.6,1450.99
Chiroptera,Phyllostomidae,Chiroderma,salvini,Chiroderma salvini,-999,26.3,47.5,-999.0,-999.0,-999.0,-999.0,-999.0,1,-999.0,-999.0,1,-999.0,-999.0,-999.0,0.99,-999.0,-999.0,-999.0,-999.0,-999.0,-999.0,-999.0,-999.0,-999,2,1,-999.0,-999.0,-999,196;890;1297;1316;1658;2151;2622;2655;2719,-999.0,-999.0,-999.0,-999.0,3181262.57,26.71,-18.74,3.98,-61.87,-109.44,-85.66,0,48.18,1.0,0.11,137.6,208.68,1201.84,1536.73
Soricomorpha,Talpidae,Condylura,cristata,Condylura cristata,2,48.15,-999.0,115.65,-999.0,-999.0,-999.0,-999.0,2,-999.0,40.0,3,0.003656234,0.003673369,-999.0,5.39,1.0,36.0,1.5,-999.0,4999.99,1.5,304.16,-999.0,8,1,3,20.84,-999.0,-999,176;595;749;1297;1338;2131;2266;2513;2655;2786,-999.0,-999.0,-999.0,-999.0,3692908.52,56.05,30.15,43.1,-55.61,-100.03,-77.82,0,40.68,0.0,0.03,68.07,36.91,534.43,575.53
Rodentia,Heteromyidae,Dipodomys,nelsoni,Dipodomys nelsoni,1,87.93,-999.0,127.5,-999.0,-999.0,-999.0,-999.0,1,-999.0,-999.0,2,-999.0,-999.0,-999.0,1.94,-999.0,-999.0,-999.0,-999.0,373.61,-999.0,-999.0,-999.0,-999,1,1,-999.0,-999.0,-999,301;1297;2473;2655,-999.0,-999.0,-999.0,-999.0,193502.54,29.29,23.57,26.43,-99.9,-105.67,-102.78,0,12.47,0.0,0.1,23.26,177.85,453.64,1056.38
Artiodactyla,Cervidae,Mazama,bororo,Mazama bororo,-999,-999.0,-999.0,-999.0,-999.0,-999.0,-999.0,-999.0,-999,-999.0,-999.0,-999,-999.0,-999.0,-999.0,-999.0,-999.0,-999.0,-999.0,-999.0,-999.0,-999.0,-999.0,-999.0,-999,-999,-999,-999.0,-999.0,-999,-999,-999.0,-999.0,-999.0,-999.0,28312.32,-23.54,-25.75,-24.65,-47.65,-49.64,-48.65,10,59.81,11.0,0.06,152.76,182.81,1240.93,1264.57
Chiroptera,Hipposideridae,Hipposideros,lekaguli,Hipposideros lekaguli,-999,31.08,75.49,-999.0,-999.0,-999.0,-999.0,-999.0,1,-999.0,-999.0,1,-999.0,-999.0,-999.0,-999.0,-999.0,-999.0,-999.0,-999.0,-999.0,-999.0,-999.0,-999.0,-999,2,3,-999.0,-999.0,-999,196;679;1658;2151;2622;2655,-999.0,-999.0,-999.0,-999.0,200167.27,18.65,5.06,11.85,124.19,98.5,111.34,7,223.72,18.0,0.08,218.84,247.95,1392.02,1766.37
Artiodactyla,Cervidae,Rangifer,tarandus,Rangifer tarandus,-999,109088.5,-999.0,2224.35,-999.0,-999.0,-999.0,-999.0,3,-999.0,222.5,-999,2771.22,2599.89,365.0,2.0,-999.0,242.4,5490.62,-999.0,2.55,100000.0,758.71,-999.0,-999,-999,1,136.87,24907.05,-999,511;543;653;730;764;1015;1297;1404;1573;1763;2512;2525;2655;2718;2986;3009;3010,-999.0,1.1,-999.0,-999.0,18376464.07,83.62,45.55,64.59,177.44,-168.12,4.65,0,1.07,0.0,-0.04,29.21,-90.47,236.86,260.98
Primates,Hominidae,Pongo,pygmaeus,Pongo pygmaeus,3,53408.29,-999.0,890.0,-999.0,3591.6,-999.0,-999.0,5,-999.0,259.42,2,3.88,5.49,2007.5,1.07,-999.0,720.0,1644.2,-999.0,2.0,1.0,3318.62,1.0,-999,2,2,1088.8,10537.59,-999,208;543;730;899;1038;1195;1297;1529;1544;1547;1577;1611;1763;1767;1848;2344;2489;2493;2655;2660;2986,-999.0,0.46,-999.0,-999.0,245264.03,5.34,-2.67,1.33,117.37,110.94,114.15,1,11.82,4.0,0.17,258.7,237.71,1676.64,1691.74
Chiroptera,Pteropodidae,Pteropus,loochoensis,Pteropus loochoensis,-999,-999.0,-999.0,-999.0,-999.0,-999.0,-999.0,-999.0,-999,-999.0,-999.0,-999,-999.0,-999.0,-999.0,-999.0,-999.0,-999.0,-999.0,-999.0,-999.0,-999.0,-999.0,-999.0,-999,-999,-999,-999.0,-999.0,-999,-999,-999.0,-999.0,-999.0,-999.0,-999.0,-999.0,-999.0,-999.0,-999.0,-999.0,-999.0,-999,-999.0,-999.0,-999.0,-999.0,-999.0,-999.0,-999.0
Primates,Pitheciidae,Callicebus,oenanthe,Callicebus oenanthe,3,992.4,-999.0,-999.0,-999.0,-999.0,-999.0,-999.0,-999,-999.0,-999.0,1,-999.0,-999.0,-999.0,1.02,-999.0,-999.0,-999.0,-999.0,-999.0,-999.0,-999.0,1.0,-999,2,-999,-999.0,-999.0,-999,1605;1633;2151;2655,-999.0,-999.0,-999.0,-999.0,5807.21,-5.16,-5.98,-5.57,-76.96,-77.67,-77.31,2,8.33,2.0,0.06,139.67,220.5,1287.01,1394.99
Chiroptera,Vespertilionidae,Eptesicus,furinalis,Eptesicus furinalis,-999,7.7,39.15,-999.0,-999.0,-999.0,-999.0,-999.0,1,-999.0,92.54,1,-999.0,-999.0,-999.0,1.86,2.0,-999.0,1.34,31.28,-999.0,-999.0,338.33,-999.0,-999,2,3,-999.0,-999.0,-999,196;1297;1325;1388;1658;2019;2100;2151;2655;2719;3023,-999.0,-999.0,-999.0,-999.0,15960672.0,23.59,-36.24,-6.32,-34.79,-105.67,-70.23,0,27.82,0.0,0.11,139.02,226.93,1220.0,1481.64
Chiroptera,Vespertilionidae,Kerivoula,phalaena,Kerivoula phalaena,-999,3.03,28.0,-999.0,-999.0,-999.0,-999.0,-999.0,-999,-999.0,-999.0,1,-999.0,-999.0,-999.0,-999.0,-999.0,-999.0,-999.0,-999.0,-999.0,-999.0,-999.0,-999.0,-999,2,-999,-999.0,-999.0,-999,196;1658;2151;2655,-999.0,-999.0,-999.0,-999.0,584946.43,7.9,-0.81,3.54,19.18,-10.73,4.22,0,49.62,1.0,0.07,156.2,249.92,1371.3,1550.33
Rodentia,Nesomyidae,Brachytarsomys,villosa,Brachytarsomys villosa,-999,219.99,-999.0,-999.0,-999.0,-999.0,-999.0,-999.0,-999,-999.0,-999.0,-999,-999.0,-999.0,-999.0,-999.0,-999.0,-999.0,-999.0,-999.0,-999.0,-999.0,-999.0,-999.0,-999,-999,-999,-999.0,-999.0,-999,2655,-999.0,-999.0,-999.0,-999.0,-999.0,-999.0,-999.0,-999.0,-999.0,-999.0,-999.0,-999,-999.0,-999.0,-999.0,-999.0,-999.0,-999.0,-999.0
Chiroptera,Hipposideridae,Hipposideros,ridleyi,Hipposideros ridleyi,-999,9.59,46.89,-999.0,-999.0,-999.0,-999.0,-999.0,1,-999.0,-999.0,1,-999.0,-999.0,-999.0,0.98,2.0,-999.0,-999.0,-999.0,-999.0,-999.0,-999.0,-999.0,-999,2,3,-999.0,-999.0,-999,196;679;1015;1162;1297;1658;2151;2655;2719,-999.0,-999.0,-999.0,-999.0,178832.48,6.1,0.66,3.38,118.78,101.55,110.17,1,70.12,2.0,0.18,268.14,237.02,1685.09,1735.06
Didelphimorphia,Didelphidae,Marmosops,invictus,Marmosops invictus,1,29.19,-999.0,111.27,-999.0,-999.0,-999.0,-999.0,3,-999.0,-999.0,2,-999.0,-999.0,-999.0,-999.0,-999.0,-999.0,-999.0,-999.0,-999.0,-999.0,-999.0,-999.0,-999,2,2,-999.0,-999.0,-999,889;905;2291;2655,-999.0,-999.0,-999.0,-999.0,23715.9,9.27,7.08,8.18,-77.22,-82.77,-80.0,3,34.22,3.0,0.06,210.58,254.29,1552.51,1695.42
Diprotodontia,Phalangeridae,Phalanger,sericeus,Phalanger sericeus,1,2003.0,-999.0,412.36,-999.0,-999.0,-999.0,-999.0,2,-999.0,-999.0,1,-999.0,-999.0,-999.0,1.02,-999.0,-999.0,-999.0,-999.0,-999.0,-999.0,-999.0,-999.0,-999,2,1,-999.0,-999.0,-999,975;977;1760;1848;1991;2655,-999.0,-999.0,-999.0,-999.0,182383.64,-3.37,-9.48,-6.43,148.1,137.07,142.59,1,10.95,2.0,0.14,285.3,197.15,1676.5,1691.45
Artiodactyla,Bovidae,Gazella,erlangeri,Gazella erlangeri,-999,-999.0,-999.0,-999.0,-999.0,-999.0,-999.0,-999.0,-999,-999.0,-999.0,-999,-999.0,-999.0,-999.0,-999.0,-999.0,-999.0,-999.0,-999.0,-999.0,-999.0,-999.0,-999.0,-999,-999,-999,-999.0,-999.0,-999,-999,-999.0,-999.0,-999.0,-999.0,153353.23,17.38,12.59,14.99,46.73,42.59,44.66,1,80.01,3.0,0.24,9.51,195.19,268.57,1592.18
Rodentia,Sciuridae,Petinomys,fuscocapillus,Petinomys fuscocapillus,-999,794.5,-999.0,-999.0,-999.0,-999.0,-999.0,-999.0,-999,-999.0,-999.0,-999,-999.0,-999.0,-999.0,2.0,-999.0,-999.0,-999.0,-999.0,-999.0,-999.0,-999.0,-999.0,-999,-999,-999,-999.0,-999.0,-999,1297;2655,-999.0,-999.0,-999.0,-999.0,49209.63,10.69,6.31,8.5,81.51,76.02,78.77,100,649.43,103.0,0.04,156.65,259.04,1372.4,1598.24
Artiodactyla,Bovidae,Gazella,bennettii,Gazella bennettii,-999,18916.67,-999.0,-999.0,-999.0,-999.0,-999.0,-999.0,-999,-999.0,-999.0,-999,-999.0,-999.0,-999.0,-999.0,-999.0,-999.0,-999.0,-999.0,-999.0,-999.0,-999.0,-999.0,-999,-999,-999,-999.0,-999.0,-999,2655,-999.0,-999.0,-999.0,-999.0,1733312.37,34.26,15.43,24.85,84.07,64.49,74.28,4,203.1,13.0,0.11,57.22,248.26,529.23,1405.69
Carnivora,Canidae,Lycalopex,sechurae,Lycalopex sechurae,1,4234.0,-999.0,558.91,-999.0,-999.0,-999.0,-999.0,7,-999.0,-999.0,1,-999.0,-999.0,-999.0,-999.0,-999.0,-999.0,-999.0,-999.0,-999.0,-999.0,-999.0,-999.0,-999,1,2,-999.0,-999.0,-999,890;1113;2655,-999.0,-999.0,-999.0,-999.0,75180.74,-3.32,-12.96,-8.14,-76.19,-81.35,-78.77,0,142.69,7.0,0.09,15.0,169.29,462.66,1328.54
Rodentia,Heteromyidae,Perognathus,longimembris,Perognathus longimembris,1,8.07,-999.0,-999.0,14.5,-999.0,12.58,8.2,1,-999.0,22.74,-999,0.002322898,0.00277759,-999.0,4.45,1.0,99.6,1.25,-999.0,174.0,-999.0,125.41,-999.0,-999,-999,1,18.67,4.0,-999,418;543;602;730;808;982;1019;1215;1293;1297;1514;1577;1749;1822;2655,-999.0,-999.0,-999.0,-999.0,518799.79,43.05,28.48,35.77,-110.53,-121.82,-116.17,0,51.89,0.0,0.12,20.68,114.84,272.48,1028.11
Chiroptera,Rhinolophidae,Rhinolophus,osgoodi,Rhinolophus osgoodi,-999,-999.0,43.5,-999.0,-999.0,-999.0,-999.0,-999.0,-999,-999.0,-999.0,1,-999.0,-999.0,-999.0,-999.0,-999.0,-999.0,-999.0,-999.0,-999.0,-999.0,-999.0,-999.0,-999,2,-999,-999.0,-999.0,-999,1658;2151,12.39,-999.0,-999.0,-999.0,1032184.17,31.4,23.88,27.64,119.29,99.71,109.5,9,223.68,66.0,0.06,117.52,145.58,987.38,1057.69
Rodentia,Echimyidae,Phyllomys,dasythrix,Phyllomys dasythrix,1,260.0,-999.0,-999.0,-999.0,-999.0,-999.0,-999.0,-999,-999.0,-999.0,1,-999.0,-999.0,-999.0,-999.0,-999.0,-999.0,-999.0,-999.0,-999.0,-999.0,-999.0,-999.0,-999,2,-999,-999.0,-999.0,-999,890;2655,-999.0,-999.0,-999.0,-999.0,276503.46,-23.85,-33.63,-28.74,-49.83,-54.41,-52.12,3,38.04,7.0,0.04,130.13,175.46,1107.67,1170.46
Lagomorpha,Leporidae,Lepus,peguensis,Lepus peguensis,-999,2267.5,-999.0,-999.0,-999.0,-999.0,-999.0,-999.0,-999,-999.0,-999.0,-999,-999.0,-999.0,-999.0,-999.0,-999.0,-999.0,-999.0,-999.0,-999.0,-999.0,-999.0,-999.0,-999,-999,-999,-999.0,-999.0,-999,989,-999.0,-999.0,-999.0,-999.0,1932180.66,27.21,8.55,17.88,109.46,93.29,101.37,1,113.01,8.0,0.09,146.13,219.76,1093.7,1456.98
Primates,Hylobatidae,Nomascus,hainanus,Nomascus hainanus,-999,-999.0,-999.0,-999.0,-999.0,-999.0,-999.0,-999.0,-999,-999.0,-999.0,-999,-999.0,-999.0,-999.0,-999.0,-999.0,-999.0,-999.0,-999.0,-999.0,-999.0,-999.0,-999.0,-999,-999,-999,-999.0,-999.0,-999,-999,-999.0,-999.0,-999.0,-999.0,15875.47,22.77,18.5,20.63,110.21,105.11,107.66,54,210.26,54.0,0.09,117.65,217.93,1161.6,1576.16
Primates,Hylobatidae,Nomascus,leucogenys,Nomascus leucogenys,3,7320.0,-999.0,545.0,-999.0,-999.0,-999.0,-999.0,-999,-999.0,-999.0,-999,-999.0,-999.0,-999.0,-999.0,-999.0,-999.0,497.33,-999.0,-999.0,-999.0,-999.0,1.0,-999,-999,-999,-999.0,-999.0,-999,1547;1848;2655;2660,-999.0,-999.0,-999.0,-999.0,194572.77,23.75,18.07,20.91,106.03,99.54,102.78,5,100.25,9.5,0.1,123.41,190.67,1050.88,1289.06
Cetacea,Delphinidae,Lissodelphis,borealis,Lissodelphis borealis,-999,113000.0,-999.0,-999.0,-999.0,-999.0,-999.0,-999.0,-999,-999.0,-999.0,1,-999.0,-999.0,-999.0,-999.0,-999.0,-999.0,-999.0,-999.0,-999.0,-999.0,-999.0,-999.0,-999,-999,-999,-999.0,-999.0,-999,2151;2655,-999.0,-999.0,-999.0,-999.0,-999.0,-999.0,-999.0,-999.0,-999.0,-999.0,-999.0,-999,-999.0,-999.0,-999.0,-999.0,-999.0,-999.0,-999.0
Chiroptera,Vespertilionidae,Myotis,bombinus,Myotis bombinus,-999,-999.0,40.0,-999.0,-999.0,-999.0,-999.0,-999.0,-999,-999.0,-999.0,1,-999.0,-999.0,-999.0,-999.0,-999.0,-999.0,-999.0,-999.0,-999.0,-999.0,-999.0,-999.0,-999,2,-999,-999.0,-999.0,-999,1658;2151,9.74,-999.0,-999.0,-999.0,662214.05,48.22,30.98,39.6,145.82,123.95,134.89,1,222.24,4.0,0.01,95.43,51.43,649.5,707.13
Rodentia,Ctenomyidae,Ctenomys,budini,Ctenomys budini,-999,-999.0,-999.0,-999.0,-999.0,-999.0,-999.0,-999.0,-999,-999.0,-999.0,-999,-999.0,-999.0,-999.0,-999.0,-999.0,-999.0,-999.0,-999.0,-999.0,-999.0,-999.0,-999.0,-999,-999,-999,-999.0,-999.0,-999,-999,-999.0,-999.0,-999.0,-999.0,-999.0,-999.0,-999.0,-999.0,-999.0,-999.0,-999.0,-999,-999.0,-999.0,-999.0,-999.0,-999.0,-999.0,-999.0
Chiroptera,Hipposideridae,Hipposideros,armiger,Hipposideros armiger,-999,49.99,89.49,-999.0,-999.0,-999.0,-999.0,-999.0,1,-999.0,-999.0,1,-999.0,-999.0,-999.0,-999.0,-999.0,-999.0,-999.0,-999.0,-999.0,-999.0,-999.0,-999.0,-999,2,3,-999.0,-999.0,-999,196;679;1658;2151;2622;2655;2719,-999.0,-999.0,-999.0,-999.0,4465866.75,33.01,1.26,17.13,122.13,77.88,100.01,1,209.75,9.0,0.08,143.35,185.89,1069.98,1300.83
Chiroptera,Vespertilionidae,Kerivoula,hardwickii,Kerivoula hardwickii,-999,4.55,34.99,-999.0,-999.0,-999.0,-999.0,-999.0,-999,-999.0,-999.0,1,-999.0,-999.0,-999.0,1.0,-999.0,-999.0,-999.0,-999.0,-999.0,-999.0,-999.0,-999.0,-999,2,-999,-999.0,-999.0,-999,1439;1621;1658;2151;2622;2655,-999.0,-999.0,-999.0,-999.0,4798120.88,33.12,-10.32,11.4,126.92,74.78,100.85,1,196.43,6.0,0.1,176.37,219.75,1240.85,1501.19
Diprotodontia,Petauridae,Dactylopsila,tatei,Dactylopsila tatei,1,252.0,-999.0,-999.0,-999.0,-999.0,-999.0,-999.0,3,-999.0,-999.0,1,-999.0,-999.0,-999.0,-999.0,-999.0,-999.0,-999.0,-999.0,-999.0,-999.0,-999.0,-999.0,2,2,2,-999.0,-999.0,-999,1760;1848;2152;2655,-999.0,-999.0,-999.0,-999.0,231.26,-9.34,-9.5,-9.42,150.62,150.44,150.53,12,12.0,12.0,0.09,267.0,254.0,-999.0,-999.0
Didelphimorphia,Didelphidae,Monodelphis,domestica,Monodelphis domestica,2,93.45,-999.0,148.1,-999.0,182.5,61.25,104.0,2,-999.0,14.55,1,-999.0,-999.0,52.5,7.29,4.0,72.0,0.09,8.99,400.0,-999.0,162.11,1.0,-999,1,3,49.49,21.0,-999,140;256;543;889;905;955;1297;1412;1822;2054;2151;2484;2655,-999.0,-999.0,-999.0,-999.0,2708946.4,-2.1,-26.16,-14.13,-34.79,-63.51,-49.15,0,58.27,0.0,0.07,106.53,229.86,1100.4,1394.65
Rodentia,Bathyergidae,Georychus,capensis,Georychus capensis,3,188.36,-999.0,-999.0,10.0,-999.0,109.74,186.0,2,59.99,43.74,1,0.000212281,0.000199157,-999.0,5.94,2.0,36.0,8.12,34.96,1100.0,-999.0,-999.0,1.0,-999,1,2,21.83,265.0,-999,230;231;242;244;245;247;543;740;1297;1573;1822;2413;2629;2655,-999.0,-999.0,-999.0,-999.0,145197.2,-25.41,-34.83,-30.12,31.03,17.84,24.44,1,65.04,1.0,0.1,51.45,151.87,700.04,1157.34
Chiroptera,Molossidae,Tadarida,australis,Tadarida australis,-999,36.4,45.11,-999.0,-999.0,365.0,-999.0,-999.0,-999,-999.0,-999.0,1,-999.0,-999.0,-999.0,1.0,1.0,-999.0,4.53,40.04,-999.0,-999.0,-999.0,-999.0,-999,2,-999,-999.0,-999.0,-999,1297;1620;1658;1835;2143;2151;2622;2655,-999.0,-999.0,-999.0,-999.0,5602874.26,-19.11,-39.13,-29.12,153.63,113.14,133.39,0,3.78,0.0,0.03,29.51,196.9,362.06,1240.56
Rodentia,Spalacidae,Tachyoryctes,storeyi,Tachyoryctes storeyi,-999,-999.0,-999.0,-999.0,-999.0,-999.0,-999.0,-999.0,-999,-999.0,-999.0,-999,-999.0,-999.0,-999.0,-999.0,-999.0,-999.0,-999.0,-999.0,-999.0,-999.0,-999.0,-999.0,-999,-999,-999,-999.0,-999.0,-999,-999,-999.0,-999.0,-999.0,-999.0,-999.0,-999.0,-999.0,-999.0,-999.0,-999.0,-999.0,-999,-999.0,-999.0,-999.0,-999.0,-999.0,-999.0,-999.0
Primates,Atelidae,Ateles,marginatus,Ateles marginatus,3,6229.28,-999.0,460.27,-999.0,-999.0,-999.0,-999.0,2,-999.0,-999.0,1,-999.0,-999.0,-999.0,-999.0,-999.0,-999.0,-999.0,-999.0,-999.0,-999.0,-999.0,-999.0,-999,2,1,-999.0,-999.0,-999,1544;1848;2151;2655,-999.0,-999.0,-999.0,-999.0,831855.4,-0.54,-8.84,-4.69,-47.7,-64.33,-56.01,0,4.83,0.0,0.11,169.03,252.71,1421.4,1592.48
Rodentia,Echimyidae,Proechimys,kulinae,Proechimys kulinae,-999,-999.0,-999.0,-999.0,-999.0,-999.0,-999.0,-999.0,-999,-999.0,-999.0,-999,-999.0,-999.0,-999.0,-999.0,-999.0,-999.0,-999.0,-999.0,-999.0,-999.0,-999.0,-999.0,-999,-999,-999,-999.0,-999.0,-999,-999,-999.0,-999.0,-999.0,-999.0,-999.0,-999.0,-999.0,-999.0,-999.0,-999.0,-999.0,-999,-999.0,-999.0,-999.0,-999.0,-999.0,-999.0,-999.0
Chiroptera,Rhinolophidae,Rhinolophus,alcyone,Rhinolophus alcyone,-999,18.62,51.5,-999.0,-999.0,-999.0,-999.0,-999.0,-999,-999.0,-999.0,1,-999.0,-999.0,-999.0,0.98,-999.0,-999.0,-999.0,-999.0,-999.0,-999.0,-999.0,-999.0,-999,2,-999,-999.0,-999.0,-999,1297;1658;2151;2622;2655,-999.0,-999.0,-999.0,-999.0,2901061.64,10.59,-5.06,2.76,31.93,-14.49,8.71,0,51.66,1.0,0.12,153.64,244.74,1361.21,1561.65
Carnivora,Felidae,Lynx,rufus,Lynx rufus,2,6374.47,-999.0,689.81,8.0,547.5,2665.2,6200.0,1,365.0,59.99,1,31.2,33.36,365.0,2.76,-999.0,388.0,300.0,-999.0,0.1,-999.0,668.22,-999.0,-999,1,3,59.99,-999.0,-999,367;542;543;1113;1297;1573;2338;2620;2655,-999.0,1.1,-999.0,-999.0,9702533.02,58.81,16.69,37.75,-60.96,-127.7,-94.33,0,30.7,0.0,0.06,53.72,108.31,579.21,906.09
Primates,Cercopithecidae,Trachypithecus,pileatus,Trachypithecus pileatus,3,11219.93,-999.0,575.0,-999.0,-999.0,-999.0,-999.0,-999,-999.0,-999.0,-999,0.22,0.37,-999.0,-999.0,-999.0,-999.0,-999.0,-999.0,81.49,7.85,-999.0,8.5,-999,-999,-999,-999.0,-999.0,-999,730;741;1347;1544;1547;1848;2344;2655;2986,-999.0,-999.0,-999.0,-999.0,453900.78,28.44,21.21,24.83,99.63,88.0,93.81,1,326.52,3.0,0.08,190.31,203.32,1063.78,1264.71
Chiroptera,Thyropteridae,Thyroptera,lavali,Thyroptera lavali,-999,-999.0,-999.0,-999.0,-999.0,-999.0,-999.0,-999.0,-999,-999.0,-999.0,-999,-999.0,-999.0,-999.0,-999.0,-999.0,-999.0,-999.0,-999.0,-999.0,-999.0,-999.0,-999.0,-999,-999,-999,-999.0,-999.0,-999,-999,-999.0,-999.0,-999.0,-999.0,1256123.71,5.68,-8.46,-1.38,-61.95,-77.72,-69.83,0,0.92,0.0,0.1,203.11,255.22,1547.45,1578.06
Rodentia,Heteromyidae,Chaetodipus,baileyi,Chaetodipus baileyi,-999,28.44,-999.0,93.93,-999.0,-999.0,38.0,29.1,2,-999.0,-999.0,-999,-999.0,-999.0,-999.0,3.68,-999.0,-999.0,-999.0,-999.0,3548.51,-999.0,-999.0,-999.0,-999,-999,2,-999.0,-999.0,-999,730;808;1297;1514;1822;2233;2411;2415;2655,-999.0,-999.0,-999.0,-999.0,225471.23,34.36,25.56,29.96,-108.48,-114.93,-111.71,0,22.35,1.0,0.15,22.76,197.61,388.99,1191.29
Soricomorpha,Nesophontidae,Nesophontes,superstes,Nesophontes superstes,-999,-999.0,-999.0,-999.0,-999.0,-999.0,-999.0,-999.0,-999,-999.0,-999.0,-999,-999.0,-999.0,-999.0,-999.0,-999.0,-999.0,-999.0,-999.0,-999.0,-999.0,-999.0,-999.0,-999,-999,-999,-999.0,-999.0,-999,-999,-999.0,-999.0,-999.0,-999.0,-999.0,-999.0,-999.0,-999.0,-999.0,-999.0,-999.0,-999,-999.0,-999.0,-999.0,-999.0,-999.0,-999.0,-999.0
Artiodactyla,Bovidae,Capra,ibex,Capra ibex,-999,69546.83,-999.0,-999.0,-999.0,912.5,-999.0,-999.0,2,-999.0,167.5,1,-999.0,-999.0,547.5,1.11,-999.0,267.6,2779.07,-999.0,-999.0,-999.0,838.54,-999.0,3,1,1,111.75,15683.39,-999,511;543;1297;1525;1763;1848;2555;2655,-999.0,0.89,-999.0,-999.0,145098.13,47.9,43.76,45.83,15.5,4.76,10.13,12,135.27,26.0,0.03,87.78,42.76,586.2,627.49
Artiodactyla,Bovidae,Gazella,spekei,Gazella spekei,-999,20000.0,-999.0,885.0,-999.0,-999.0,-999.0,-999.0,-999,-999.0,178.59,1,-999.0,-999.0,206.5,1.0,-999.0,152.04,1250.0,-999.0,-999.0,-999.0,403.21,14.25,-999,1,-999,-999.0,-999.0,-999,511;1297;1525;1554;1848;2655;2693,-999.0,1.46,-999.0,-999.0,170828.32,10.91,2.02,6.47,51.41,44.0,47.71,1,11.38,3.0,0.04,13.51,248.39,203.01,1795.45
Diprotodontia,Phalangeridae,Phalanger,vestitus,Phalanger vestitus,1,1850.0,-999.0,424.9,-999.0,-999.0,-999.0,-999.0,3,-999.0,-999.0,1,-999.0,-999.0,-999.0,1.01,-999.0,-999.0,-999.0,-999.0,-999.0,-999.0,-999.0,1.0,-999,2,1,-999.0,-999.0,-999,977;1093;1760;1848;1991;2655,-999.0,-999.0,-999.0,-999.0,81554.54,-0.44,-10.21,-5.33,149.92,132.26,141.09,1,12.19,2.0,0.14,326.78,181.5,1666.18,1704.51
Cetacea,Delphinidae,Stenella,clymene,Stenella clymene,-999,-999.0,-999.0,-999.0,-999.0,-999.0,-999.0,-999.0,1,-999.0,-999.0,1,-999.0,-999.0,-999.0,-999.0,-999.0,-999.0,-999.0,-999.0,-999.0,-999.0,-999.0,-999.0,-999,-999,3,-999.0,-999.0,-999,511;2151,-999.0,-999.0,-999.0,-999.0,-999.0,-999.0,-999.0,-999.0,-999.0,-999.0,-999.0,-999,-999.0,-999.0,-999.0,-999.0,-999.0,-999.0,-999.0
Carnivora,Eupleridae,Cryptoprocta,ferox,Cryptoprocta ferox,2,9500.0,246.0,726.04,17.75,-999.0,-999.0,-999.0,2,521.26,92.54,3,0.75,0.9,-999.0,2.98,1.0,240.0,99.96,-999.0,0.88,1.0,1262.74,-999.0,6,2,3,136.1,5251.93,-999,543;730;817;1045;1048;1113;1291;1297;1687;1740;2151;2655;2932;3053,-999.0,-999.0,-999.0,-999.0,214312.12,-12.31,-25.6,-18.96,50.48,43.22,46.85,2,24.1,3.0,0.19,125.27,221.98,1097.77,1614.19
Rodentia,Heteromyidae,Dipodomys,agilis,Dipodomys agilis,-999,60.21,-999.0,-999.0,-999.0,-999.0,64.05,61.0,-999,-999.0,-999.0,-999,0.002396454,0.003056376,-999.0,2.6,2.0,-999.0,-999.0,-999.0,687.9,-999.0,210.0,-999.0,-999,-999,-999,-999.0,-999.0,-999,730;1297;1822;1849;2655,-999.0,-999.0,-999.0,-999.0,59736.35,36.33,32.94,34.64,-115.76,-120.65,-118.21,0,223.98,1.0,0.1,32.27,122.09,304.91,1175.0
Lagomorpha,Leporidae,Pentalagus,furnessi,Pentalagus furnessi,1,-999.0,-999.0,443.99,-999.0,-999.0,-999.0,-999.0,3,-999.0,-999.0,2,-999.0,-999.0,-999.0,2.44,-999.0,-999.0,-999.0,-999.0,-999.0,-999.0,-999.0,-999.0,-999,1,1,-999.0,-999.0,-999,2;95;511;899;1292;2758,2295.21,-999.0,-999.0,-999.0,960.37,28.51,27.65,28.08,129.72,128.88,129.3,365,365.0,365.0,0.04,-999.0,-999.0,-999.0,-999.0
Chiroptera,Molossidae,Eumops,dabbenei,Eumops dabbenei,-999,67.27,76.5,-999.0,-999.0,-999.0,-999.0,-999.0,-999,-999.0,-999.0,1,-999.0,-999.0,-999.0,-999.0,-999.0,-999.0,-999.0,-999.0,-999.0,-999.0,-999.0,-999.0,-999,2,-999,-999.0,-999.0,-999,1658;2151;2622;2655,-999.0,-999.0,-999.0,-999.0,1430059.82,12.46,-29.97,-8.75,-56.2,-75.53,-65.86,0,35.15,0.0,0.11,91.55,222.25,1080.01,1393.17
Carnivora,Ursidae,Tremarctos,ornatus,Tremarctos ornatus,2,123176.97,-999.0,1766.58,-999.0,-999.0,-999.0,-999.0,5,-999.0,215.0,1,-999.0,-999.0,-999.0,1.44,-999.0,437.0,320.0,-999.0,-999.0,-999.0,-999.0,-999.0,-999,1,2,173.44,-999.0,-999,543;890;1113;1297;2655,-999.0,-999.0,-999.0,-999.0,409517.73,11.25,-22.3,-5.52,-63.19,-80.06,-71.63,1,35.22,2.0,0.11,125.36,179.82,1182.37,1482.17
Perissodactyla,Equidae,Equus,burchellii,Equus burchellii,-999,279160.65,-999.0,-999.0,-999.0,1277.5,-999.0,-999.0,3,-999.0,371.2,1,127.99,120.07,385.0,1.0,-999.0,480.0,32274.54,-999.0,7.0,5.1,709.82,-999.0,-999,1,1,294.11,165361.14,-999,127;543;730;854;1199;1297;1573;1763;2338;2620;2629;2655,-999.0,1.07,-999.0,-999.0,4696974.13,6.91,-29.1,-11.09,40.73,11.73,26.23,0,34.32,1.0,0.16,75.72,221.51,871.81,1491.98
Primates,Pitheciidae,Callicebus,pallescens,Callicebus pallescens,-999,-999.0,-999.0,-999.0,-999.0,-999.0,-999.0,-999.0,-999,-999.0,-999.0,-999,-999.0,-999.0,-999.0,-999.0,-999.0,-999.0,-999.0,-999.0,-999.0,-999.0,-999.0,-999.0,-999,-999,-999,-999.0,-999.0,-999,-999,-999.0,-999.0,-999.0,-999.0,93328.33,-16.39,-21.29,-18.84,-57.52,-61.25,-59.39,0,0.63,0.0,0.1,86.34,258.42,1071.44,1315.57
Erinaceomorpha,Erinaceidae,Erinaceus,europaeus,Erinaceus europaeus,2,777.95,-999.0,237.17,-999.0,349.79,404.6,970.6,8,-999.0,36.98,1,0.08,0.07,-999.0,4.64,1.5,168.0,15.54,70.0,123.0,-999.0,265.8,-999.0,9,1,2,40.0,235.0,-999,294;402;543;678;730;799;821;826;966;1297;1411;1456;1465;1573;1577;1822;1946;2060;2062;2063;2064;2080;2219;2338;2408;2566;2655;2786;3095,-999.0,-999.0,-999.0,-999.0,3201699.12,69.9,37.67,53.78,39.87,-9.11,15.38,0,90.66,1.0,0.003527323,54.11,60.39,431.18,476.38
Primates,Cheirogaleidae,Cheirogaleus,crossleyi,Cheirogaleus crossleyi,-999,-999.0,-999.0,-999.0,-999.0,-999.0,-999.0,-999.0,-999,-999.0,-999.0,-999,-999.0,-999.0,-999.0,-999.0,-999.0,-999.0,-999.0,-999.0,-999.0,-999.0,-999.0,-999.0,-999,-999,-999,-999.0,-999.0,-999,-999,-999.0,-999.0,-999.0,-999.0,47826.13,-16.62,-20.82,-18.72,49.01,47.11,48.06,5,60.66,6.0,0.2,180.87,187.64,1253.51,1513.46
Rodentia,Nesomyidae,Eliurus,grandidieri,Eliurus grandidieri,-999,-999.0,-999.0,-999.0,-999.0,-999.0,-999.0,-999.0,-999,-999.0,-999.0,-999,-999.0,-999.0,-999.0,-999.0,-999.0,-999.0,-999.0,-999.0,-999.0,-999.0,-999.0,-999.0,-999,-999,-999,-999.0,-999.0,-999,-999,-999.0,-999.0,-999.0,-999.0,-999.0,-999.0,-999.0,-999.0,-999.0,-999.0,-999.0,-999,-999.0,-999.0,-999.0,-999.0,-999.0,-999.0,-999.0
Cetacea,Platanistidae,Platanista,minor,Platanista minor,-999,75990.24,-999.0,-999.0,-999.0,-999.0,-999.0,-999.0,2,-999.0,304.16,1,-999.0,-999.0,-999.0,1.0,-999.0,336.0,7000.0,-999.0,-999.0,-999.0,-999.0,-999.0,-999,-999,3,339.47,-999.0,-999,543;899;1297;2151,-999.0,-999.0,-999.0,-999.0,-999.0,-999.0,-999.0,-999.0,-999.0,-999.0,-999.0,-999,-999.0,-999.0,-999.0,-999.0,-999.0,-999.0,-999.0
Rodentia,Geomyidae,Geomys,texensis,Geomys texensis,-999,-999.0,-999.0,165.35,-999.0,-999.0,-999.0,-999.0,-999,-999.0,-999.0,2,-999.0,-999.0,-999.0,-999.0,1.0,-999.0,-999.0,-999.0,-999.0,-999.0,-999.0,1.0,-999,1,-999,-999.0,-999.0,-999,695,132.55,-999.0,-999.0,-999.0,23475.95,31.84,29.5,30.67,-98.47,-99.99,-99.23,1,10.8,1.0,0.06,55.06,178.58,778.68,1207.15
Carnivora,Mustelidae,Mustela,strigidorsa,Mustela strigidorsa,-999,1500.0,-999.0,286.46,-999.0,-999.0,-999.0,-999.0,-999,-999.0,-999.0,1,-999.0,-999.0,-999.0,-999.0,-999.0,-999.0,-999.0,-999.0,-999.0,-999.0,-999.0,-999.0,-999,1,-999,-999.0,-999.0,-999,1113,-999.0,-999.0,-999.0,-999.0,453670.13,28.93,11.0,19.97,106.33,86.64,96.48,1,81.35,2.0,0.09,163.3,159.57,1085.79,1345.23
Rodentia,Sciuridae,Funisciurus,anerythrus,Funisciurus anerythrus,3,223.54,-999.0,184.2,-999.0,-999.0,-999.0,-999.0,1,-999.0,-999.0,2,-999.0,-999.0,-999.0,1.32,-999.0,-999.0,-999.0,-999.0,-999.0,-999.0,-999.0,-999.0,-999,2,1,-999.0,-999.0,-999,900;901;904;1297;2301;2495;2655,-999.0,-999.0,-999.0,-999.0,4317247.49,11.91,-9.34,1.28,32.97,0.23,16.6,0,40.21,1.0,0.12,136.58,245.21,1270.24,1566.04
Rodentia,Cricetidae,Oryzomys,devius,Oryzomys devius,-999,-999.0,-999.0,-999.0,-999.0,-999.0,-999.0,-999.0,-999,-999.0,-999.0,-999,-999.0,-999.0,-999.0,-999.0,-999.0,-999.0,-999.0,-999.0,-999.0,-999.0,-999.0,-999.0,-999,-999,-999,-999.0,-999.0,-999,-999,-999.0,-999.0,-999.0,-999.0,15901.86,10.39,8.59,9.49,-82.28,-84.68,-83.48,9,77.73,9.0,0.11,245.91,249.61,1384.66,1785.18
Rodentia,Sciuridae,Rheithrosciurus,macrotis,Rheithrosciurus macrotis,-999,1353.27,-999.0,406.5,-999.0,-999.0,-999.0,-999.0,-999,-999.0,-999.0,1,-999.0,-999.0,-999.0,-999.0,-999.0,-999.0,-999.0,-999.0,-999.0,-999.0,-999.0,-999.0,-999,1,-999,-999.0,-999.0,-999,2152;2655,-999.0,-999.0,-999.0,-999.0,580501.1,6.26,-3.26,1.49,118.99,109.11,114.05,1,20.89,3.0,0.17,268.03,242.17,1677.18,1699.34
Carnivora,Felidae,Leopardus,geoffroyi,Leopardus geoffroyi,-999,-999.0,-999.0,-999.0,-999.0,-999.0,-999.0,-999.0,-999,-999.0,-999.0,-999,-999.0,-999.0,-999.0,-999.0,-999.0,-999.0,-999.0,-999.0,-999.0,-999.0,-999.0,-999.0,-999,-999,-999,-999.0,-999.0,-999,-999,-999.0,-999.0,-999.0,-999.0,3653843.2,-14.0,-52.42,-33.21,-48.47,-74.06,-61.27,0,11.82,0.0,0.09,68.4,157.23,759.73,1056.86
Primates,Cercopithecidae,Macaca,sinica,Macaca sinica,3,4655.99,-999.0,480.0,-999.0,-999.0,-999.0,-999.0,2,-999.0,180.9,-999,0.4,-999.0,547.5,1.01,-999.0,420.0,-999.0,-999.0,30.0,24.7,1894.11,20.1,-999,-999,1,-999.0,-999.0,-999,208;543;730;1297;1347;1544;1547;1768;1848;2151;2338;2344;2493;2655;2660;2986,-999.0,0.89,-999.0,-999.0,66626.48,9.83,5.91,7.87,81.88,79.69,80.78,68,335.39,74.0,0.07,141.67,258.11,1536.71,1630.08
Didelphimorphia,Didelphidae,Tlacuatzin,canescens,Tlacuatzin canescens,1,47.73,-999.0,-999.0,-999.0,-999.0,-999.0,-999.0,-999,-999.0,-999.0,2,-999.0,-999.0,-999.0,8.49,-999.0,-999.0,-999.0,-999.0,305.11,-999.0,-999.0,1.0,-999,2,-999,-999.0,20.0,-999,568;730;955;1297;1760;2151;2655,-999.0,-999.0,-999.0,-999.0,476499.55,27.28,15.64,21.46,-88.33,-109.72,-99.02,3,43.26,5.0,0.09,87.55,206.14,955.56,1534.22
Primates,Cercopithecidae,Macaca,nemestrina,Macaca nemestrina,3,7820.78,-999.0,535.0,-999.0,1430.8,-999.0,-999.0,2,-999.0,171.0,-999,1.75,-999.0,405.07,1.01,-999.0,411.6,472.92,-999.0,18.92,-999.0,1427.17,22.6,-999,-999,1,292.6,1367.39,-999,208;543;730;1297;1544;1547;1577;1763;1767;1848;1979;2151;2344;2489;2493;2655;2660;2986;3086,-999.0,1.04,-999.0,-999.0,1033482.91,10.98,-4.89,3.04,119.26,96.87,108.07,1,67.59,4.0,0.15,244.98,246.69,1680.5,1732.21
Artiodactyla,Tragulidae,Tragulus,kanchil,Tragulus kanchil,-999,-999.0,-999.0,-999.0,-999.0,-999.0,-999.0,-999.0,-999,-999.0,-999.0,-999,-999.0,-999.0,-999.0,-999.0,-999.0,-999.0,-999.0,-999.0,-999.0,-999.0,-999.0,-999.0,-999,-999,-999,-999.0,-999.0,-999,-999,-999.0,-999.0,-999.0,-999.0,3708821.44,24.14,-5.94,9.09,123.67,72.61,98.14,1,181.55,5.0,0.11,169.24,252.55,1207.55,1629.84
Chiroptera,Vespertilionidae,Myotis,oxygnathus,Myotis oxygnathus,-999,21.23,-999.0,-999.0,-999.0,-999.0,-999.0,-999.0,-999,-999.0,-999.0,-999,-999.0,-999.0,-999.0,-999.0,-999.0,-999.0,-999.0,-999.0,-999.0,-999.0,-999.0,-999.0,-999,-999,-999,-999.0,-999.0,-999,2143,-999.0,-999.0,-999.0,-999.0,2492979.74,50.8,33.35,42.08,70.58,-7.68,31.45,0,112.2,11.0,0.03,52.89,94.78,482.76,795.65
Cingulata,Dasypodidae,Cabassous,tatouay,Cabassous tatouay,-999,5349.95,-999.0,-999.0,-999.0,-999.0,-999.0,-999.0,1,-999.0,-999.0,1,-999.0,-999.0,-999.0,-999.0,-999.0,-999.0,-999.0,-999.0,-999.0,-999.0,-999.0,-999.0,-999,1,3,-999.0,-999.0,-999,889;890;2655,-999.0,-999.0,-999.0,-999.0,4148382.28,-5.16,-34.98,-20.07,-38.3,-58.85,-48.57,0,41.25,1.0,0.09,123.8,219.62,1142.35,1395.23
Primates,Galagidae,Euoticus,elegantulus,Euoticus elegantulus,1,295.48,-999.0,300.0,-999.0,-999.0,215.66,261.75,4,-999.0,133.45,-999,-999.0,-999.0,-999.0,0.99,-999.0,180.0,-999.0,-999.0,16.47,-999.0,-999.0,1.0,-999,-999,2,-999.0,-999.0,-999,208;223;543;730;732;1297;1544;1547;1822;1848;2344;2655;2660;2986,-999.0,-999.0,-999.0,-999.0,901808.78,5.51,-6.05,-0.26,18.39,8.69,13.54,0,18.2,1.0,0.08,149.71,244.37,1298.21,1499.54
Chiroptera,Vespertilionidae,Myotis,macropus,Myotis macropus,-999,-999.0,-999.0,-999.0,-999.0,-999.0,-999.0,-999.0,-999,-999.0,-999.0,-999,-999.0,-999.0,-999.0,-999.0,-999.0,-999.0,-999.0,-999.0,-999.0,-999.0,-999.0,-999.0,-999,-999,-999,-999.0,-999.0,-999,-999,-999.0,-999.0,-999.0,-999.0,792461.6,-10.69,-39.13,-24.91,153.63,139.27,146.45,0,18.48,0.0,0.05,72.45,178.12,746.25,1280.63
Rodentia,Ctenomyidae,Ctenomys,perrensi,Ctenomys perrensi,-999,400.0,-999.0,-999.0,-999.0,-999.0,-999.0,-999.0,3,-999.0,-999.0,1,-999.0,-999.0,-999.0,-999.0,-999.0,-999.0,-999.0,-999.0,-999.0,-999.0,-999.0,-999.0,-999,1,1,-999.0,-999.0,-999,2151;2655,-999.0,-999.0,-999.0,-999.0,77423.01,-26.0,-32.36,-29.18,-53.77,-59.04,-56.4,3,16.62,3.0,0.08,122.04,197.29,1140.14,1221.75
Carnivora,Herpestidae,Bdeogale,crassicauda,Bdeogale crassicauda,1,1722.13,-999.0,444.53,-999.0,-999.0,-999.0,-999.0,1,-999.0,-999.0,1,-999.0,-999.0,-999.0,0.96,-999.0,-999.0,-999.0,-999.0,-999.0,-999.0,-999.0,-999.0,-999,1,3,-999.0,-999.0,-999,1113;1297;2655,-999.0,-999.0,-999.0,-999.0,1654322.83,-1.38,-20.63,-11.01,41.24,25.81,33.53,1,38.56,3.0,0.18,82.89,229.26,902.39,1521.03
Chiroptera,Rhinolophidae,Rhinolophus,formosae,Rhinolophus formosae,-999,-999.0,-999.0,-999.0,-999.0,-999.0,-999.0,-999.0,-999,-999.0,-999.0,-999,-999.0,-999.0,-999.0,-999.0,-999.0,-999.0,-999.0,-999.0,-999.0,-999.0,-999.0,-999.0,-999,-999,-999,-999.0,-999.0,-999,-999,-999.0,-999.0,-999.0,-999.0,24880.25,25.19,21.96,23.58,121.58,120.14,120.86,70,737.05,70.0,0.03,160.08,164.56,-999.0,-999.0
Rodentia,Sciuridae,Aeretes,melanopterus,Aeretes melanopterus,-999,-999.0,-999.0,-999.0,-999.0,-999.0,-999.0,-999.0,-999,-999.0,-999.0,-999,-999.0,-999.0,-999.0,-999.0,-999.0,-999.0,-999.0,-999.0,-999.0,-999.0,-999.0,-999.0,-999,-999,-999,-999.0,-999.0,-999,-999,-999.0,-999.0,-999.0,-999.0,80788.68,40.21,30.62,35.41,116.38,101.59,108.99,6,128.61,10.0,0.06,65.15,75.27,662.48,826.29
Primates,Cercopithecidae,Semnopithecus,ajax,Semnopithecus ajax,-999,-999.0,-999.0,-999.0,-999.0,-999.0,-999.0,-999.0,-999,-999.0,-999.0,-999,-999.0,-999.0,-999.0,-999.0,-999.0,-999.0,-999.0,-999.0,-999.0,-999.0,-999.0,-999.0,-999,-999,-999,-999.0,-999.0,-999,-999,-999.0,-999.0,-999.0,-999.0,68186.13,34.63,30.11,32.37,78.94,73.53,76.23,6,176.02,10.0,0.09,93.6,111.99,921.53,1169.68
Chiroptera,Molossidae,Mops,niangarae,Mops niangarae,-999,-999.0,-999.0,-999.0,-999.0,-999.0,-999.0,-999.0,-999,-999.0,-999.0,1,-999.0,-999.0,-999.0,-999.0,-999.0,-999.0,-999.0,-999.0,-999.0,-999.0,-999.0,-999.0,-999,2,-999,-999.0,-999.0,-999,2151,-999.0,-999.0,-999.0,-999.0,893.11,3.81,3.51,3.66,27.99,27.69,27.84,7,7.0,7.0,0.0,159.0,239.0,1390.0,1597.0
Chiroptera,Vespertilionidae,Myotis,atacamensis,Myotis atacamensis,-999,-999.0,-999.0,-999.0,-999.0,-999.0,-999.0,-999.0,-999,-999.0,-999.0,-999,-999.0,-999.0,-999.0,-999.0,-999.0,-999.0,-999.0,-999.0,-999.0,-999.0,-999.0,-999.0,-999,-999,-999,-999.0,-999.0,-999,-999,-999.0,-999.0,-999.0,-999.0,469816.74,-12.4,-32.46,-22.43,-67.0,-76.51,-71.75,0,9.7,0.0,0.06,12.15,25.18,238.54,1207.79
Rodentia,Cricetidae,Calomys,sorellus,Calomys sorellus,-999,20.0,-999.0,-999.0,-999.0,-999.0,-999.0,-999.0,-999,-999.0,-999.0,-999,-999.0,-999.0,-999.0,-999.0,-999.0,-999.0,-999.0,-999.0,-999.0,-999.0,-999.0,-999.0,-999,-999,-999,-999.0,-999.0,-999,2655,-999.0,-999.0,-999.0,-999.0,205439.89,-6.35,-16.74,-11.55,-70.55,-79.24,-74.89,3,23.07,4.0,0.06,62.31,70.89,726.99,1342.9
Rodentia,Ctenomyidae,Ctenomys,saltarius,Ctenomys saltarius,-999,230.0,-999.0,-999.0,-999.0,-999.0,-999.0,-999.0,3,-999.0,-999.0,1,-999.0,-999.0,-999.0,-999.0,-999.0,-999.0,-999.0,-999.0,-999.0,-999.0,-999.0,-999.0,-999,1,1,-999.0,-999.0,-999,890;2151;2655,-999.0,-999.0,-999.0,-999.0,54806.9,-22.9,-26.16,-24.53,-64.19,-66.7,-65.44,0,13.59,0.0,0.13,55.35,54.08,679.61,1320.07
Rodentia,Echimyidae,Trinomys,gratiosus,Trinomys gratiosus,-999,-999.0,-999.0,-999.0,-999.0,-999.0,-999.0,-999.0,-999,-999.0,-999.0,-999,-999.0,-999.0,-999.0,1.37,-999.0,-999.0,-999.0,-999.0,-999.0,-999.0,-999.0,-999.0,-999,-999,-999,-999.0,-999.0,-999,2265,-999.0,-999.0,-999.0,-999.0,-999.0,-999.0,-999.0,-999.0,-999.0,-999.0,-999.0,-999,-999.0,-999.0,-999.0,-999.0,-999.0,-999.0,-999.0
Cetacea,Delphinidae,Globicephala,melas,Globicephala melas,-999,800000.0,-999.0,5685.75,-999.0,-999.0,-999.0,-999.0,2,-999.0,479.06,1,-999.0,-999.0,-999.0,1.0,-999.0,540.0,180000.0,-999.0,-999.0,-999.0,3458.66,-999.0,-999,-999,3,608.33,-999.0,-999,1004;1217;1297;2151;2655,-999.0,-999.0,-999.0,-999.0,-999.0,-999.0,-999.0,-999.0,-999.0,-999.0,-999.0,-999,-999.0,-999.0,-999.0,-999.0,-999.0,-999.0,-999.0
Chiroptera,Pteropodidae,Eonycteris,spelaea,Eonycteris spelaea,-999,58.7,69.0,123.83,-999.0,-999.0,47.98,51.6,2,-999.0,152.18,1,-999.0,-999.0,-999.0,1.0,2.0,60.0,14.6,-999.0,-999.0,3000.0,357.41,-999.0,-999,2,2,59.95,-999.0,-999,196;224;355;356;360;361;679;978;1271;1297;1309;1386;1388;1439;1621;1658;1822;1948;2017;2143;2151;2295;2501;2627;2655;2719;3023,-999.0,-999.0,-999.0,-999.0,3882233.27,30.46,-10.37,10.04,128.9,74.22,101.56,1,163.15,5.0,0.1,184.62,225.74,1270.52,1539.33
Primates,Lepilemuridae,Lepilemur,microdon,Lepilemur microdon,1,952.33,-999.0,324.99,-999.0,-999.0,-999.0,-999.0,4,-999.0,-999.0,1,-999.0,-999.0,-999.0,-999.0,-999.0,-999.0,-999.0,-999.0,36.05,1.0,-999.0,1.0,2,2,2,-999.0,-999.0,-999,511;1048;1261;1544;2151;2655,-999.0,-999.0,-999.0,-999.0,52152.56,-17.8,-25.2,-21.5,49.21,46.56,47.88,6,47.72,8.0,0.19,183.0,197.15,1311.1,1556.51
Artiodactyla,Cervidae,Mazama,rufina,Mazama rufina,-999,21099.25,-999.0,-999.0,-999.0,-999.0,-999.0,-999.0,-999,-999.0,231.64,1,-999.0,-999.0,-999.0,1.22,-999.0,-999.0,-999.0,-999.0,-999.0,-999.0,-999.0,-999.0,-999,1,-999,-999.0,-999.0,-999,1297;2151;2655;3010,-999.0,-999.0,-999.0,-999.0,14703.63,0.79,-1.67,-0.43,-77.46,-78.65,-78.05,4,61.14,4.0,0.11,176.24,132.58,1355.0,1399.66
Tubulidentata,Orycteropodidae,Orycteropus,afer,Orycteropus afer,1,56175.2,-999.0,1254.43,0.0,1095.0,6144.0,48000.0,1,-999.0,222.05,2,-999.0,-999.0,-999.0,1.1,1.0,288.0,1899.68,-999.0,-999.0,-999.0,755.15,1.0,4,1,3,40.92,5612.48,-999,511;543;1008;1126;1297;1822;1947;1980;2151;2611;2655,-999.0,-999.0,-999.0,-999.0,18035652.33,23.47,-34.83,-5.68,51.41,-17.53,16.93,0,31.68,1.0,0.12,75.34,234.77,800.71,1524.66
Rodentia,Ctenomyidae,Ctenomys,roigi,Ctenomys roigi,-999,-999.0,-999.0,-999.0,-999.0,-999.0,-999.0,-999.0,-999,-999.0,-999.0,-999,-999.0,-999.0,-999.0,-999.0,-999.0,-999.0,-999.0,-999.0,-999.0,-999.0,-999.0,-999.0,-999,-999,-999,-999.0,-999.0,-999,-999,-999.0,-999.0,-999.0,-999.0,-999.0,-999.0,-999.0,-999.0,-999.0,-999.0,-999.0,-999,-999.0,-999.0,-999.0,-999.0,-999.0,-999.0,-999.0
Rodentia,Abrocomidae,Abrocoma,budini,Abrocoma budini,-999,-999.0,-999.0,-999.0,-999.0,-999.0,-999.0,-999.0,-999,-999.0,-999.0,-999,-999.0,-999.0,-999.0,-999.0,-999.0,-999.0,-999.0,-999.0,-999.0,-999.0,-999.0,-999.0,-999,-999,-999,-999.0,-999.0,-999,-999,-999.0,-999.0,-999.0,-999.0,-999.0,-999.0,-999.0,-999.0,-999.0,-999.0,-999.0,-999,-999.0,-999.0,-999.0,-999.0,-999.0,-999.0,-999.0
Cetacea,Delphinidae,Lagenorhynchus,obliquidens,Lagenorhynchus obliquidens,-999,109694.46,-999.0,2206.62,-999.0,-999.0,-999.0,-999.0,2,-999.0,319.01,1,-999.0,-999.0,-999.0,1.0,-999.0,300.0,-999.0,-999.0,-999.0,-999.0,-999.0,-999.0,-999,-999,3,-999.0,-999.0,-999,543;1004;1217;1297;2151;2655,-999.0,-999.0,-999.0,-999.0,-999.0,-999.0,-999.0,-999.0,-999.0,-999.0,-999.0,-999,-999.0,-999.0,-999.0,-999.0,-999.0,-999.0,-999.0
Didelphimorphia,Didelphidae,Philander,opossum,Philander opossum,1,425.81,-999.0,265.6,-999.0,243.33,337.95,751.0,5,71.5,-999.0,2,0.003071815,0.003086211,106.0,4.75,3.0,42.0,0.2,-999.0,58.77,-999.0,220.25,1.0,7,2,2,79.77,82.91,-999,256;543;563;565;569;730;889;890;905;955;1297;1412;1760;1773;1822;1876;2151;2225;2431;2484;2655,-999.0,-999.0,-999.0,-999.0,-999.0,-999.0,-999.0,-999.0,-999.0,-999.0,-999.0,-999,-999.0,-999.0,-999.0,-999.0,-999.0,-999.0,-999.0
Afrosoricida,Tenrecidae,Microgale,gracilis,Microgale gracilis,-999,23.3,-999.0,-999.0,-999.0,-999.0,-999.0,-999.0,-999,-999.0,-999.0,1,-999.0,-999.0,-999.0,-999.0,-999.0,-999.0,-999.0,-999.0,-999.0,-999.0,-999.0,-999.0,-999,1,-999,-999.0,-999.0,-999,2151;2655,-999.0,-999.0,-999.0,-999.0,9350.81,-20.88,-22.81,-21.84,47.58,46.81,47.2,8,43.97,8.0,0.18,167.57,188.02,1326.39,1512.8
Carnivora,Mephitidae,Conepatus,humboldtii,Conepatus humboldtii,1,1097.61,-999.0,353.19,-999.0,-999.0,-999.0,-999.0,1,-999.0,-999.0,2,0.1,0.11,-999.0,3.49,-999.0,-999.0,-999.0,-999.0,-999.0,-999.0,-999.0,1.0,6,1,3,-999.0,-999.0,-999,890;1113;1573;2655;2986,-999.0,-999.0,-999.0,-999.0,709172.73,-38.29,-53.66,-45.97,-63.57,-73.98,-68.78,0,3.02,0.0,0.14,30.56,80.76,324.55,585.9
Chiroptera,Pteropodidae,Nyctimene,cephalotes,Nyctimene cephalotes,-999,44.92,65.03,94.7,-999.0,-999.0,-999.0,-999.0,-999,-999.0,-999.0,1,-999.0,-999.0,-999.0,0.98,-999.0,-999.0,-999.0,-999.0,-999.0,-999.0,-999.0,1.0,-999,2,-999,-999.0,-999.0,-999,81;406;978;1297;1658;2143;2151;2655,-999.0,-999.0,-999.0,-999.0,251382.79,1.75,-10.37,-4.3,147.4,118.75,133.07,1,70.79,1.0,0.07,220.07,228.29,1711.33,1816.63
Rodentia,Gliridae,Graphiurus,ocularis,Graphiurus ocularis,1,68.8,-999.0,-999.0,-999.0,-999.0,66.44,67.8,4,-999.0,-999.0,2,0.09,0.09,56.0,4.99,2.0,-999.0,-999.0,-999.0,-999.0,-999.0,-999.0,1.0,7,2,2,-999.0,25.59,-999,1297;1573;1822;2151;2629;2655;2914,-999.0,-999.0,-999.0,-999.0,594310.76,-26.27,-34.21,-30.24,28.01,16.96,22.49,0,16.41,0.0,0.09,27.53,165.78,394.45,1119.86
Chiroptera,Phyllostomidae,Lophostoma,evotis,Lophostoma evotis,-999,20.58,49.97,-999.0,-999.0,-999.0,-999.0,-999.0,2,-999.0,-999.0,1,-999.0,-999.0,-999.0,1.0,1.0,-999.0,-999.0,-999.0,-999.0,-999.0,-999.0,-999.0,-999,2,2,-999.0,-999.0,-999,752;889;1658;1968;2151;2655,-999.0,-999.0,-999.0,-999.0,243008.88,20.51,14.53,17.52,-83.28,-94.62,-88.95,2,32.69,3.0,0.19,150.71,244.83,1375.34,1605.37
Diprotodontia,Macropodidae,Petrogale,herberti,Petrogale herberti,-999,-999.0,-999.0,-999.0,-999.0,-999.0,-999.0,-999.0,-999,-999.0,-999.0,-999,-999.0,-999.0,-999.0,-999.0,-999.0,-999.0,-999.0,-999.0,-999.0,-999.0,-999.0,-999.0,-999,-999,-999,-999.0,-999.0,-999,-999,-999.0,-999.0,-999.0,-999.0,283187.1,-22.14,-27.3,-24.72,153.2,145.88,149.54,0,4.58,0.0,0.07,59.62,197.15,779.83,1438.73
Rodentia,Dipodidae,Sicista,concolor,Sicista concolor,-999,-999.0,-999.0,-999.0,-999.0,-999.0,-999.0,-999.0,-999,-999.0,-999.0,-999,-999.0,-999.0,-999.0,-999.0,-999.0,-999.0,-999.0,-999.0,-999.0,-999.0,-999.0,-999.0,-999,-999,-999,-999.0,-999.0,-999,-999,-999.0,-999.0,-999.0,-999.0,454458.99,46.25,33.84,40.05,132.16,73.21,102.69,0,179.59,12.0,0.05,57.15,14.98,545.35,785.54
Primates,Pitheciidae,Pithecia,monachus,Pithecia monachus,3,2109.55,-999.0,411.8,-999.0,-999.0,-999.0,-999.0,4,-999.0,-999.0,1,-999.0,-999.0,-999.0,1.02,-999.0,295.2,119.85,-999.0,8.0,-999.0,-999.0,2.5,-999,2,2,-999.0,-999.0,-999,208;497;543;730;905;1544;1547;1611;1848;2151;2251;2344;2464;2655;2986,-999.0,-999.0,-999.0,-999.0,2272018.67,1.47,-14.05,-6.29,-55.26,-77.85,-66.56,0,2.44,0.0,0.16,193.57,254.89,1427.32,1537.82
Rodentia,Nesomyidae,Delanymys,brooksi,Delanymys brooksi,-999,4.99,-999.0,-999.0,-999.0,-999.0,-999.0,-999.0,-999,-999.0,-999.0,-999,-999.0,-999.0,-999.0,3.19,-999.0,24.0,-999.0,-999.0,872.48,-999.0,-999.0,-999.0,-999,-999,-999,-999.0,-999.0,-999,543;730;1297;2655,-999.0,-999.0,-999.0,-999.0,50029.97,-0.37,-3.09,-1.73,30.05,27.88,28.96,9,147.91,10.0,0.11,113.18,192.49,1365.68,1494.73
Artiodactyla,Giraffidae,Okapia,johnstoni,Okapia johnstoni,3,230001.14,-999.0,2000.0,-999.0,-999.0,-999.0,-999.0,1,-999.0,442.99,1,4.63,6.0,-999.0,0.98,1.0,396.0,18325.61,-999.0,1.02,-999.0,947.05,1.0,4,1,1,181.46,-999.0,-999,395;511;543;730;869;899;1297;1573;1792;1848;2655,-999.0,-999.0,-999.0,-999.0,1105797.06,5.13,-8.28,-1.57,30.73,18.12,24.43,1,19.42,2.0,0.14,143.9,240.38,1428.28,1604.05
Rodentia,Cricetidae,Thomasomys,macrotis,Thomasomys macrotis,-999,-999.0,-999.0,-999.0,-999.0,-999.0,-999.0,-999.0,-999,-999.0,-999.0,-999,-999.0,-999.0,-999.0,-999.0,-999.0,-999.0,-999.0,-999.0,-999.0,-999.0,-999.0,-999.0,-999,-999,-999,-999.0,-999.0,-999,-999,-999.0,-999.0,-999.0,-999.0,-999.0,-999.0,-999.0,-999.0,-999.0,-999.0,-999.0,-999,-999.0,-999.0,-999.0,-999.0,-999.0,-999.0,-999.0
Rodentia,Ctenomyidae,Ctenomys,argentinus,Ctenomys argentinus,-999,221.3,-999.0,-999.0,-999.0,-999.0,-999.0,-999.0,3,-999.0,-999.0,1,-999.0,-999.0,-999.0,-999.0,-999.0,-999.0,-999.0,-999.0,-999.0,-999.0,-999.0,-999.0,-999,1,1,-999.0,-999.0,-999,2151;2655,-999.0,-999.0,-999.0,-999.0,23664.72,-25.42,-27.43,-26.43,-58.27,-60.62,-59.44,2,10.66,2.0,0.07,92.69,214.23,1098.07,1187.41
Rodentia,Muridae,Mammelomys,rattoides,Mammelomys rattoides,-999,209.49,-999.0,204.42,10.0,-999.0,-999.0,-999.0,3,-999.0,-999.0,2,-999.0,-999.0,-999.0,1.69,-999.0,-999.0,-999.0,-999.0,-999.0,-999.0,185.61,-999.0,3,1,1,20.0,-999.0,-999,977;2152;2655;2803,-999.0,-999.0,-999.0,-999.0,90705.71,-1.68,-7.4,-4.54,146.96,135.93,141.44,2,7.49,2.0,0.17,234.26,255.35,1705.97,1736.18
Chiroptera,Molossidae,Chaerephon,bemmeleni,Chaerephon bemmeleni,-999,-999.0,43.5,-999.0,-999.0,-999.0,-999.0,-999.0,-999,-999.0,-999.0,1,-999.0,-999.0,-999.0,-999.0,-999.0,-999.0,-999.0,-999.0,-999.0,-999.0,-999.0,-999.0,-999,2,-999,-999.0,-999.0,-999,1658;2151,12.39,-999.0,-999.0,-999.0,3206708.09,8.83,-6.01,1.4,37.12,-10.01,13.55,0,60.61,1.0,0.12,128.81,239.37,1269.15,1583.01
Primates,Hylobatidae,Symphalangus,syndactylus,Symphalangus syndactylus,3,10839.0,-999.0,824.99,-999.0,3255.8,-999.0,-999.0,4,-999.0,230.66,-999,0.22,0.32,1003.75,1.02,-999.0,456.0,517.0,-999.0,4.99,-999.0,3788.23,3.8,-999,-999,2,635.38,-999.0,-999,208;526;543;610;730;954;1297;1544;1547;1768;1848;2344;2453;2489;2493;2655;2660;2986,-999.0,0.66,-999.0,-999.0,113063.05,5.65,-5.36,0.14,104.91,96.52,100.71,7,97.72,16.0,0.11,226.72,241.68,1676.52,1761.04
Rodentia,Cricetidae,Microtus,umbrosus,Microtus umbrosus,-999,41.99,-999.0,118.39,-999.0,-999.0,-999.0,-999.0,-999,-999.0,-999.0,-999,-999.0,-999.0,-999.0,-999.0,-999.0,-999.0,-999.0,-999.0,-999.0,-999.0,-999.0,-999.0,4,-999,-999,-999.0,-999.0,-999,1024;2655,-999.0,-999.0,-999.0,-999.0,2683.32,17.25,16.73,16.99,-95.87,-96.42,-96.15,12,20.49,12.0,0.02,95.73,181.24,1042.25,1640.52
Lagomorpha,Leporidae,Sylvilagus,obscurus,Sylvilagus obscurus,-999,-999.0,-999.0,-999.0,-999.0,-999.0,-999.0,-999.0,-999,-999.0,-999.0,-999,-999.0,-999.0,-999.0,-999.0,-999.0,-999.0,-999.0,-999.0,-999.0,-999.0,-999.0,-999.0,-999,-999,-999,-999.0,-999.0,-999,-999,-999.0,-999.0,-999.0,-999.0,126801.2,41.73,33.49,37.61,-75.6,-87.23,-81.42,3,52.56,11.0,0.05,93.74,132.77,865.56,908.72
Carnivora,Otariidae,Eumetopias,jubatus,Eumetopias jubatus,1,382466.74,-999.0,2692.71,0.0,-999.0,-999.0,-999.0,6,-999.0,342.1,2,-999.0,-999.0,365.0,0.96,-999.0,360.0,18250.0,-999.0,-999.0,-999.0,1965.83,-999.0,-999,1,2,351.0,-999.0,-999,367;543;1015;1297;1763;2151;2655;2986,-999.0,1.1,-999.0,-999.0,-999.0,-999.0,-999.0,-999.0,-999.0,-999.0,-999.0,-999,-999.0,-999.0,-999.0,-999.0,-999.0,-999.0,-999.0
Carnivora,Viverridae,Viverra,tangalunga,Viverra tangalunga,1,7349.99,-999.0,655.78,-999.0,-999.0,-999.0,-999.0,6,-999.0,-999.0,1,-999.0,-999.0,-999.0,1.92,-999.0,144.0,-999.0,-999.0,-999.0,-999.0,-999.0,-999.0,-999,1,2,-999.0,-999.0,-999,543;1113;1297;2655,-999.0,-999.0,-999.0,-999.0,1304276.8,7.03,-5.94,0.54,119.26,95.18,107.22,1,67.69,4.0,0.15,244.56,248.46,1686.79,1742.88
Chiroptera,Pteropodidae,Ptenochirus,jagori,Ptenochirus jagori,-999,79.18,84.34,-999.0,-999.0,243.33,-999.0,-999.0,1,-999.0,125.14,1,-999.0,-999.0,-999.0,1.0,2.0,96.0,17.4,-999.0,-999.0,-999.0,251.71,5.5,-999,2,1,89.99,-999.0,-999,1309;1439;1658;1705;2017;2151;2655;2885,-999.0,-999.0,-999.0,-999.0,248720.14,19.0,5.01,12.0,126.6,119.73,123.16,19,235.4,32.0,0.09,199.19,241.88,1471.18,1731.81
Diprotodontia,Macropodidae,Thylogale,lanatus,Thylogale lanatus,-999,-999.0,-999.0,-999.0,-999.0,-999.0,-999.0,-999.0,-999,-999.0,-999.0,-999,-999.0,-999.0,-999.0,-999.0,-999.0,-999.0,-999.0,-999.0,-999.0,-999.0,-999.0,-999.0,-999,-999,-999,-999.0,-999.0,-999,-999,-999.0,-999.0,-999.0,-999.0,16143.32,-5.55,-6.79,-6.17,147.86,146.09,146.97,10,12.99,10.0,0.09,285.22,217.32,1699.33,1826.38
Didelphimorphia,Didelphidae,Monodelphis,unistriata,Monodelphis unistriata,1,55.3,-999.0,137.47,-999.0,-999.0,-999.0,-999.0,1,-999.0,-999.0,1,-999.0,-999.0,-999.0,-999.0,-999.0,-999.0,-999.0,-999.0,-999.0,-999.0,-999.0,-999.0,-999,1,3,-999.0,-999.0,-999,890;1760;2655,-999.0,-999.0,-999.0,-999.0,6.86,-24.1,-24.13,-24.11,-49.31,-49.34,-49.32,26,26.0,26.0,0.08,107.0,179.0,1210.0,1214.0
Soricomorpha,Soricidae,Suncus,mertensi,Suncus mertensi,-999,-999.0,-999.0,-999.0,-999.0,-999.0,-999.0,-999.0,-999,-999.0,-999.0,-999,-999.0,-999.0,-999.0,-999.0,-999.0,-999.0,-999.0,-999.0,-999.0,-999.0,-999.0,-999.0,-999,-999,-999,-999.0,-999.0,-999,-999,-999.0,-999.0,-999.0,-999.0,518.99,-8.54,-8.77,-8.66,121.26,121.02,121.14,41,41.0,41.0,0.02,199.0,230.0,-999.0,-999.0
Rodentia,Ctenomyidae,Ctenomys,tulduco,Ctenomys tulduco,-999,-999.0,-999.0,-999.0,-999.0,-999.0,-999.0,-999.0,3,-999.0,-999.0,1,-999.0,-999.0,-999.0,-999.0,-999.0,-999.0,-999.0,-999.0,-999.0,-999.0,-999.0,-999.0,-999,1,1,-999.0,-999.0,-999,2151,-999.0,-999.0,-999.0,-999.0,-999.0,-999.0,-999.0,-999.0,-999.0,-999.0,-999.0,-999,-999.0,-999.0,-999.0,-999.0,-999.0,-999.0,-999.0
Rodentia,Geomyidae,Zygogeomys,trichopus,Zygogeomys trichopus,-999,473.54,-999.0,225.0,-999.0,-999.0,-999.0,-999.0,4,-999.0,-999.0,2,-999.0,-999.0,-999.0,-999.0,-999.0,-999.0,-999.0,-999.0,-999.0,-999.0,-999.0,-999.0,-999,1,1,-999.0,-999.0,-999,1015;2151;2655,-999.0,-999.0,-999.0,-999.0,1706.58,19.74,19.26,19.5,-101.67,-102.41,-102.04,83,105.64,83.0,0.05,84.67,176.37,833.34,1362.0
Chiroptera,Hipposideridae,Hipposideros,crumeniferus,Hipposideros crumeniferus,-999,-999.0,53.0,-999.0,-999.0,-999.0,-999.0,-999.0,-999,-999.0,-999.0,1,-999.0,-999.0,-999.0,-999.0,-999.0,-999.0,-999.0,-999.0,-999.0,-999.0,-999.0,-999.0,-999,2,-999,-999.0,-999.0,-999,1658;2151,21.82,-999.0,-999.0,-999.0,2424.77,-9.1,-9.63,-9.37,125.15,124.45,124.8,57,65.99,57.0,0.08,97.99,245.2,-999.0,-999.0
Rodentia,Ctenomyidae,Ctenomys,validus,Ctenomys validus,-999,232.6,-999.0,-999.0,-999.0,-999.0,-999.0,-999.0,3,-999.0,-999.0,1,-999.0,-999.0,-999.0,-999.0,-999.0,-999.0,-999.0,-999.0,-999.0,-999.0,-999.0,-999.0,-999,1,1,-999.0,-999.0,-999,2151;2655,-999.0,-999.0,-999.0,-999.0,3491.05,-33.03,-33.72,-33.37,-68.21,-68.86,-68.53,2,19.04,2.0,0.04,26.99,154.02,345.99,962.0
Diprotodontia,Vombatidae,Lasiorhinus,latifrons,Lasiorhinus latifrons,1,26163.8,-999.0,855.0,-999.0,-999.0,3291.2,29920.0,2,-999.0,20.74,2,-999.0,-999.0,365.0,1.0,-999.0,294.0,0.49,-999.0,67.99,-999.0,631.37,-999.0,-999,1,1,326.07,4000.0,-999,543;730;955;1297;1412;1760;1822;1848;2484;2655,-999.0,1.1,-999.0,-999.0,86125.03,-29.95,-34.6,-32.27,140.28,126.29,133.28,0,0.14,0.0,0.08,19.98,170.44,274.58,1022.42
Artiodactyla,Bovidae,Cephalophus,ogilbyi,Cephalophus ogilbyi,3,18386.42,-999.0,1000.0,-999.0,-999.0,-999.0,-999.0,-999,-999.0,121.66,-999,0.07,0.08,-999.0,1.0,-999.0,-999.0,-999.0,-999.0,-999.0,-999.0,-999.0,-999.0,4,-999,-999,-999.0,-999.0,-999,1297;1525;1848;2655;2693;3046,-999.0,-999.0,-999.0,-999.0,231511.16,7.15,-3.46,1.84,12.62,5.99,9.31,1,104.03,1.0,0.09,190.65,251.54,1242.62,1549.15
Rodentia,Echimyidae,Proechimys,roberti,Proechimys roberti,-999,284.99,-999.0,-999.0,-999.0,-999.0,-999.0,-999.0,-999,-999.0,-999.0,-999,-999.0,-999.0,-999.0,-999.0,-999.0,-999.0,-999.0,-999.0,-999.0,-999.0,-999.0,-999.0,-999,-999,-999,-999.0,-999.0,-999,2655,-999.0,-999.0,-999.0,-999.0,-999.0,-999.0,-999.0,-999.0,-999.0,-999.0,-999.0,-999,-999.0,-999.0,-999.0,-999.0,-999.0,-999.0,-999.0
Chiroptera,Vespertilionidae,Neoromicia,somalicus,Neoromicia somalicus,-999,3.53,28.94,84.99,-999.0,-999.0,-999.0,-999.0,-999,-999.0,-999.0,1,-999.0,-999.0,-999.0,2.0,-999.0,-999.0,-999.0,-999.0,-999.0,-999.0,-999.0,-999.0,-999,2,-999,-999.0,-999.0,-999,1048;1297;1658;1938;2151;2655,-999.0,-999.0,-999.0,-999.0,7186189.92,16.54,-23.55,-3.5,46.1,-2.08,22.01,0,37.87,1.0,0.12,79.56,242.57,878.81,1602.4
Artiodactyla,Suidae,Phacochoerus,aethiopicus,Phacochoerus aethiopicus,3,75607.52,-999.0,-999.0,-999.0,730.0,-999.0,-999.0,4,-999.0,165.4,1,1.35,1.27,365.0,3.2,1.5,225.6,691.95,-999.0,7.61,-999.0,631.12,2.0,-999,1,1,106.45,-999.0,-999,511;543;645;730;854;1297;1573;2338;2467;2620;2629;2655,-999.0,-999.0,-999.0,-999.0,851932.22,11.49,-2.05,4.71,46.38,34.47,40.42,1,17.34,1.0,0.09,42.02,240.33,628.28,1636.16
Carnivora,Mustelidae,Ictonyx,libyca,Ictonyx libyca,1,225.18,-999.0,241.77,-999.0,-999.0,-999.0,-999.0,6,-999.0,37.78,1,-999.0,-999.0,-999.0,2.0,-999.0,60.0,-999.0,-999.0,-999.0,-999.0,-999.0,-999.0,4,1,2,-999.0,-999.0,-999,543;1113;1297;2655,-999.0,-999.0,-999.0,-999.0,12285728.6,37.34,8.84,23.09,37.48,-17.1,10.19,0,20.3,0.0,0.09,15.87,244.56,208.75,1345.16
Rodentia,Spalacidae,Tachyoryctes,macrocephalus,Tachyoryctes macrocephalus,3,621.88,-999.0,209.0,-999.0,-999.0,-999.0,-999.0,2,-999.0,-999.0,2,-999.0,-999.0,-999.0,1.0,-999.0,-999.0,-999.0,-999.0,6299.99,-999.0,-999.0,1.0,-999,1,1,-999.0,-999.0,-999,2655;3096,-999.0,-999.0,-999.0,-999.0,11453.57,7.89,6.21,7.05,39.91,39.21,39.56,8,57.45,8.0,0.14,69.99,15.53,978.38,1411.87
Rodentia,Geomyidae,Thomomys,talpoides,Thomomys talpoides,-999,104.64,-999.0,152.04,25.25,-999.0,128.1,105.0,3,-999.0,19.0,2,-999.0,-999.0,365.0,4.86,1.0,45.0,3.15,-999.0,2196.71,-999.0,231.94,1.0,11,1,1,33.12,-999.0,-999,75;242;245;247;543;730;740;1245;1246;1297;1822;1849;2028;2151;2655;2938;3015,-999.0,-999.0,-999.0,-999.0,2619475.72,55.59,33.59,44.59,-96.39,-123.2,-109.79,0,6.7,0.0,0.04,33.07,47.53,393.4,701.05
Rodentia,Capromyidae,Rhizoplagiodontia,lemkei,Rhizoplagiodontia lemkei,-999,-999.0,-999.0,-999.0,-999.0,-999.0,-999.0,-999.0,-999,-999.0,-999.0,-999,-999.0,-999.0,-999.0,-999.0,-999.0,-999.0,-999.0,-999.0,-999.0,-999.0,-999.0,-999.0,-999,-999,-999,-999.0,-999.0,-999,-999,-999.0,-999.0,-999.0,-999.0,-999.0,-999.0,-999.0,-999.0,-999.0,-999.0,-999.0,-999,-999.0,-999.0,-999.0,-999.0,-999.0,-999.0,-999.0
Macroscelidea,Macroscelididae,Rhynchocyon,cirnei,Rhynchocyon cirnei,3,424.92,-999.0,-999.0,-999.0,-999.0,-999.0,-999.0,1,-999.0,-999.0,-999,-999.0,-999.0,-999.0,1.93,4.5,-999.0,-999.0,-999.0,-999.0,-999.0,-999.0,-999.0,-999,-999,3,-999.0,-999.0,-999,1297;1585;2151;2391;2655,-999.0,-999.0,-999.0,-999.0,1862288.18,5.16,-18.93,-6.88,40.84,17.73,29.28,0,28.78,2.0,0.16,108.26,232.24,1149.86,1575.61
Rodentia,Echimyidae,Echimys,semivillosus,Echimys semivillosus,1,282.36,-999.0,-999.0,-999.0,-999.0,-999.0,-999.0,1,-999.0,-999.0,1,-999.0,-999.0,-999.0,-999.0,-999.0,-999.0,-999.0,-999.0,35.43,-999.0,-999.0,-999.0,-999,2,1,-999.0,-999.0,-999,730;2151;2655,-999.0,-999.0,-999.0,-999.0,276412.12,11.54,5.88,8.71,-64.34,-74.95,-69.65,1,78.33,1.0,0.11,98.27,254.6,1273.73,1741.56
Rodentia,Cricetidae,Nectomys,apicalis,Nectomys apicalis,-999,-999.0,-999.0,-999.0,-999.0,-999.0,-999.0,-999.0,-999,-999.0,-999.0,-999,-999.0,-999.0,-999.0,-999.0,-999.0,-999.0,-999.0,-999.0,-999.0,-999.0,-999.0,-999.0,-999,-999,-999,-999.0,-999.0,-999,-999,-999.0,-999.0,-999.0,-999.0,-999.0,-999.0,-999.0,-999.0,-999.0,-999.0,-999.0,-999,-999.0,-999.0,-999.0,-999.0,-999.0,-999.0,-999.0
Soricomorpha,Soricidae,Cryptotis,brachyonyx,Cryptotis brachyonyx,-999,-999.0,-999.0,-999.0,-999.0,-999.0,-999.0,-999.0,-999,-999.0,-999.0,-999,-999.0,-999.0,-999.0,-999.0,-999.0,-999.0,-999.0,-999.0,-999.0,-999.0,-999.0,-999.0,-999,-999,-999,-999.0,-999.0,-999,-999,-999.0,-999.0,-999.0,-999.0,-999.0,-999.0,-999.0,-999.0,-999.0,-999.0,-999.0,-999,-999.0,-999.0,-999.0,-999.0,-999.0,-999.0,-999.0
Rodentia,Muridae,Otomys,barbouri,Otomys barbouri,-999,-999.0,-999.0,-999.0,-999.0,-999.0,-999.0,-999.0,-999,-999.0,-999.0,-999,-999.0,-999.0,-999.0,-999.0,-999.0,-999.0,-999.0,-999.0,-999.0,-999.0,-999.0,-999.0,-999,-999,-999,-999.0,-999.0,-999,-999,-999.0,-999.0,-999.0,-999.0,-999.0,-999.0,-999.0,-999.0,-999.0,-999.0,-999.0,-999,-999.0,-999.0,-999.0,-999.0,-999.0,-999.0,-999.0
Chiroptera,Rhinolophidae,Rhinolophus,megaphyllus,Rhinolophus megaphyllus,-999,10.17,47.21,-999.0,-999.0,-999.0,-999.0,-999.0,1,-999.0,125.14,1,-999.0,-999.0,-999.0,1.0,1.0,-999.0,-999.0,25.02,-999.0,-999.0,-999.0,-999.0,-999,2,3,57.22,-999.0,-999,196;679;862;1297;1388;1658;1686;2143;2151;2622;2655;2719;3115,-999.0,-999.0,1.29,-999.0,700183.75,-2.55,-37.84,-20.2,153.63,140.73,147.18,0,16.42,0.0,0.1,134.82,196.67,981.29,1450.91
Rodentia,Gliridae,Myomimus,personatus,Myomimus personatus,-999,-999.0,-999.0,-999.0,-999.0,-999.0,-999.0,-999.0,-999,-999.0,-999.0,-999,-999.0,-999.0,-999.0,-999.0,-999.0,-999.0,-999.0,-999.0,-999.0,-999.0,-999.0,-999.0,-999,-999,-999,-999.0,-999.0,-999,-999,-999.0,-999.0,-999.0,-999.0,81095.72,38.93,33.16,36.05,64.08,54.65,59.37,2,23.12,2.0,0.15,22.36,113.22,267.41,1024.42
Artiodactyla,Bovidae,Capra,pyrenaica,Capra pyrenaica,-999,60898.77,-999.0,1200.0,-999.0,-999.0,-999.0,-999.0,2,-999.0,150.0,-999,0.64,0.51,-999.0,1.5,-999.0,192.0,-999.0,-999.0,-999.0,-999.0,-999.0,-999.0,3,-999,1,-999.0,-999.0,-999,543;899;913;1525;1573;1848;2555;2655,-999.0,-999.0,-999.0,-999.0,110472.5,42.03,36.01,39.02,2.38,-6.64,-2.13,3,72.31,7.0,0.01,42.64,131.93,478.71,1032.54
Rodentia,Dipodidae,Paradipus,ctenodactylus,Paradipus ctenodactylus,1,-999.0,-999.0,-999.0,-999.0,-999.0,-999.0,-999.0,6,-999.0,-999.0,1,-999.0,-999.0,-999.0,3.4,-999.0,-999.0,-999.0,-999.0,-999.0,-999.0,-999.0,-999.0,-999,1,1,-999.0,-999.0,-999,1297;2151,-999.0,-999.0,-999.0,-999.0,602184.96,44.87,36.76,40.81,65.85,52.7,59.28,0,14.66,0.0,0.07,12.62,127.53,192.55,765.03
Rodentia,Sciuridae,Ammospermophilus,insularis,Ammospermophilus insularis,-999,-999.0,-999.0,151.0,-999.0,-999.0,-999.0,-999.0,-999,-999.0,-999.0,-999,-999.0,-999.0,-999.0,-999.0,-999.0,-999.0,-999.0,-999.0,-999.0,-999.0,-999.0,-999.0,-999,-999,-999,-999.0,-999.0,-999,307,101.99,-999.0,-999.0,-999.0,82.65,24.53,24.39,24.46,-110.29,-110.39,-110.34,14,14.0,14.0,0.07,18.0,225.0,-999.0,-999.0
Rodentia,Sciuridae,Hylopetes,winstoni,Hylopetes winstoni,-999,-999.0,-999.0,-999.0,-999.0,-999.0,-999.0,-999.0,-999,-999.0,-999.0,-999,-999.0,-999.0,-999.0,-999.0,-999.0,-999.0,-999.0,-999.0,-999.0,-999.0,-999.0,-999.0,-999,-999,-999,-999.0,-999.0,-999,-999,-999.0,-999.0,-999.0,-999.0,123.43,4.79,4.68,4.73,96.78,96.67,96.72,99,99.0,99.0,0.11,141.0,224.0,1494.0,1732.0
Primates,Cercopithecidae,Macaca,silenus,Macaca silenus,3,5995.25,-999.0,547.35,-999.0,1795.8,-999.0,-999.0,4,-999.0,172.0,3,0.88,0.86,510.39,1.01,-999.0,480.0,416.11,-999.0,1.01,25.0,1912.19,21.0,-999,2,2,362.93,-999.0,-999,208;543;899;927;1297;1544;1547;1848;1979;2151;2344;2493;2626;2655;2660;2986,-999.0,0.92,-999.0,-999.0,56995.19,16.17,10.21,13.19,77.69,74.55,76.12,166,314.12,172.0,0.06,88.07,253.03,953.01,1571.86
Diprotodontia,Macropodidae,Dendrolagus,spadix,Dendrolagus spadix,2,8468.2,-999.0,602.65,-999.0,-999.0,-999.0,-999.0,2,-999.0,-999.0,2,-999.0,-999.0,-999.0,1.0,-999.0,-999.0,-999.0,-999.0,-999.0,-999.0,-999.0,-999.0,4,2,1,-999.0,945.25,-999,511;977;1848;2152;2655,-999.0,-999.0,-999.0,-999.0,35926.62,-6.35,-8.17,-7.26,145.22,142.06,143.64,1,4.27,1.0,0.03,411.38,243.28,1639.1,1647.0
Rodentia,Geomyidae,Geomys,attwateri,Geomys attwateri,2,144.06,-999.0,153.54,-999.0,-999.0,-999.0,-999.0,2,-999.0,-999.0,2,0.000214131,0.000174521,-999.0,1.89,-999.0,-999.0,-999.0,-999.0,2024.94,-999.0,-999.0,-999.0,-999,1,1,-999.0,-999.0,-999,534;730;2423;3032,-999.0,-999.0,-999.0,-999.0,56381.49,30.94,28.08,29.51,-95.56,-99.03,-97.29,4,36.12,4.0,0.1,66.0,203.76,887.28,1294.93
Rodentia,Cricetidae,Alticola,olchonensis,Alticola olchonensis,-999,-999.0,-999.0,-999.0,-999.0,-999.0,-999.0,-999.0,-999,-999.0,-999.0,-999,-999.0,-999.0,-999.0,-999.0,-999.0,-999.0,-999.0,-999.0,-999.0,-999.0,-999.0,-999.0,-999,-999,-999,-999.0,-999.0,-999,-999,-999.0,-999.0,-999.0,-999.0,-999.0,-999.0,-999.0,-999.0,-999.0,-999.0,-999.0,-999,-999.0,-999.0,-999.0,-999.0,-999.0,-999.0,-999.0
Artiodactyla,Suidae,Sus,celebensis,Sus celebensis,2,53813.21,-999.0,-999.0,-999.0,-999.0,-999.0,-999.0,5,-999.0,126.0,-999,-999.0,-999.0,-999.0,3.24,-999.0,-999.0,-999.0,-999.0,-999.0,-999.0,-999.0,-999.0,12,-999,2,-999.0,-999.0,-999,2180,-999.0,-999.0,-999.0,-999.0,173576.36,1.75,-6.49,-2.37,125.29,118.75,122.02,17,94.75,17.0,0.08,229.41,215.47,1812.6,1909.15
Chiroptera,Emballonuridae,Taphozous,hilli,Taphozous hilli,1,21.99,67.5,-999.0,-999.0,-999.0,-999.0,-999.0,-999,-999.0,-999.0,1,-999.0,-999.0,-999.0,-999.0,-999.0,-999.0,-999.0,-999.0,-999.0,-999.0,-999.0,-999.0,-999,2,-999,-999.0,-999.0,-999,889;1619;1658;2151;2655,-999.0,-999.0,-999.0,-999.0,1716282.96,-18.44,-29.51,-23.98,139.49,115.13,127.31,0,0.03,0.0,0.02,20.54,219.52,290.04,1330.41
Soricomorpha,Talpidae,Euroscaptor,mizura,Euroscaptor mizura,2,25.05,-999.0,90.89,-999.0,-999.0,-999.0,-999.0,1,-999.0,40.0,1,-999.0,-999.0,-999.0,3.0,1.0,36.0,-999.0,-999.0,-999.0,1.0,-999.0,-999.0,-999,1,3,-999.0,-999.0,-999,1646;2131;2528;2741,-999.0,-999.0,-999.0,-999.0,7152.32,40.64,34.73,37.68,141.68,132.68,137.18,93,240.1,93.0,0.01,129.53,67.49,778.16,830.38
Primates,Cercopithecidae,Miopithecus,talapoin,Miopithecus talapoin,3,1248.86,-999.0,354.99,-999.0,1598.7,-999.0,-999.0,3,-999.0,164.38,1,0.8,1.2,365.0,1.01,-999.0,370.8,179.04,-999.0,42.07,66.5,1733.36,91.2,-999,2,2,178.98,416.46,-999,208;543;730;904;1297;1347;1544;1547;1611;1763;1767;1848;2344;2463;2489;2493;2655;2660;2986,-999.0,1.1,-999.0,-999.0,258766.21,-3.0,-12.37,-7.68,17.75,12.27,15.01,5,46.31,5.0,0.21,104.31,231.71,1091.55,1516.99
Carnivora,Mustelidae,Martes,foina,Martes foina,2,1675.0,-999.0,458.63,-999.0,365.0,-999.0,-999.0,1,-999.0,29.86,1,2.15,2.28,365.0,3.78,-999.0,217.2,30.0,-999.0,-999.0,-999.0,742.46,-999.0,4,1,3,74.11,-999.0,-999,543;1113;1297;1573;2655,-999.0,1.1,-999.0,-999.0,7011029.37,54.21,26.15,40.18,116.03,-9.49,53.26,0,97.94,2.0,0.05,50.11,68.78,443.88,805.81
Artiodactyla,Bovidae,Capricornis,milneedwardsii,Capricornis milneedwardsii,-999,-999.0,-999.0,-999.0,-999.0,-999.0,-999.0,-999.0,-999,-999.0,-999.0,-999,-999.0,-999.0,-999.0,-999.0,-999.0,-999.0,-999.0,-999.0,-999.0,-999.0,-999.0,-999.0,-999,-999,-999,-999.0,-999.0,-999,-999,-999.0,-999.0,-999.0,-999.0,2334828.77,35.55,7.68,21.61,122.13,93.18,107.66,1,159.63,4.0,0.07,131.68,145.73,983.38,1183.97
Carnivora,Mustelidae,Melogale,moschata,Melogale moschata,2,938.5,-999.0,383.82,-999.0,-999.0,-999.0,-999.0,6,-999.0,-999.0,1,-999.0,-999.0,-999.0,2.0,-999.0,126.0,-999.0,-999.0,-999.0,-999.0,-999.0,-999.0,4,1,2,-999.0,-999.0,-999,543;1113;2655,-999.0,-999.0,-999.0,-999.0,1476533.73,31.83,19.71,25.77,122.13,93.69,107.91,4,325.78,68.0,0.06,120.32,163.76,1067.41,1135.67
Chiroptera,Phyllostomidae,Anoura,luismanueli,Anoura luismanueli,-999,-999.0,-999.0,-999.0,-999.0,-999.0,-999.0,-999.0,-999,-999.0,-999.0,-999,-999.0,-999.0,-999.0,-999.0,-999.0,-999.0,-999.0,-999.0,-999.0,-999.0,-999.0,-999.0,-999,-999,-999,-999.0,-999.0,-999,-999,-999.0,-999.0,-999.0,-999.0,24076.62,9.96,7.74,8.85,-69.33,-72.31,-70.82,8,64.11,8.0,0.09,115.45,221.72,1354.33,1644.07
Rodentia,Nesomyidae,Steatomys,caurinus,Steatomys caurinus,-999,-999.0,-999.0,-999.0,-999.0,-999.0,-999.0,-999.0,-999,-999.0,-999.0,-999,-999.0,-999.0,-999.0,-999.0,-999.0,-999.0,-999.0,-999.0,-999.0,-999.0,-999.0,-999.0,-999,-999,-999,-999.0,-999.0,-999,-999,-999.0,-999.0,-999.0,-999.0,1223000.7,15.2,5.8,10.5,9.51,-17.11,-3.79,3,46.76,7.0,0.13,105.79,268.27,968.31,1585.17
Rodentia,Sciuridae,Callosciurus,notatus,Callosciurus notatus,3,209.49,-999.0,203.5,-999.0,-999.0,-999.0,-999.0,6,-999.0,-999.0,1,0.02,0.01,-999.0,2.62,-999.0,115.2,-999.0,-999.0,98.32,-999.0,413.84,-999.0,5,2,2,-999.0,-999.0,-999,32;543;730;1297;1971;2152;2530;2655;2844,-999.0,-999.0,-999.0,-999.0,1474469.76,9.25,-8.78,0.23,119.26,95.18,107.22,1,153.2,4.0,0.14,237.33,248.57,1665.17,1740.34
Chiroptera,Vespertilionidae,Scoteanax,rueppellii,Scoteanax rueppellii,-999,26.41,53.0,-999.0,-999.0,-999.0,-999.0,-999.0,-999,-999.0,-999.0,1,-999.0,-999.0,-999.0,1.0,-999.0,-999.0,-999.0,-999.0,-999.0,-999.0,-999.0,-999.0,-999,2,-999,-999.0,-999.0,-999,1297;1658;2143;2151;2622;2655,-999.0,-999.0,-999.0,-999.0,343840.65,-16.59,-37.8,-27.19,153.63,145.03,149.33,0,29.02,0.0,0.08,85.29,175.85,880.47,1371.13
Pilosa,Bradypodidae,Bradypus,variegatus,Bradypus variegatus,2,4136.36,-999.0,-999.0,-999.0,-999.0,685.99,3790.0,1,-999.0,170.84,1,0.01,0.02,365.0,1.0,-999.0,-999.0,271.81,-999.0,508.44,-999.0,-999.0,1.0,-999,2,1,39.28,-999.0,-999,730;887;889;890;905;1297;1822;1983;2106;2151;2430;2655,-999.0,1.1,-999.0,-999.0,8222753.4,15.99,-27.54,-5.77,-42.23,-87.54,-64.88,0,12.64,0.0,0.12,164.82,244.36,1324.28,1530.89
Dasyuromorphia,Dasyuridae,Ningaui,timealeyi,Ningaui timealeyi,2,6.37,-999.0,-999.0,-999.0,-999.0,-999.0,-999.0,-999,-999.0,-999.0,1,-999.0,-999.0,365.0,5.7,2.0,24.0,-999.0,-999.0,-999.0,-999.0,-999.0,-999.0,-999,1,-999,-999.0,2.0,-999,543;955;1760;2655,-999.0,-999.0,-999.0,-999.0,169167.7,-20.16,-24.56,-22.36,119.14,113.75,116.45,0,0.23,0.0,0.0,22.1,242.19,316.47,1586.08
Artiodactyla,Cervidae,Muntiacus,rooseveltorum,Muntiacus rooseveltorum,-999,10762.64,-999.0,-999.0,-999.0,-999.0,-999.0,-999.0,-999,-999.0,212.49,-999,-999.0,-999.0,-999.0,1.0,-999.0,-999.0,-999.0,-999.0,-999.0,-999.0,-999.0,-999.0,-999,-999,-999,-999.0,-999.0,-999,3010,-999.0,-999.0,-999.0,-999.0,7016.69,19.91,18.88,19.4,104.26,103.55,103.91,5,12.82,5.0,0.11,128.18,195.2,996.13,1241.99
Chiroptera,Pteropodidae,Pteropus,rodricensis,Pteropus rodricensis,-999,256.17,125.34,-999.0,0.0,-999.0,134.9,254.5,1,-999.0,154.24,1,-999.0,-999.0,-999.0,1.0,1.0,360.0,45.0,-999.0,-999.0,100.0,755.15,-999.0,-999,2,1,149.74,-999.0,-999,266;271;554;556;599;899;1297;1658;1701;1950;2017;2151;2309;2655;2995,-999.0,-999.0,-999.0,-999.0,111.5,-19.66,-19.76,-19.71,63.5,63.32,63.41,0,0.0,0.0,-999.0,-999.0,-999.0,-999.0,-999.0
Rodentia,Dipodidae,Allactaga,severtzovi,Allactaga severtzovi,-999,-999.0,-999.0,-999.0,-999.0,-999.0,-999.0,-999.0,-999,-999.0,-999.0,-999,-999.0,-999.0,-999.0,3.93,-999.0,-999.0,-999.0,-999.0,-999.0,-999.0,-999.0,-999.0,-999,-999,-999,-999.0,-999.0,-999,1297,-999.0,-999.0,-999.0,-999.0,1143125.94,46.9,37.47,42.18,80.57,50.21,65.39,0,22.88,0.0,0.02,15.57,95.89,214.55,706.65
Rodentia,Muridae,Mus,fragilicauda,Mus fragilicauda,-999,-999.0,-999.0,-999.0,-999.0,-999.0,-999.0,-999.0,-999,-999.0,-999.0,-999,-999.0,-999.0,-999.0,-999.0,-999.0,-999.0,-999.0,-999.0,-999.0,-999.0,-999.0,-999.0,-999,-999,-999,-999.0,-999.0,-999,-999,-999.0,-999.0,-999.0,-999.0,-999.0,-999.0,-999.0,-999.0,-999.0,-999.0,-999.0,-999,-999.0,-999.0,-999.0,-999.0,-999.0,-999.0,-999.0
Primates,Hominidae,Gorilla,beringei,Gorilla beringei,-999,149325.19,-999.0,-999.0,-999.0,-999.0,-999.0,-999.0,-999,-999.0,-999.0,-999,-999.0,-999.0,-999.0,-999.0,-999.0,-999.0,-999.0,-999.0,-999.0,-999.0,-999.0,-999.0,-999,-999,-999,-999.0,-999.0,-999,1611,-999.0,-999.0,-999.0,-999.0,107960.27,0.25,-3.82,-1.78,30.29,26.66,28.47,1,94.22,2.0,0.16,122.55,206.49,1431.0,1528.71
Artiodactyla,Suidae,Sus,philippensis,Sus philippensis,2,190792.3,-999.0,1349.99,-999.0,-999.0,-999.0,-999.0,6,-999.0,125.14,-999,-999.0,-999.0,-999.0,6.24,1.0,-999.0,-999.0,-999.0,-999.0,-999.0,283.18,3.75,12,-999,2,105.85,-999.0,-999,645;2152;2180,-999.0,-999.0,-999.0,-999.0,237934.97,18.65,5.55,12.1,126.6,119.74,123.17,19,225.88,33.0,0.1,208.67,240.84,1470.06,1728.0
Chiroptera,Pteropodidae,Nyctimene,masalai,Nyctimene masalai,-999,53.2,66.67,-999.0,-999.0,-999.0,-999.0,-999.0,-999,-999.0,-999.0,1,-999.0,-999.0,-999.0,-999.0,-999.0,-999.0,-999.0,-999.0,-999.0,-999.0,-999.0,-999.0,-999,2,-999,-999.0,-999.0,-999,722;1658;2151;2655,-999.0,-999.0,-999.0,-999.0,7066.71,-2.55,-4.85,-3.7,153.11,150.69,151.9,10,10.0,10.0,0.11,189.5,238.0,-999.0,-999.0
Artiodactyla,Cervidae,Dama,dama,Dama dama,2,57224.61,-999.0,-999.0,-999.0,1095.0,-999.0,-999.0,2,319.37,230.0,1,0.71,0.61,365.0,1.0,-999.0,300.0,4698.44,621.14,21.99,-999.0,543.28,10.5,-999,1,1,177.63,16720.38,-999,511;543;589;653;936;1297;1573;1594;1763;2525;2655;2986;3010,-999.0,1.1,-999.0,-999.0,3081759.24,60.52,36.01,48.26,34.67,-10.47,12.09,1,128.41,15.0,0.01,58.52,79.91,475.08,576.21
Primates,Cebidae,Callithrix,jacchus,Callithrix jacchus,3,290.21,-999.0,-999.0,-999.0,555.1,152.0,190.0,5,-999.0,144.0,1,0.02,-999.0,159.8,2.31,-999.0,201.6,27.74,-999.0,508.18,-999.0,455.99,8.55,-999,2,2,60.24,96.82,-999,208;543;579;730;890;905;1297;1299;1544;1547;1577;1594;1611;1822;2151;2344;2489;2493;2511;2520;2552;2655;2660;2725;2986,-999.0,1.67,-999.0,-999.0,604264.4,-2.78,-10.38,-6.58,-34.79,-45.78,-40.28,1,61.47,2.0,0.06,99.39,249.92,912.68,1488.61
Diprotodontia,Macropodidae,Petrogale,godmani,Petrogale godmani,-999,4750.0,-999.0,-999.0,-999.0,-999.0,-999.0,-999.0,-999,-999.0,-999.0,1,-999.0,-999.0,-999.0,-999.0,-999.0,-999.0,-999.0,-999.0,-999.0,-999.0,-999.0,-999.0,-999,1,-999,-999.0,-999.0,-999,1760;2655,-999.0,-999.0,-999.0,-999.0,53365.92,-14.16,-16.96,-15.56,145.48,142.91,144.2,0,0.22,0.0,0.0,101.62,246.55,948.11,1644.24
Peramelemorphia,Chaeropodidae,Chaeropus,ecaudatus,Chaeropus ecaudatus,2,219.51,-999.0,-999.0,-999.0,-999.0,-999.0,-999.0,2,-999.0,-999.0,2,-999.0,-999.0,-999.0,1.41,-999.0,-999.0,-999.0,-999.0,-999.0,-999.0,-999.0,-999.0,-999,1,2,-999.0,-999.0,-999,955;1072;1297;1760;2655,-999.0,-999.0,-999.0,-999.0,-999.0,-999.0,-999.0,-999.0,-999.0,-999.0,-999.0,-999,-999.0,-999.0,-999.0,-999.0,-999.0,-999.0,-999.0
Rodentia,Gliridae,Dryomys,niethammeri,Dryomys niethammeri,-999,-999.0,-999.0,-999.0,-999.0,-999.0,-999.0,-999.0,-999,-999.0,-999.0,-999,-999.0,-999.0,-999.0,-999.0,-999.0,-999.0,-999.0,-999.0,-999.0,-999.0,-999.0,-999.0,-999,-999,-999,-999.0,-999.0,-999,-999,-999.0,-999.0,-999.0,-999.0,-999.0,-999.0,-999.0,-999.0,-999.0,-999.0,-999.0,-999,-999.0,-999.0,-999.0,-999.0,-999.0,-999.0,-999.0
Primates,Lemuridae,Eulemur,cinereiceps,Eulemur cinereiceps,-999,-999.0,-999.0,-999.0,-999.0,-999.0,-999.0,-999.0,-999,-999.0,-999.0,-999,-999.0,-999.0,-999.0,-999.0,-999.0,-999.0,-999.0,-999.0,-999.0,-999.0,-999.0,-999.0,-999,-999,-999,-999.0,-999.0,-999,-999,-999.0,-999.0,-999.0,-999.0,103.56,-13.31,-13.42,-13.37,49.87,49.76,49.82,13,13.0,13.0,0.18,114.0,241.0,1149.0,1476.0
Diprotodontia,Macropodidae,Dendrolagus,scottae,Dendrolagus scottae,2,9958.58,-999.0,615.55,-999.0,-999.0,-999.0,-999.0,2,-999.0,-999.0,2,-999.0,-999.0,365.0,1.01,-999.0,-999.0,-999.0,-999.0,-999.0,-999.0,-999.0,-999.0,4,2,1,-999.0,-999.0,-999,511;977;1848;2152;2655,-999.0,1.1,-999.0,-999.0,153.85,-3.48,-3.61,-3.54,142.54,142.41,142.47,5,5.24,5.0,0.18,232.49,298.25,1695.0,1695.5
Primates,Cercopithecidae,Cercopithecus,doggetti,Cercopithecus doggetti,-999,-999.0,-999.0,-999.0,-999.0,-999.0,-999.0,-999.0,-999,-999.0,-999.0,-999,-999.0,-999.0,-999.0,-999.0,-999.0,-999.0,-999.0,-999.0,-999.0,-999.0,-999.0,-999.0,-999,-999,-999,-999.0,-999.0,-999,-999,-999.0,-999.0,-999.0,-999.0,53746.06,-0.57,-4.02,-2.3,31.8,28.84,30.32,28,167.03,38.0,0.06,93.38,188.0,1247.45,1478.72
Primates,Cercopithecidae,Semnopithecus,priam,Semnopithecus priam,-999,-999.0,-999.0,-999.0,-999.0,-999.0,-999.0,-999.0,-999,-999.0,-999.0,-999,-999.0,-999.0,-999.0,-999.0,-999.0,-999.0,-999.0,-999.0,-999.0,-999.0,-999.0,-999.0,-999,-999,-999,-999.0,-999.0,-999,-999,-999.0,-999.0,-999.0,-999.0,170165.47,13.91,5.91,9.91,81.88,77.86,79.87,68,430.48,100.0,0.07,107.23,268.83,1098.13,1581.68
Carnivora,Canidae,Vulpes,vulpes,Vulpes vulpes,1,4820.36,-999.0,627.12,14.01,-999.0,2152.8,4100.0,1,225.0,52.5,1,3.5,3.51,365.0,4.59,-999.0,180.0,100.49,-999.0,1.1,-999.0,321.07,-999.0,8,1,3,50.71,1487.48,300,367;542;543;730;1113;1297;1573;1577;1594;2338;2655,-999.0,1.1,-999.0,-999.0,63034304.34,74.04,12.16,43.1,179.99,-179.99,0.0,0,66.44,0.0,0.04,46.58,34.32,407.98,646.29
Primates,Pitheciidae,Callicebus,modestus,Callicebus modestus,3,992.4,-999.0,-999.0,-999.0,-999.0,-999.0,-999.0,-999,-999.0,-999.0,1,-999.0,-999.0,-999.0,1.02,-999.0,-999.0,-999.0,-999.0,-999.0,-999.0,-999.0,1.0,-999,2,-999,-999.0,-999.0,-999,1605;1633;2151;2655,-999.0,-999.0,-999.0,-999.0,17288.42,-14.25,-15.67,-14.96,-65.93,-67.39,-66.66,1,2.76,1.0,0.47,119.01,225.42,1432.14,1548.82
Artiodactyla,Bovidae,Capricornis,sumatraensis,Capricornis sumatraensis,-999,110942.22,-999.0,1449.99,-999.0,-999.0,-999.0,-999.0,2,-999.0,231.37,-999,-999.0,-999.0,-999.0,1.22,-999.0,252.0,4100.0,-999.0,-999.0,-999.0,-999.0,-999.0,4,-999,1,166.34,-999.0,-999,543;899;1297;1848;1964;2555;2655,-999.0,-999.0,-999.0,-999.0,237174.87,8.99,-5.94,1.52,104.72,95.18,99.95,3,95.83,17.0,0.11,227.32,246.68,1679.87,1776.28
Didelphimorphia,Didelphidae,Gracilinanus,agricolai,Gracilinanus agricolai,-999,-999.0,-999.0,-999.0,-999.0,-999.0,-999.0,-999.0,-999,-999.0,-999.0,-999,-999.0,-999.0,-999.0,-999.0,-999.0,-999.0,-999.0,-999.0,-999.0,-999.0,-999.0,-999.0,-999,-999,-999,-999.0,-999.0,-999,-999,-999.0,-999.0,-999.0,-999.0,-999.0,-999.0,-999.0,-999.0,-999.0,-999.0,-999.0,-999,-999.0,-999.0,-999.0,-999.0,-999.0,-999.0,-999.0
Artiodactyla,Bovidae,Oryx,dammah,Oryx dammah,-999,199798.95,-999.0,1910.0,-999.0,1001.31,-999.0,-999.0,5,-999.0,248.0,1,-999.0,-999.0,-999.0,1.0,-999.0,245.04,9706.02,-999.0,-999.0,30.0,-999.0,30.0,4,1,1,-999.0,-999.0,-999,511;899;1297;1525;1594;1848;2655;2693,-999.0,-999.0,-999.0,-999.0,214297.23,18.51,13.98,16.24,21.38,9.17,15.28,0,1.79,0.0,0.07,15.15,281.02,224.55,1591.57
Artiodactyla,Antilocapridae,Antilocapra,americana,Antilocapra americana,-999,47450.01,-999.0,1310.0,-999.0,365.0,8960.0,32000.0,2,-999.0,247.99,1,8.05,9.53,365.0,1.93,1.0,144.0,3454.7,-999.0,0.82,1000.0,534.68,12.0,-999,1,1,87.54,9662.0,-999,511;519;543;730;764;1297;1404;1573;1763;1822;1848;2167;2655;2718;2986,-999.0,-999.0,-999.0,-999.0,2009745.94,51.37,23.04,37.21,-95.02,-121.25,-108.14,0,6.77,0.0,0.05,29.88,90.76,435.07,870.35
Chiroptera,Pteropodidae,Nyctimene,vizcaccia,Nyctimene vizcaccia,-999,41.96,58.07,93.93,-999.0,-999.0,-999.0,-999.0,-999,-999.0,-999.0,1,-999.0,-999.0,-999.0,-999.0,-999.0,-999.0,-999.0,-999.0,-999.0,-999.0,-999.0,1.0,-999,2,-999,-999.0,-999.0,-999,196;406;1658;2151;2280;2655,-999.0,-999.0,-999.0,-999.0,33659.02,-1.95,-9.94,-5.95,161.39,146.5,153.94,8,13.31,8.0,0.16,197.47,253.93,-999.0,-999.0
Soricomorpha,Soricidae,Suncus,aequatorius,Suncus aequatorius,-999,-999.0,-999.0,-999.0,-999.0,-999.0,-999.0,-999.0,-999,-999.0,-999.0,-999,-999.0,-999.0,-999.0,-999.0,-999.0,-999.0,-999.0,-999.0,-999.0,-999.0,-999.0,-999.0,-999,-999,-999,-999.0,-999.0,-999,-999,-999.0,-999.0,-999.0,-999.0,-999.0,-999.0,-999.0,-999.0,-999.0,-999.0,-999.0,-999,-999.0,-999.0,-999.0,-999.0,-999.0,-999.0,-999.0
Rodentia,Nesomyidae,Eliurus,tanala,Eliurus tanala,-999,89.99,-999.0,-999.0,-999.0,-999.0,-999.0,-999.0,-999,-999.0,-999.0,-999,-999.0,-999.0,-999.0,-999.0,-999.0,-999.0,-999.0,-999.0,-999.0,-999.0,-999.0,-999.0,-999,-999,-999,-999.0,-999.0,-999,2655,-999.0,-999.0,-999.0,-999.0,29102.38,-17.45,-22.96,-20.2,49.14,46.76,47.95,8,44.55,13.0,0.18,191.57,191.96,1332.76,1538.74
Rodentia,Pedetidae,Pedetes,capensis,Pedetes capensis,1,2549.25,-999.0,-999.0,2.0,-999.0,793.5,2300.0,3,-999.0,78.02,2,-999.0,-999.0,101.0,0.98,-999.0,174.0,253.49,-999.0,-999.0,-999.0,338.33,-999.0,-999,1,1,45.61,1299.99,-999,518;543;659;660;1297;1822;2629;2655,-999.0,2.11,-999.0,-999.0,3979810.48,-7.82,-34.05,-20.93,35.54,12.15,23.85,0,13.77,0.0,0.14,58.64,201.84,657.25,1371.56
Rodentia,Ctenodactylidae,Massoutiera,mzabi,Massoutiera mzabi,3,194.0,-999.0,-999.0,0.0,-999.0,-999.0,-999.0,3,-999.0,55.72,-999,-999.0,-999.0,-999.0,2.04,-999.0,-999.0,20.5,-999.0,-999.0,-999.0,374.16,-999.0,-999,-999,1,-999.0,-999.0,-999,1297;1810;2655,-999.0,-999.0,-999.0,-999.0,1150302.75,33.05,18.58,25.82,18.49,1.88,10.18,0,0.6,0.0,0.12,2.61,240.71,49.95,1220.58
Rodentia,Geomyidae,Thomomys,monticola,Thomomys monticola,-999,80.99,-999.0,-999.0,-999.0,-999.0,-999.0,-999.0,3,-999.0,-999.0,2,5.73596e-05,7.3155e-05,-999.0,3.49,1.0,60.0,-999.0,-999.0,2814.0,-999.0,393.5,-999.0,-999,1,1,-999.0,-999.0,-999,1297;1440;1441;2151;2655,-999.0,-999.0,-999.0,-999.0,52761.97,41.75,37.07,39.41,-118.58,-122.62,-120.6,1,12.0,1.0,0.09,52.73,80.15,362.56,972.56
Soricomorpha,Soricidae,Crocidura,trichura,Crocidura trichura,-999,-999.0,-999.0,-999.0,-999.0,-999.0,-999.0,-999.0,-999,-999.0,-999.0,-999,-999.0,-999.0,-999.0,-999.0,-999.0,-999.0,-999.0,-999.0,-999.0,-999.0,-999.0,-999.0,-999,-999,-999,-999.0,-999.0,-999,-999,-999.0,-999.0,-999.0,-999.0,138.04,-10.41,-10.57,-10.49,105.71,105.53,105.62,14,14.0,14.0,0.07,-999.0,-999.0,-999.0,-999.0
Soricomorpha,Soricidae,Sorex,emarginatus,Sorex emarginatus,-999,7.0,-999.0,-999.0,-999.0,-999.0,-999.0,-999.0,-999,-999.0,-999.0,-999,-999.0,-999.0,-999.0,-999.0,-999.0,-999.0,-999.0,-999.0,-999.0,-999.0,-999.0,-999.0,-999,-999,-999,-999.0,-999.0,-999,2655,-999.0,-999.0,-999.0,-999.0,86118.88,23.63,19.86,21.74,-100.81,-105.53,-103.17,4,87.65,4.0,0.06,60.47,175.24,758.42,1377.32
Primates,Cercopithecidae,Cercopithecus,pogonias,Cercopithecus pogonias,3,3578.27,-999.0,459.99,-999.0,1825.0,-999.0,-999.0,3,-999.0,169.51,1,1.15,1.74,-999.0,1.01,-999.0,289.2,337.19,-999.0,19.04,13.0,1684.59,15.0,-999,2,2,-999.0,-999.0,-999,208;543;681;730;904;930;1062;1347;1544;1547;1611;1848;2344;2493;2655;2660;2878;2986;3086,-999.0,-999.0,-999.0,-999.0,1592652.96,9.13,-6.05,1.53,24.14,7.92,16.03,0,19.87,1.0,0.09,146.05,245.26,1269.59,1538.71
Cetacea,Ziphiidae,Hyperoodon,ampullatus,Hyperoodon ampullatus,-999,3393361.08,-999.0,8778.42,-999.0,-999.0,-999.0,-999.0,2,-999.0,365.0,1,-999.0,-999.0,-999.0,1.0,0.7,444.0,-999.0,-999.0,-999.0,-999.0,3580.06,7.0,-999,-999,3,365.0,-999.0,-999,511;543;1004;1297;2151;2655,-999.0,-999.0,-999.0,-999.0,-999.0,-999.0,-999.0,-999.0,-999.0,-999.0,-999.0,-999,-999.0,-999.0,-999.0,-999.0,-999.0,-999.0,-999.0
Monotremata,Tachyglossidae,Zaglossus,attenboroughi,Zaglossus attenboroughi,-999,-999.0,-999.0,-999.0,-999.0,-999.0,-999.0,-999.0,-999,-999.0,-999.0,-999,-999.0,-999.0,-999.0,-999.0,-999.0,-999.0,-999.0,-999.0,-999.0,-999.0,-999.0,-999.0,-999,-999,-999,-999.0,-999.0,-999,-999,-999.0,-999.0,-999.0,-999.0,504.34,-2.45,-2.59,-2.52,140.72,140.35,140.53,8,8.0,8.0,0.14,195.0,302.5,1702.5,1834.5
Chiroptera,Rhinolophidae,Rhinolophus,cognatus,Rhinolophus cognatus,-999,-999.0,39.5,-999.0,-999.0,-999.0,-999.0,-999.0,1,-999.0,-999.0,1,-999.0,-999.0,-999.0,-999.0,-999.0,-999.0,-999.0,-999.0,-999.0,-999.0,-999.0,-999.0,-999,2,3,-999.0,-999.0,-999,679;1658;2151,9.4,-999.0,-999.0,-999.0,4533.32,13.57,11.47,12.52,94.3,92.52,93.41,41,50.77,41.0,0.21,215.0,268.0,-999.0,-999.0
Primates,Cercopithecidae,Cercopithecus,roloway,Cercopithecus roloway,-999,-999.0,-999.0,-999.0,-999.0,-999.0,-999.0,-999.0,-999,-999.0,-999.0,-999,-999.0,-999.0,-999.0,-999.0,-999.0,-999.0,-999.0,-999.0,-999.0,-999.0,-999.0,-999.0,-999,-999,-999,-999.0,-999.0,-999,-999,-999.0,-999.0,-999.0,-999.0,136280.67,7.2,4.73,5.97,-0.68,-7.03,-3.86,20,102.3,26.0,0.16,124.7,262.42,1356.62,1586.28
Diprotodontia,Macropodidae,Macropus,bernardus,Macropus bernardus,-999,17000.0,-999.0,-999.0,-999.0,-999.0,-999.0,-999.0,-999,-999.0,-999.0,1,-999.0,-999.0,-999.0,1.0,-999.0,-999.0,-999.0,-999.0,-999.0,-999.0,-999.0,-999.0,-999,1,-999,-999.0,-999.0,-999,1760;1848;2655,-999.0,-999.0,-999.0,-999.0,36606.69,-11.72,-14.66,-13.19,133.95,132.4,133.17,0,0.18,0.0,0.0,96.41,262.1,890.28,1807.63
Peramelemorphia,Peramelidae,Microperoryctes,papuensis,Microperoryctes papuensis,1,158.0,-999.0,192.94,-999.0,-999.0,-999.0,-999.0,-999,-999.0,-999.0,2,-999.0,-999.0,-999.0,1.01,1.0,-999.0,-999.0,-999.0,-999.0,-999.0,-999.0,1.0,6,1,-999,-999.0,-999.0,-999,102;661;955;977;2152;2655,-999.0,-999.0,-999.0,-999.0,18150.86,-7.95,-10.09,-9.02,149.7,146.75,148.23,5,11.35,5.0,0.06,173.81,196.17,1750.0,1750.0
Primates,Cebidae,Callithrix,humeralifera,Callithrix humeralifera,3,374.99,-999.0,-999.0,-999.0,-999.0,-999.0,-999.0,4,-999.0,-999.0,1,0.1,0.13,-999.0,-999.0,-999.0,180.0,34.5,-999.0,28.32,-999.0,-999.0,8.5,-999,2,2,99.01,-999.0,-999,543;730;890;905;1125;1297;1544;1547;2151;2344;2520;2655;2660;2725;2986,-999.0,-999.0,-999.0,-999.0,129628.0,-2.27,-8.45,-5.36,-55.4,-60.5,-57.95,0,1.68,0.0,0.12,163.67,258.66,1433.66,1605.81
Artiodactyla,Bovidae,Bos,sauveli,Bos sauveli,2,791321.76,-999.0,2175.0,-999.0,-999.0,-999.0,-999.0,2,-999.0,-999.0,1,-999.0,-999.0,-999.0,-999.0,-999.0,-999.0,-999.0,-999.0,-999.0,-999.0,755.15,20.0,-999,1,1,-999.0,-999.0,-999,511;899;1525;1848;2655,-999.0,-999.0,-999.0,-999.0,115557.18,15.48,12.04,13.76,107.85,102.98,105.42,2,36.95,3.0,0.12,170.36,251.45,1144.18,1581.73
Chiroptera,Hipposideridae,Hipposideros,larvatus,Hipposideros larvatus,-999,19.95,59.99,-999.0,-999.0,-999.0,-999.0,-999.0,1,-999.0,-999.0,1,-999.0,-999.0,-999.0,0.98,-999.0,-999.0,3.75,-999.0,-999.0,-999.0,-999.0,-999.0,-999,2,3,-999.0,-999.0,-999,196;679;1297;1658;2151;2655;2719,-999.0,-999.0,-999.0,-999.0,3785609.68,27.47,-10.37,8.55,127.3,87.94,107.62,1,177.89,9.0,0.09,176.61,229.17,1257.98,1511.2
Rodentia,Sciuridae,Rubrisciurus,rubriventer,Rubrisciurus rubriventer,-999,-999.0,-999.0,-999.0,-999.0,-999.0,-999.0,-999.0,-999,-999.0,-999.0,-999,-999.0,-999.0,-999.0,-999.0,-999.0,-999.0,-999.0,-999.0,-999.0,-999.0,-999.0,-999.0,-999,-999,-999,-999.0,-999.0,-999,-999,-999.0,-999.0,-999.0,-999.0,134381.82,1.75,-4.89,-1.56,125.24,119.03,122.14,17,58.5,17.0,0.09,229.38,212.97,1813.54,1879.6
Rodentia,Muridae,Rhagamys,orthodon,Rhagamys orthodon,-999,-999.0,-999.0,-999.0,-999.0,-999.0,-999.0,-999.0,-999,-999.0,-999.0,-999,-999.0,-999.0,-999.0,-999.0,-999.0,-999.0,-999.0,-999.0,-999.0,-999.0,-999.0,-999.0,-999,-999,-999,-999.0,-999.0,-999,-999,-999.0,-999.0,-999.0,-999.0,-999.0,-999.0,-999.0,-999.0,-999.0,-999.0,-999.0,-999,-999.0,-999.0,-999.0,-999.0,-999.0,-999.0,-999.0
Primates,Lepilemuridae,Lepilemur,dorsalis,Lepilemur dorsalis,1,503.85,-999.0,255.0,-999.0,-999.0,-999.0,-999.0,3,-999.0,-999.0,1,-999.0,-999.0,-999.0,1.01,-999.0,-999.0,-999.0,-999.0,-999.0,-999.0,-999.0,1.0,2,2,1,-999.0,-999.0,-999,511;1048;1261;1544;1547;2151;2655,-999.0,-999.0,-999.0,-999.0,9532.94,-13.19,-14.38,-13.79,49.07,47.86,48.46,8,23.02,8.0,0.18,133.28,201.61,1240.42,1623.73
Chiroptera,Emballonuridae,Saccopteryx,antioquensis,Saccopteryx antioquensis,-999,-999.0,-999.0,-999.0,-999.0,-999.0,-999.0,-999.0,-999,-999.0,-999.0,-999,-999.0,-999.0,-999.0,-999.0,-999.0,-999.0,-999.0,-999.0,-999.0,-999.0,-999.0,-999.0,-999,-999,-999,-999.0,-999.0,-999,-999,-999.0,-999.0,-999.0,-999.0,12746.59,6.95,4.14,5.54,-74.76,-75.4,-75.08,19,68.66,19.0,0.07,152.83,201.53,1474.2,1491.95
Soricomorpha,Soricidae,Sorex,hoyi,Sorex hoyi,2,3.37,-999.0,53.99,-999.0,-999.0,-999.0,-999.0,1,-999.0,-999.0,1,-999.0,-999.0,-999.0,5.84,1.0,-999.0,-999.0,-999.0,52.0,-999.0,-999.0,-999.0,8,1,3,-999.0,-999.0,-999,34;35;176;626;1020;1297;1445;1806;1807;2655;2786,-999.0,-999.0,-999.0,-999.0,6973125.22,67.4,34.61,51.0,-60.17,-160.31,-110.24,0,10.71,0.0,0.03,52.03,-7.28,397.82,443.43
Lagomorpha,Leporidae,Lepus,oiostolus,Lepus oiostolus,2,2468.55,-999.0,465.4,-999.0,-999.0,-999.0,-999.0,1,-999.0,-999.0,1,-999.0,-999.0,-999.0,3.06,2.0,-999.0,-999.0,-999.0,-999.0,-999.0,-999.0,-999.0,-999,1,1,-999.0,-999.0,-999,95;521;989;1297;1315,-999.0,-999.0,-999.0,-999.0,2735995.71,40.99,26.73,33.86,105.25,73.8,89.53,0,11.89,0.0,0.06,57.88,-35.58,394.56,809.36
Carnivora,Herpestidae,Paracynictis,selousi,Paracynictis selousi,1,1669.72,-999.0,427.91,-999.0,-999.0,-999.0,-999.0,1,-999.0,-999.0,1,-999.0,-999.0,-999.0,2.0,-999.0,-999.0,-999.0,-999.0,-999.0,-999.0,-999.0,-999.0,-999,1,3,-999.0,-999.0,-999,1113;1297;2655,-999.0,-999.0,-999.0,-999.0,2095494.67,-10.33,-27.76,-19.04,37.52,13.16,25.34,0,18.41,1.0,0.17,73.07,212.91,785.06,1431.39
Peramelemorphia,Peramelidae,Isoodon,obesulus,Isoodon obesulus,2,824.76,-999.0,-999.0,-999.0,-999.0,-999.0,-999.0,2,-999.0,15.0,2,0.01,0.01,114.75,2.33,2.2,45.0,0.34,-999.0,40.0,-999.0,171.1,-999.0,-999,1,2,59.99,180.89,-999,129;730;955;966;1070;1297;1412;1573;1760;1802;1803;1926;2107;2484;2655;2681;2838,-999.0,-999.0,-999.0,-999.0,354752.76,-10.69,-43.64,-27.16,150.16,114.97,132.56,0,16.35,0.0,0.04,64.32,142.18,547.84,1017.83
Primates,Hylobatidae,Nomascus,gabriellae,Nomascus gabriellae,3,-999.0,-999.0,-999.0,-999.0,-999.0,-999.0,-999.0,-999,-999.0,-999.0,-999,-999.0,-999.0,-999.0,-999.0,-999.0,-999.0,-999.0,-999.0,-999.0,-999.0,-999.0,1.0,-999,-999,-999,-999.0,-999.0,-999,2660,-999.0,-999.0,-999.0,-999.0,88851.07,13.89,9.61,11.75,109.28,106.12,107.7,2,202.8,3.0,0.13,142.76,249.15,1151.59,1474.18
Rodentia,Nesomyidae,Cricetomys,kivuensis,Cricetomys kivuensis,-999,-999.0,-999.0,-999.0,-999.0,-999.0,-999.0,-999.0,-999,-999.0,-999.0,-999,-999.0,-999.0,-999.0,-999.0,-999.0,-999.0,-999.0,-999.0,-999.0,-999.0,-999.0,-999.0,-999,-999,-999,-999.0,-999.0,-999,-999,-999.0,-999.0,-999.0,-999.0,-999.0,-999.0,-999.0,-999.0,-999.0,-999.0,-999.0,-999,-999.0,-999.0,-999.0,-999.0,-999.0,-999.0,-999.0
Rodentia,Nesomyidae,Dendromus,mystacalis,Dendromus mystacalis,-999,8.17,-999.0,-999.0,-999.0,-999.0,-999.0,-999.0,-999,-999.0,-999.0,-999,-999.0,-999.0,-999.0,3.45,-999.0,-999.0,-999.0,-999.0,1036.35,-999.0,-999.0,-999.0,-999,-999,-999,-999.0,-999.0,-999,730;1297;2655;3054,-999.0,-999.0,-999.0,-999.0,5794924.77,12.88,-34.1,-10.6,42.13,12.44,27.29,0,39.94,2.0,0.16,88.83,215.07,954.26,1468.53
Cingulata,Dasypodidae,Dasypus,sabanicola,Dasypus sabanicola,-999,1150.01,-999.0,-999.0,-999.0,-999.0,-999.0,-999.0,1,-999.0,91.24,2,-999.0,-999.0,-999.0,4.0,-999.0,-999.0,-999.0,-999.0,280.0,-999.0,-999.0,-999.0,-999,1,3,-999.0,-999.0,-999,199;889;1297;2151;2655,-999.0,-999.0,-999.0,-999.0,688618.81,9.57,2.5,6.04,-61.59,-73.76,-67.67,0,7.97,0.0,0.09,157.31,244.54,1400.5,1636.55
Chiroptera,Nycteridae,Nycteris,macrotis,Nycteris macrotis,-999,14.49,47.5,-999.0,-999.0,-999.0,-999.0,-999.0,1,-999.0,78.21,1,-999.0,-999.0,-999.0,0.99,2.25,-999.0,-999.0,-999.0,-999.0,-999.0,-999.0,-999.0,-999,2,3,60.41,-999.0,-999,196;277;1257;1267;1297;1388;1658;2143;2151;2622;2655;2719,-999.0,-999.0,-999.0,-999.0,9321164.08,15.46,-22.43,-3.48,40.46,-16.79,11.83,0,40.42,1.0,0.13,117.75,240.05,1110.03,1552.01
Chiroptera,Molossidae,Chaerephon,chapini,Chaerephon chapini,-999,-999.0,36.5,-999.0,-999.0,-999.0,-999.0,-999.0,-999,-999.0,-999.0,1,-999.0,-999.0,-999.0,-999.0,-999.0,-999.0,-999.0,-999.0,-999.0,-999.0,-999.0,-999.0,-999,2,-999,-999.0,-999.0,-999,1658;2151,7.49,-999.0,-999.0,-999.0,1035410.19,3.22,-1.45,0.88,37.75,12.17,24.96,0,36.75,1.0,0.14,135.76,236.69,1413.67,1573.23
Rodentia,Erethizontidae,Echinoprocta,rufescens,Echinoprocta rufescens,-999,831.79,-999.0,-999.0,-999.0,-999.0,-999.0,-999.0,-999,-999.0,-999.0,-999,-999.0,-999.0,-999.0,-999.0,-999.0,-999.0,-999.0,-999.0,-999.0,-999.0,-999.0,-999.0,-999,-999,-999,-999.0,-999.0,-999,2655,-999.0,-999.0,-999.0,-999.0,32259.39,1.66,-3.52,-0.92,-75.8,-78.51,-77.15,2,23.17,2.0,0.13,207.19,206.06,1374.84,1395.21
Rodentia,Ctenomyidae,Ctenomys,fochi,Ctenomys fochi,-999,-999.0,-999.0,-999.0,-999.0,-999.0,-999.0,-999.0,-999,-999.0,-999.0,-999,-999.0,-999.0,-999.0,-999.0,-999.0,-999.0,-999.0,-999.0,-999.0,-999.0,-999.0,-999.0,-999,-999,-999,-999.0,-999.0,-999,-999,-999.0,-999.0,-999.0,-999.0,-999.0,-999.0,-999.0,-999.0,-999.0,-999.0,-999.0,-999,-999.0,-999.0,-999.0,-999.0,-999.0,-999.0,-999.0
Rodentia,Cricetidae,Ondatra,zibethicus,Ondatra zibethicus,2,991.31,-999.0,276.67,14.5,365.0,841.27,1067.3,5,-999.0,27.86,3,0.003209364,0.00339923,30.0,6.55,2.43,120.0,21.99,-999.0,-999.0,-999.0,198.11,-999.0,6,1,2,27.84,153.7,-999,543;912;1215;1297;1473;1573;1577;1849;1949;2550;2655;2950;3039,-999.0,-999.0,-999.0,-999.0,14671151.06,68.46,28.92,48.69,-52.63,-168.12,-110.38,0,18.34,0.0,0.04,52.25,30.61,455.05,598.8
Rodentia,Sciuridae,Sundasciurus,brookei,Sundasciurus brookei,-999,114.05,-999.0,186.14,-999.0,-999.0,-999.0,-999.0,-999,-999.0,-999.0,-999,-999.0,-999.0,-999.0,-999.0,-999.0,-999.0,-999.0,-999.0,-999.0,-999.0,-999.0,-999.0,5,-999,-999,-999.0,-999.0,-999,2152;2655;2844,-999.0,-999.0,-999.0,-999.0,157725.81,5.45,-0.23,2.6,117.15,110.85,114.0,1,7.57,2.0,0.19,281.4,222.95,1673.94,1679.38
Cetacea,Iniidae,Pontoporia,blainvillei,Pontoporia blainvillei,-999,40499.99,-999.0,-999.0,-999.0,-999.0,-999.0,-999.0,2,-999.0,326.89,1,-999.0,-999.0,730.0,1.0,-999.0,192.0,-999.0,-999.0,-999.0,-999.0,980.44,-999.0,-999,-999,3,316.09,-999.0,-999,543;890;1297;2151;2409;2655,-999.0,0.77,-999.0,-999.0,-999.0,-999.0,-999.0,-999.0,-999.0,-999.0,-999.0,-999,-999.0,-999.0,-999.0,-999.0,-999.0,-999.0,-999.0
Primates,Lorisidae,Arctocebus,aureus,Arctocebus aureus,-999,234.16,-999.0,-999.0,-999.0,-999.0,-999.0,-999.0,-999,-999.0,-999.0,-999,-999.0,-999.0,-999.0,-999.0,-999.0,-999.0,-999.0,-999.0,-999.0,-999.0,-999.0,-999.0,-999,-999,-999,-999.0,-999.0,-999,1547;1848;2655,-999.0,-999.0,-999.0,-999.0,878239.93,5.23,-6.05,-0.41,18.65,8.69,13.67,0,13.57,1.0,0.08,150.36,244.58,1305.13,1502.14
Chiroptera,Rhinolophidae,Rhinolophus,philippinensis,Rhinolophus philippinensis,-999,10.91,51.0,-999.0,-999.0,-999.0,-999.0,-999.0,1,-999.0,-999.0,1,-999.0,-999.0,-999.0,-999.0,-999.0,-999.0,-999.0,-999.0,-999.0,-999.0,-999.0,-999.0,-999,2,3,-999.0,-999.0,-999,679;1439;1658;2151;2622;2655,-999.0,-999.0,-999.0,-999.0,391836.76,18.65,-18.16,0.24,146.14,113.06,129.6,0,140.79,0.0,0.12,208.4,236.47,1415.02,1734.92
Rodentia,Geomyidae,Pappogeomys,alcorni,Pappogeomys alcorni,-999,150.0,-999.0,-999.0,-999.0,-999.0,-999.0,-999.0,3,-999.0,-999.0,2,-999.0,-999.0,-999.0,-999.0,-999.0,-999.0,-999.0,-999.0,-999.0,-999.0,-999.0,-999.0,-999,1,1,-999.0,-999.0,-999,2151;2655,-999.0,-999.0,-999.0,-999.0,1519.92,20.1,19.76,19.93,-102.7,-103.33,-103.02,43,82.19,43.0,0.07,83.25,187.5,870.25,1438.44
Primates,Cercopithecidae,Chlorocebus,sabaeus,Chlorocebus sabaeus,-999,-999.0,-999.0,-999.0,-999.0,-999.0,-999.0,-999.0,-999,-999.0,-999.0,-999,-999.0,-999.0,-999.0,-999.0,-999.0,-999.0,-999.0,-999.0,-999.0,-999.0,-999.0,-999.0,-999,-999,-999,-999.0,-999.0,-999,-999,-999.0,-999.0,-999.0,-999.0,1390955.98,16.7,6.19,11.44,-0.11,-17.53,-8.82,1,56.9,5.0,0.12,108.99,269.94,868.74,1558.34
Primates,Cercopithecidae,Piliocolobus,rufomitratus,Piliocolobus rufomitratus,3,8030.75,-999.0,560.0,-999.0,-999.0,-999.0,-999.0,3,-999.0,195.0,1,0.05,-999.0,-999.0,1.01,-999.0,-999.0,-999.0,-999.0,186.44,16.0,-999.0,24.5,-999,2,1,-999.0,-999.0,-999,741;899;1544;2151;2655;2660,-999.0,-999.0,-999.0,-999.0,26952.75,-1.55,-3.6,-2.58,40.68,38.82,39.75,2,28.03,2.0,0.18,61.11,267.82,930.74,1761.73
Rodentia,Gliridae,Graphiurus,surdus,Graphiurus surdus,1,-999.0,-999.0,-999.0,-999.0,-999.0,-999.0,-999.0,4,-999.0,-999.0,2,-999.0,-999.0,-999.0,4.99,-999.0,-999.0,-999.0,-999.0,-999.0,-999.0,-999.0,-999.0,7,2,2,-999.0,-999.0,-999,2151,-999.0,-999.0,-999.0,-999.0,52630.81,3.99,1.29,2.64,12.18,9.49,10.83,3,26.31,4.0,0.07,176.22,235.71,1359.6,1534.04
Diprotodontia,Tarsipedidae,Tarsipes,rostratus,Tarsipes rostratus,2,9.66,-999.0,77.34,-999.0,182.5,29.0,10.0,1,-999.0,61.27,2,0.000814137,0.000872424,122.0,2.93,3.0,24.0,0.0043,-999.0,29699.99,-999.0,177.2,1.0,4,2,1,89.74,4.31,-999,543;955;1297;1412;1466;1760;1822;1848;2108;2437;2484;2644;2655;2880;2967;2969;3080;3081;3082,-999.0,-999.0,-999.0,-999.0,211836.34,-27.47,-35.13,-31.3,125.56,114.08,119.82,0,7.58,0.0,0.06,45.23,160.77,412.71,1144.04
Rodentia,Caviidae,Cavia,magna,Cavia magna,-999,459.99,-999.0,-999.0,-999.0,-999.0,-999.0,-999.0,-999,-999.0,-999.0,1,-999.0,-999.0,-999.0,-999.0,5.0,-999.0,-999.0,-999.0,-999.0,-999.0,-999.0,-999.0,2,1,-999,20.88,-999.0,-999,2151;2655,-999.0,-999.0,-999.0,-999.0,178490.87,-25.86,-34.97,-30.42,-48.47,-55.45,-51.96,3,53.58,5.0,0.06,119.18,166.22,1050.43,1211.45
Chiroptera,Rhinolophidae,Rhinolophus,imaizumii,Rhinolophus imaizumii,-999,-999.0,41.49,-999.0,-999.0,-999.0,-999.0,-999.0,1,-999.0,-999.0,1,-999.0,-999.0,-999.0,-999.0,-999.0,-999.0,-999.0,-999.0,-999.0,-999.0,-999.0,-999.0,-999,2,3,-999.0,-999.0,-999,679;1658;2151,10.82,-999.0,-999.0,-999.0,523.44,24.6,24.24,24.42,124.34,123.66,124.0,365,365.0,365.0,0.04,-999.0,-999.0,-999.0,-999.0
Artiodactyla,Bovidae,Cephalophus,nigrifrons,Cephalophus nigrifrons,2,14676.33,-999.0,944.21,-999.0,-999.0,-999.0,-999.0,4,-999.0,-999.0,1,-999.0,-999.0,-999.0,-999.0,-999.0,236.4,-999.0,-999.0,2.0,-999.0,-999.0,-999.0,4,1,1,-999.0,-999.0,-999,543;869;904;1525;1848;2655;2693;3046,-999.0,-999.0,-999.0,-999.0,2766201.07,5.12,-9.85,-2.36,37.79,8.69,23.24,0,27.94,1.0,0.13,140.38,238.38,1348.71,1548.31
Rodentia,Echimyidae,Trinomys,eliasi,Trinomys eliasi,-999,-999.0,-999.0,-999.0,-999.0,-999.0,-999.0,-999.0,-999,-999.0,-999.0,-999,-999.0,-999.0,-999.0,3.0,-999.0,-999.0,-999.0,-999.0,-999.0,-999.0,-999.0,-999.0,-999,-999,-999,-999.0,-999.0,-999,2265,-999.0,-999.0,-999.0,-999.0,-999.0,-999.0,-999.0,-999.0,-999.0,-999.0,-999.0,-999,-999.0,-999.0,-999.0,-999.0,-999.0,-999.0,-999.0
Chiroptera,Hipposideridae,Hipposideros,pygmaeus,Hipposideros pygmaeus,-999,3.53,38.0,-999.0,-999.0,-999.0,-999.0,-999.0,1,-999.0,-999.0,1,-999.0,-999.0,-999.0,-999.0,-999.0,-999.0,-999.0,-999.0,-999.0,-999.0,-999.0,-999.0,-999,2,3,-999.0,-999.0,-999,679;1439;1658;2151;2655,-999.0,-999.0,-999.0,-999.0,134870.52,18.65,9.03,13.84,124.6,119.74,122.17,19,303.66,32.0,0.08,216.76,244.73,1395.99,1729.92
Artiodactyla,Cervidae,Muntiacus,reevesi,Muntiacus reevesi,-999,13499.94,-999.0,-999.0,-999.0,-999.0,-999.0,-999.0,2,-999.0,214.24,-999,0.12,0.11,215.25,0.98,-999.0,-999.0,1050.0,-999.0,0.67,-999.0,295.12,-999.0,-999,-999,1,-999.0,-999.0,-999,200;653;789;1297;1573;2525;2655;2986;3010,-999.0,1.43,-999.0,-999.0,1767640.73,34.11,20.22,27.17,122.13,104.67,113.4,41,356.66,94.0,0.06,109.52,157.1,1016.93,1071.65
Soricomorpha,Soricidae,Suncus,dayi,Suncus dayi,-999,-999.0,-999.0,-999.0,-999.0,-999.0,-999.0,-999.0,-999,-999.0,-999.0,-999,-999.0,-999.0,-999.0,-999.0,-999.0,-999.0,-999.0,-999.0,-999.0,-999.0,-999.0,-999.0,-999,-999,-999,-999.0,-999.0,-999,-999,-999.0,-999.0,-999.0,-999.0,9522.82,10.66,9.93,10.29,77.82,76.18,77.0,233,585.56,233.0,0.04,166.68,270.1,1148.11,1474.23
Chiroptera,Nycteridae,Nycteris,aurita,Nycteris aurita,-999,-999.0,-999.0,-999.0,-999.0,-999.0,-999.0,-999.0,-999,-999.0,-999.0,-999,-999.0,-999.0,-999.0,-999.0,-999.0,-999.0,-999.0,-999.0,-999.0,-999.0,-999.0,-999.0,-999,-999,-999,-999.0,-999.0,-999,-999,-999.0,-999.0,-999.0,-999.0,500257.54,5.86,-12.44,-3.29,40.64,23.92,32.28,1,46.84,2.0,0.16,72.34,228.99,900.27,1524.81
Artiodactyla,Suidae,Babyrousa,togeanensis,Babyrousa togeanensis,-999,-999.0,-999.0,-999.0,-999.0,-999.0,-999.0,-999.0,-999,-999.0,-999.0,-999,-999.0,-999.0,-999.0,-999.0,-999.0,-999.0,-999.0,-999.0,-999.0,-999.0,-999.0,-999.0,-999,-999,-999,-999.0,-999.0,-999,-999,-999.0,-999.0,-999.0,-999.0,536.65,-0.23,-0.57,-0.4,122.14,121.64,121.89,21,27.66,21.0,0.1,-999.0,-999.0,-999.0,-999.0
Rodentia,Cricetidae,Abrothrix,lanosus,Abrothrix lanosus,-999,27.83,-999.0,-999.0,-999.0,-999.0,45.6,24.0,-999,-999.0,-999.0,-999,-999.0,-999.0,-999.0,-999.0,-999.0,-999.0,-999.0,-999.0,-999.0,-999.0,-999.0,-999.0,-999,-999,-999,-999.0,-999.0,-999,1473;1822;2655,-999.0,-999.0,-999.0,-999.0,43016.67,-50.67,-54.84,-52.76,-67.08,-74.96,-71.02,0,1.44,0.0,0.24,60.63,45.34,380.38,431.52
Artiodactyla,Bovidae,Hippotragus,equinus,Hippotragus equinus,3,264173.96,-999.0,1150.0,-999.0,1049.37,-999.0,-999.0,5,-999.0,278.23,1,-999.0,-999.0,317.0,0.98,-999.0,240.0,16412.18,-999.0,0.96,-999.0,841.82,12.0,4,1,1,119.27,-999.0,-999,543;730;859;869;1297;1525;1848;2629;2655;2693;2986,-999.0,1.18,-999.0,-999.0,8018853.26,16.13,-25.3,-4.58,38.45,-17.53,10.45,0,30.36,1.0,0.13,89.35,240.77,884.32,1551.46
Rodentia,Erethizontidae,Sphiggurus,roosmalenorum,Sphiggurus roosmalenorum,-999,-999.0,-999.0,-999.0,-999.0,-999.0,-999.0,-999.0,-999,-999.0,-999.0,-999,-999.0,-999.0,-999.0,-999.0,-999.0,-999.0,-999.0,-999.0,-999.0,-999.0,-999.0,-999.0,-999,-999,-999,-999.0,-999.0,-999,-999,-999.0,-999.0,-999.0,-999.0,-999.0,-999.0,-999.0,-999.0,-999.0,-999.0,-999.0,-999,-999.0,-999.0,-999.0,-999.0,-999.0,-999.0,-999.0
Didelphimorphia,Didelphidae,Philander,frenatus,Philander frenatus,-999,-999.0,-999.0,-999.0,-999.0,-999.0,-999.0,-999.0,-999,-999.0,-999.0,-999,-999.0,-999.0,-999.0,-999.0,-999.0,-999.0,-999.0,-999.0,-999.0,-999.0,-999.0,-999.0,-999,-999,-999,-999.0,-999.0,-999,-999,-999.0,-999.0,-999.0,-999.0,-999.0,-999.0,-999.0,-999.0,-999.0,-999.0,-999.0,-999,-999.0,-999.0,-999.0,-999.0,-999.0,-999.0,-999.0
Rodentia,Ctenomyidae,Ctenomys,brasiliensis,Ctenomys brasiliensis,-999,-999.0,-999.0,-999.0,-999.0,-999.0,-999.0,-999.0,-999,-999.0,-999.0,-999,-999.0,-999.0,-999.0,-999.0,-999.0,-999.0,-999.0,-999.0,-999.0,-999.0,-999.0,-999.0,-999,-999,-999,-999.0,-999.0,-999,-999,-999.0,-999.0,-999.0,-999.0,-999.0,-999.0,-999.0,-999.0,-999.0,-999.0,-999.0,-999,-999.0,-999.0,-999.0,-999.0,-999.0,-999.0,-999.0
Rodentia,Echimyidae,Proechimys,goeldii,Proechimys goeldii,-999,284.99,-999.0,-999.0,-999.0,-999.0,-999.0,-999.0,-999,-999.0,-999.0,-999,-999.0,-999.0,-999.0,-999.0,-999.0,-999.0,-999.0,-999.0,-999.0,-999.0,-999.0,-999.0,-999,-999,-999,-999.0,-999.0,-999,2655,-999.0,-999.0,-999.0,-999.0,591332.73,-1.52,-12.62,-7.07,-53.82,-71.33,-62.58,0,3.12,0.0,0.13,176.87,254.55,1433.09,1605.1
Diprotodontia,Petauridae,Gymnobelideus,leadbeateri,Gymnobelideus leadbeateri,1,137.32,-999.0,-999.0,-999.0,365.0,102.92,166.0,2,304.16,18.43,1,0.01,-999.0,183.0,1.54,2.0,132.0,-999.0,-999.0,258.26,8.0,481.03,-999.0,4,2,2,119.32,37.78,-999,543;899;955;1297;1412;1466;1760;1789;1822;1848;2484;2644;2655;2880,-999.0,-999.0,-999.0,-999.0,8327.67,-37.01,-37.97,-37.49,146.1,144.97,145.54,2,150.14,2.0,0.02,57.49,116.74,572.47,890.19
Chiroptera,Vespertilionidae,Myotis,austroriparius,Myotis austroriparius,-999,7.35,38.0,-999.0,-999.0,365.0,-999.0,-999.0,-999,-999.0,-999.0,1,-999.0,-999.0,-999.0,1.88,1.0,72.0,1.12,-999.0,-999.0,-999.0,188.68,-999.0,-999,2,-999,46.8,-999.0,-999,1006;1297;1413;1516;1658;1705;2151;2215;2352;2427;2602;2655,-999.0,-999.0,-999.0,-999.0,873318.39,39.51,26.78,33.14,-77.14,-95.76,-86.45,1,43.91,6.0,0.05,102.72,178.18,998.26,1108.45
Chiroptera,Hipposideridae,Hipposideros,papua,Hipposideros papua,-999,-999.0,50.49,-999.0,-999.0,-999.0,-999.0,-999.0,1,-999.0,-999.0,1,-999.0,-999.0,-999.0,-999.0,-999.0,-999.0,-999.0,-999.0,-999.0,-999.0,-999.0,-999.0,-999,2,3,-999.0,-999.0,-999,679;1658;2151,18.99,-999.0,-999.0,-999.0,25011.58,2.22,-1.66,0.28,136.38,127.28,131.83,5,23.99,5.0,0.06,202.64,250.07,1719.24,1797.0
Rodentia,Ctenomyidae,Ctenomys,australis,Ctenomys australis,-999,403.32,-999.0,-999.0,-999.0,-999.0,-999.0,-999.0,3,-999.0,-999.0,2,-999.0,-999.0,-999.0,-999.0,-999.0,-999.0,-999.0,-999.0,-999.0,-999.0,-999.0,-999.0,-999,1,1,-999.0,-999.0,-999,890;2151;2655;2917,-999.0,-999.0,-999.0,-999.0,23805.63,-37.51,-39.01,-38.26,-57.38,-62.03,-59.7,4,28.5,4.0,0.05,61.85,139.34,690.05,868.48
Chiroptera,Pteropodidae,Myonycteris,torquata,Myonycteris torquata,1,44.92,60.94,99.4,-999.0,-999.0,-999.0,-999.0,-999,-999.0,-999.0,1,-999.0,-999.0,-999.0,1.0,2.0,-999.0,11.0,30.03,-999.0,-999.0,-999.0,1.0,-999,2,-999,-999.0,-999.0,-999,196;258;261;360;428;904;1297;1658;2017;2078;2151;2655;3071,-999.0,-999.0,-999.0,-999.0,4944187.15,10.97,-11.07,-0.04,31.3,-10.88,10.21,0,35.77,1.0,0.12,139.14,244.29,1274.45,1551.97
Chiroptera,Vespertilionidae,Nycticeius,cubanus,Nycticeius cubanus,-999,-999.0,-999.0,-999.0,-999.0,-999.0,-999.0,-999.0,-999,-999.0,-999.0,-999,-999.0,-999.0,-999.0,-999.0,-999.0,-999.0,-999.0,-999.0,-999.0,-999.0,-999.0,-999.0,-999,-999,-999,-999.0,-999.0,-999,-999,-999.0,-999.0,-999.0,-999.0,107157.22,23.19,19.82,21.51,-74.13,-84.95,-79.54,2,108.76,16.0,0.02,103.5,252.34,1271.0,1782.03
Rodentia,Heteromyidae,Dipodomys,gravipes,Dipodomys gravipes,1,83.96,-999.0,129.04,-999.0,-999.0,-999.0,-999.0,-999,-999.0,-999.0,2,-999.0,-999.0,-999.0,-999.0,-999.0,-999.0,-999.0,-999.0,-999.0,-999.0,-999.0,-999.0,-999,1,-999,-999.0,-999.0,-999,297;2655,-999.0,-999.0,-999.0,-999.0,2231.05,30.97,29.98,30.47,-115.6,-116.25,-115.92,6,6.0,6.0,0.2,18.5,140.04,-999.0,-999.0
Chiroptera,Rhinolophidae,Rhinolophus,trifoliatus,Rhinolophus trifoliatus,-999,15.16,50.49,-999.0,-999.0,-999.0,-999.0,-999.0,1,-999.0,-999.0,1,-999.0,-999.0,-999.0,-999.0,-999.0,-999.0,-999.0,-999.0,-999.0,-999.0,-999.0,-999.0,-999,2,3,-999.0,-999.0,-999,196;679;1658;2143;2151;2655;2719,-999.0,-999.0,-999.0,-999.0,1830416.86,27.59,-8.78,9.4,119.34,87.16,103.25,1,167.25,4.0,0.13,231.82,240.74,1530.41,1668.76
Lagomorpha,Leporidae,Lepus,europaeus,Lepus europaeus,2,3816.43,-999.0,526.0,0.0,-999.0,-999.0,-999.0,-999,-999.0,41.99,-999,0.31,0.44,-999.0,2.14,4.4,144.0,123.0,-999.0,-999.0,-999.0,210.95,-999.0,-999,-999,-999,-999.0,-999.0,-999,95;522;543;987;989;1573;1849;2210;2314;2338;2655,-999.0,-999.0,-999.0,-999.0,10436747.61,65.01,34.92,49.96,99.71,-6.48,46.61,0,76.73,1.0,0.01,43.95,55.37,407.18,587.96
Rodentia,Cricetidae,Tscherskia,triton,Tscherskia triton,-999,25.0,-999.0,-999.0,15.0,-999.0,-999.0,-999.0,-999,-999.0,-999.0,-999,-999.0,-999.0,-999.0,4.24,-999.0,-999.0,5.25,-999.0,-999.0,-999.0,-999.0,-999.0,-999,-999,-999,29.23,-999.0,-999,1297;1849,-999.0,-999.0,-999.0,-999.0,2200630.09,48.76,29.32,39.04,135.07,104.25,119.66,1,322.56,20.0,0.04,58.44,81.6,680.4,790.28
Rodentia,Muridae,Komodomys,rintjanus,Komodomys rintjanus,-999,-999.0,-999.0,169.4,-999.0,-999.0,-999.0,-999.0,-999,-999.0,-999.0,-999,-999.0,-999.0,-999.0,-999.0,-999.0,-999.0,-999.0,-999.0,-999.0,-999.0,-999.0,-999.0,-999,-999,-999,-999.0,-999.0,-999,2088,142.14,-999.0,-999.0,-999.0,210.95,-8.6,-8.8,-8.7,119.8,119.54,119.67,84,84.0,84.0,0.07,-999.0,-999.0,-999.0,-999.0
Diprotodontia,Potoroidae,Potorous,gilbertii,Potorous gilbertii,1,1569.46,-999.0,349.99,-999.0,-999.0,-999.0,-999.0,2,-999.0,-999.0,-999,-999.0,-999.0,-999.0,1.0,-999.0,-999.0,-999.0,-999.0,-999.0,-999.0,-999.0,-999.0,-999,-999,1,208.67,-999.0,-999,1015,-999.0,-999.0,-999.0,-999.0,7753.72,-34.07,-35.12,-34.6,119.28,117.74,118.51,0,5.17,0.0,0.08,64.14,142.66,481.48,977.11
Artiodactyla,Hippopotamidae,Hippopotamus,amphibius,Hippopotamus amphibius,2,1536310.4,-999.0,-999.0,-999.0,1460.0,-999.0,-999.0,2,-999.0,235.37,2,-999.0,-999.0,696.54,1.0,1.0,654.0,40199.99,-999.0,4.86,585.0,2030.0,-999.0,-999,1,2,319.01,206389.44,-999,543;898;1297;1763;1848;2180;2338;2620;2629;2655,-999.0,-999.0,-999.0,-999.0,1849389.21,13.59,-27.33,-6.86,42.88,-15.16,13.85,0,35.86,1.0,0.13,91.23,233.56,931.33,1522.22
Carnivora,Otariidae,Zalophus,wollebaeki,Zalophus wollebaeki,-999,-999.0,-999.0,-999.0,-999.0,-999.0,-999.0,-999.0,-999,-999.0,-999.0,-999,-999.0,-999.0,-999.0,-999.0,-999.0,-999.0,-999.0,-999.0,-999.0,-999.0,-999.0,-999.0,-999,-999,-999,-999.0,-999.0,-999,-999,-999.0,-999.0,-999.0,-999.0,-999.0,-999.0,-999.0,-999.0,-999.0,-999.0,-999.0,-999,-999.0,-999.0,-999.0,-999.0,-999.0,-999.0,-999.0
Primates,Galagidae,Galago,matschiei,Galago matschiei,-999,211.61,-999.0,160.0,-999.0,-999.0,-999.0,-999.0,-999,-999.0,-999.0,-999,-999.0,-999.0,-999.0,0.99,-999.0,-999.0,-999.0,-999.0,-999.0,-999.0,-999.0,1.0,-999,-999,-999,-999.0,-999.0,-999,223;1297;1544;1547;1848;2344;2655,-999.0,-999.0,-999.0,-999.0,184700.23,2.67,-3.33,-0.33,34.91,27.3,31.11,2,76.59,5.0,0.17,116.5,215.01,1391.64,1568.0
Primates,Pitheciidae,Pithecia,albicans,Pithecia albicans,3,2800.07,-999.0,394.27,-999.0,-999.0,-999.0,-999.0,-999,-999.0,-999.0,-999,-999.0,-999.0,-999.0,-999.0,-999.0,-999.0,-999.0,-999.0,9.39,-999.0,-999.0,4.6,-999,-999,-999,-999.0,-999.0,-999,497;1544;1848;2151;2251;2344;2655,-999.0,-999.0,-999.0,-999.0,80794.37,-2.73,-5.63,-4.18,-62.08,-66.52,-64.3,0,1.11,0.0,0.08,176.07,263.33,1556.02,1598.37
Dasyuromorphia,Dasyuridae,Pseudantechinus,bilarni,Pseudantechinus bilarni,2,23.05,-999.0,96.36,-999.0,-999.0,-999.0,-999.0,-999,-999.0,38.98,1,-999.0,-999.0,365.0,4.75,1.0,36.0,-999.0,-999.0,-999.0,-999.0,353.81,-999.0,6,1,-999,111.36,-999.0,-999,524;543;955;1297;1760;2655,-999.0,-999.0,-999.0,-999.0,69385.0,-12.04,-17.5,-14.77,137.85,129.77,133.81,0,4.58,0.0,0.008009288,91.34,269.59,873.53,1843.03
Carnivora,Mustelidae,Mustela,africana,Mustela africana,-999,536.98,-999.0,309.07,-999.0,-999.0,-999.0,-999.0,-999,-999.0,-999.0,1,-999.0,-999.0,-999.0,-999.0,-999.0,-999.0,-999.0,-999.0,-999.0,-999.0,-999.0,-999.0,-999,1,-999,-999.0,-999.0,-999,1113;2655,-999.0,-999.0,-999.0,-999.0,4349020.29,5.17,-13.48,-4.15,-44.36,-77.06,-60.71,0,3.27,0.0,0.14,182.62,253.29,1432.18,1589.03
Chiroptera,Vespertilionidae,Murina,huttoni,Murina huttoni,-999,7.56,33.5,-999.0,-999.0,-999.0,-999.0,-999.0,-999,-999.0,-999.0,1,-999.0,-999.0,-999.0,-999.0,-999.0,-999.0,-999.0,-999.0,-999.0,-999.0,-999.0,-999.0,-999,2,-999,-999.0,-999.0,-999,196;1658;2151;2622;2655,-999.0,-999.0,-999.0,-999.0,2092289.14,37.55,2.78,20.17,113.85,72.22,93.03,0,124.9,1.0,0.09,126.31,128.62,947.78,1221.97
Carnivora,Felidae,Puma,concolor,Puma concolor,2,53954.05,-999.0,1396.33,8.0,623.54,13300.8,51800.0,1,419.99,92.3,1,129.89,138.87,577.91,2.76,0.75,240.0,409.87,-999.0,0.02,-999.0,1034.61,1.0,-999,1,3,48.46,3499.99,-999,367;542;543;730;890;1113;1297;1573;2655,-999.0,-999.0,-999.0,-999.0,22350859.07,59.66,-53.1,3.28,-34.79,-135.36,-85.07,0,23.42,0.0,0.1,109.2,181.93,968.16,1296.83
Pholidota,Manidae,Manis,temminckii,Manis temminckii,2,11943.74,-999.0,488.71,-999.0,-999.0,-999.0,-999.0,1,-999.0,139.0,3,10.22,9.59,365.0,1.0,1.0,-999.0,344.96,-999.0,-999.0,-999.0,755.15,1.0,2,2,3,59.27,-999.0,-999,583;692;1297;1303;1470;1573;1848;2151;2629;2655;2780,-999.0,-999.0,-999.0,-999.0,7184102.64,18.5,-31.0,-6.24,40.84,11.73,26.28,0,25.72,0.0,0.13,59.84,222.67,718.78,1479.99
Rodentia,Cricetidae,Myopus,schisticolor,Myopus schisticolor,-999,29.99,-999.0,-999.0,11.0,60.83,93.45,26.4,-999,-999.0,23.74,-999,0.000766498,0.000719112,25.0,5.25,2.0,12.0,3.2,-999.0,-999.0,-999.0,25.37,-999.0,-999,-999,-999,19.86,13.04,-999,543;1297;1437;1573;1822;2655,-999.0,-999.0,-999.0,-999.0,12452109.42,72.55,42.95,57.75,169.83,8.54,89.18,0,4.45,0.0,-0.02,31.17,-72.72,284.55,313.86
Cetacea,Ziphiidae,Berardius,bairdii,Berardius bairdii,-999,11380000.04,-999.0,-999.0,-999.0,-999.0,-999.0,-999.0,2,-999.0,396.58,1,-999.0,-999.0,-999.0,0.98,0.33,852.0,-999.0,-999.0,-999.0,11.5,5050.97,30.0,-999,-999,3,-999.0,-999.0,-999,511;543;1015;1297;2151;2655,-999.0,-999.0,-999.0,-999.0,-999.0,-999.0,-999.0,-999.0,-999.0,-999.0,-999.0,-999,-999.0,-999.0,-999.0,-999.0,-999.0,-999.0,-999.0
Primates,Cercopithecidae,Presbytis,thomasi,Presbytis thomasi,3,6689.99,-999.0,-999.0,-999.0,-999.0,-999.0,-999.0,-999,-999.0,-999.0,-999,0.09,0.15,-999.0,-999.0,-999.0,-999.0,-999.0,-999.0,27.0,7.5,-999.0,8.0,-999,-999,-999,-999.0,-999.0,-999,730;741;1347;1544;1547;2344;2655,-999.0,-999.0,-999.0,-999.0,49763.07,5.65,3.26,4.45,98.28,95.18,96.73,30,90.77,37.0,0.1,145.84,250.53,1496.74,1689.88
Rodentia,Heteromyidae,Chaetodipus,penicillatus,Chaetodipus penicillatus,-999,15.57,-999.0,77.36,14.0,-999.0,22.4,16.0,-999,-999.0,26.0,-999,0.005027576,0.006412041,-999.0,3.4,-999.0,-999.0,-999.0,-999.0,172.99,-999.0,-999.0,-999.0,-999,-999,-999,-999.0,-999.0,-999,377;730;884;1297;1514;1822;2415;2473;2655;2888;2978,-999.0,-999.0,-999.0,-999.0,407770.3,37.45,26.73,32.09,-108.4,-118.07,-113.23,0,22.26,0.0,0.17,20.78,171.96,333.65,1167.54
Rodentia,Echimyidae,Proechimys,longicaudatus,Proechimys longicaudatus,-999,205.0,-999.0,-999.0,-999.0,-999.0,-999.0,-999.0,3,-999.0,-999.0,-999,0.002439947,0.002104709,-999.0,-999.0,-999.0,-999.0,-999.0,-999.0,261.53,-999.0,-999.0,-999.0,-999,-999,2,-999.0,-999.0,-999,31;890;2655,-999.0,-999.0,-999.0,-999.0,1870505.85,-7.26,-21.02,-14.14,-55.1,-74.88,-64.99,0,3.15,0.0,0.19,146.21,243.6,1283.22,1495.68
Artiodactyla,Bovidae,Syncerus,caffer,Syncerus caffer,2,592665.98,-999.0,2525.86,-999.0,1460.0,-999.0,-999.0,1,-999.0,337.49,1,63.73,59.79,638.75,1.08,1.0,354.0,39843.11,-999.0,5.84,3000.0,1683.65,12.0,-999,1,1,319.37,151878.4,-999,543;730;854;869;904;1297;1525;1573;1763;1848;2338;2620;2629;2655;2986,-999.0,-999.0,-999.0,-999.0,11706834.65,15.85,-33.51,-8.82,43.95,-14.48,14.73,0,31.59,1.0,0.14,100.45,237.8,1004.99,1548.94
Perissodactyla,Equidae,Equus,zebra,Equus zebra,3,282462.13,-999.0,2350.0,-999.0,1633.37,-999.0,-999.0,2,655.29,363.49,1,7.4,6.88,653.95,1.0,0.35,288.0,29496.68,1000.0,1.32,4.0,963.17,13.0,-999,1,1,181.46,117097.78,-999,127;543;730;899;1297;1573;1763;1801;2247;2248;2629;2655;2996,-999.0,-999.0,-999.0,-999.0,143855.82,-16.5,-34.66,-25.58,26.79,12.23,19.51,0,4.38,0.0,0.09,19.95,144.42,352.93,1135.61
Cetacea,Phocoenidae,Phocoena,phocoena,Phocoena phocoena,-999,52730.93,-999.0,1530.07,-999.0,1642.5,-999.0,-999.0,2,-999.0,333.28,1,-999.0,-999.0,365.0,0.98,0.87,180.0,8892.16,808.98,0.03,4.0,1353.82,50.0,-999,-999,3,258.09,-999.0,-999,29;144;240;413;511;543;564;1004;1015;1217;1297;1577;2655,-999.0,-999.0,-999.0,-999.0,-999.0,-999.0,-999.0,-999.0,-999.0,-999.0,-999.0,-999,-999.0,-999.0,-999.0,-999.0,-999.0,-999.0,-999.0
Artiodactyla,Bovidae,Tragelaphus,imberbis,Tragelaphus imberbis,-999,94320.39,-999.0,1675.0,-999.0,1115.07,-999.0,-999.0,3,-999.0,222.0,1,-999.0,-999.0,258.54,1.0,-999.0,227.0,5891.21,-999.0,0.35,-999.0,666.44,3.0,-999,1,1,-999.0,-999.0,-999,543;730;869;917;1297;1525;1848;2655;2693;2886;2986,-999.0,1.31,-999.0,-999.0,1907499.42,16.88,-9.03,3.92,48.87,32.08,40.48,0,26.55,2.0,0.11,50.25,236.53,695.54,1584.8
Pilosa,Bradypodidae,Bradypus,pygmaeus,Bradypus pygmaeus,-999,-999.0,-999.0,-999.0,-999.0,-999.0,-999.0,-999.0,-999,-999.0,-999.0,-999,-999.0,-999.0,-999.0,-999.0,-999.0,-999.0,-999.0,-999.0,-999.0,-999.0,-999.0,-999.0,-999,-999,-999,-999.0,-999.0,-999,-999,-999.0,-999.0,-999.0,-999.0,3.43,9.1,9.09,9.09,-81.54,-81.56,-81.55,7,7.0,7.0,-0.22,-999.0,-999.0,-999.0,-999.0
Diprotodontia,Phalangeridae,Strigocuscus,celebensis,Strigocuscus celebensis,1,-999.0,-999.0,-999.0,-999.0,-999.0,-999.0,-999.0,-999,-999.0,-999.0,-999,-999.0,-999.0,-999.0,-999.0,-999.0,-999.0,-999.0,-999.0,-999.0,-999.0,-999.0,-999.0,-999,-999,-999,-999.0,-999.0,-999,1848,-999.0,-999.0,-999.0,-999.0,179049.44,3.74,-5.7,-0.98,128.16,118.75,123.45,5,92.96,17.0,0.07,230.23,216.45,1812.6,1909.15
Chiroptera,Phyllostomidae,Artibeus,concolor,Artibeus concolor,-999,19.65,47.34,-999.0,-999.0,-999.0,32.89,19.7,1,-999.0,-999.0,1,-999.0,-999.0,-999.0,-999.0,-999.0,-999.0,-999.0,-999.0,-999.0,-999.0,-999.0,-999.0,-999,2,1,-999.0,-999.0,-999,9;196;889;1658;1822;1948;2151;2655;3037;3038,-999.0,-999.0,-999.0,-999.0,6473389.12,10.01,-13.01,-1.5,-34.79,-75.23,-55.01,0,12.37,0.0,0.1,168.66,251.8,1374.77,1592.68
Primates,Atelidae,Brachyteles,hypoxanthus,Brachyteles hypoxanthus,3,-999.0,-999.0,-999.0,-999.0,-999.0,-999.0,-999.0,-999,-999.0,-999.0,-999,-999.0,-999.0,-999.0,-999.0,-999.0,-999.0,-999.0,-999.0,-999.0,-999.0,-999.0,-999.0,-999,-999,-999,-999.0,-999.0,-999,1544,-999.0,-999.0,-999.0,-999.0,5564.78,-20.13,-20.89,-20.51,-43.9,-44.7,-44.3,21,66.87,21.0,0.05,122.82,193.67,1097.49,1297.03
Rodentia,Ctenomyidae,Ctenomys,talarum,Ctenomys talarum,1,140.84,-999.0,-999.0,2.5,-999.0,-999.0,-999.0,4,-999.0,102.67,1,2.0373e-05,1.87442e-05,-999.0,4.34,1.5,36.0,8.0,-999.0,5187.48,-999.0,213.2,1.0,-999,1,1,34.8,-999.0,-999,230;245;512;543;740;890;1297;1627;1849;1865;1866;1867;2151;2414;2655;2917,-999.0,-999.0,-999.0,-999.0,216393.6,-34.86,-39.01,-36.93,-56.66,-64.15,-60.4,1,70.89,3.0,0.06,67.75,145.36,747.96,921.91
Rodentia,Dipodidae,Allactaga,euphratica,Allactaga euphratica,-999,232.0,-999.0,-999.0,14.0,-999.0,-999.0,-999.0,-999,-999.0,-999.0,-999,-999.0,-999.0,-999.0,4.99,-999.0,50.4,-999.0,-999.0,-999.0,-999.0,-999.0,-999.0,-999,-999,-999,-999.0,-999.0,-999,543;1297;2151;2655,-999.0,-999.0,-999.0,-999.0,-999.0,-999.0,-999.0,-999.0,-999.0,-999.0,-999.0,-999,-999.0,-999.0,-999.0,-999.0,-999.0,-999.0,-999.0
Diprotodontia,Phalangeridae,Phalanger,rothschildi,Phalanger rothschildi,1,1365.0,-999.0,-999.0,-999.0,-999.0,-999.0,-999.0,1,-999.0,-999.0,1,-999.0,-999.0,-999.0,-999.0,-999.0,-999.0,-999.0,-999.0,-999.0,-999.0,-999.0,-999.0,-999,2,1,-999.0,-999.0,-999,1760;1848;2655,-999.0,-999.0,-999.0,-999.0,2726.69,-1.17,-1.74,-1.45,128.16,127.37,127.76,5,53.19,5.0,0.02,280.0,249.0,-999.0,-999.0
Chiroptera,Pteropodidae,Aethalops,alecto,Aethalops alecto,-999,15.0,46.49,-999.0,-999.0,-999.0,-999.0,-999.0,-999,-999.0,-999.0,1,-999.0,-999.0,-999.0,0.99,-999.0,-999.0,-999.0,-999.0,-999.0,-999.0,-999.0,-999.0,-999,2,-999,-999.0,-999.0,-999,396;1343;1621;1658;2017;2151;2622;2655,-999.0,-999.0,-999.0,-999.0,110914.61,5.16,-8.96,-1.89,116.73,99.87,108.3,12,282.32,17.0,0.11,250.35,242.64,1724.94,1820.8
Chiroptera,Hipposideridae,Hipposideros,bicolor,Hipposideros bicolor,-999,8.39,43.79,-999.0,-999.0,-999.0,-999.0,-999.0,1,-999.0,42.1,1,-999.0,-999.0,-999.0,0.99,-999.0,-999.0,1.2,-999.0,-999.0,-999.0,587.78,-999.0,-999,2,3,-999.0,-999.0,-999,83;196;679;1297;1439;1658;1705;2143;2151;2295;2655;2719,-999.0,-999.0,-999.0,-999.0,1065065.85,18.65,-10.94,3.85,127.3,95.18,111.24,0,211.81,12.0,0.12,223.81,248.78,1636.15,1771.76
Carnivora,Otariidae,Callorhinus,ursinus,Callorhinus ursinus,2,55464.82,-999.0,1734.82,0.0,-999.0,-999.0,-999.0,6,120.0,358.49,2,-999.0,-999.0,365.0,1.04,0.5,420.0,5354.8,-999.0,18.0,-999.0,1683.65,-999.0,-999,1,2,108.69,11231.06,-999,367;543;1015;1297;1577;1763;2151;2620;2655;2986,-999.0,-999.0,-999.0,-999.0,-999.0,-999.0,-999.0,-999.0,-999.0,-999.0,-999.0,-999,-999.0,-999.0,-999.0,-999.0,-999.0,-999.0,-999.0
Chiroptera,Phyllostomidae,Lonchorhina,aurita,Lonchorhina aurita,-999,15.38,51.05,-999.0,-999.0,-999.0,-999.0,-999.0,1,-999.0,-999.0,1,-999.0,-999.0,-999.0,0.98,1.0,-999.0,-999.0,-999.0,-999.0,500.0,-999.0,-999.0,-999,2,3,-999.0,-999.0,-999,108;196;889;1297;1658;1742;2151;2622;2655;2719,-999.0,-999.0,-999.0,-999.0,11889121.65,20.04,-25.46,-2.7,-34.79,-96.71,-65.75,0,27.52,0.0,0.12,156.02,242.68,1310.6,1552.9
Rodentia,Dipodidae,Zapus,trinotatus,Zapus trinotatus,2,27.45,-999.0,97.7,-999.0,-999.0,-999.0,-999.0,3,-999.0,21.37,-999,-999.0,-999.0,-999.0,5.47,1.0,-999.0,0.8,-999.0,-999.0,-999.0,-999.0,-999.0,8,-999,2,30.18,-999.0,-999,1040;1297;2151;2655;2771,-999.0,-999.0,-999.0,-999.0,162680.18,49.65,37.81,43.73,-120.82,-124.73,-122.77,0,67.34,1.0,0.08,95.81,75.86,433.91,737.68
Rodentia,Ctenomyidae,Ctenomys,fulvus,Ctenomys fulvus,-999,279.88,-999.0,-999.0,-999.0,-999.0,189.0,300.0,3,-999.0,-999.0,2,-999.0,-999.0,-999.0,-999.0,-999.0,-999.0,-999.0,-999.0,-999.0,-999.0,-999.0,-999.0,-999,1,1,-999.0,-999.0,-999,890;1822;2151;2655,-999.0,-999.0,-999.0,-999.0,-999.0,-999.0,-999.0,-999.0,-999.0,-999.0,-999.0,-999,-999.0,-999.0,-999.0,-999.0,-999.0,-999.0,-999.0
Soricomorpha,Solenodontidae,Solenodon,cubanus,Solenodon cubanus,2,824.62,-999.0,349.85,-999.0,-999.0,-999.0,-999.0,2,-999.0,-999.0,3,-999.0,-999.0,-999.0,1.5,3.0,78.0,-999.0,-999.0,-999.0,2.5,-999.0,1.0,2,2,3,-999.0,-999.0,-999,511;543;888;891;899;1297;1848;2198;2304;2655;2916,-999.0,-999.0,-999.0,-999.0,49168.47,22.23,19.82,21.03,-74.13,-80.45,-77.29,25,90.48,41.0,0.03,95.04,250.76,1272.25,1761.11
Rodentia,Muridae,Pithecheirops,otion,Pithecheirops otion,-999,-999.0,-999.0,-999.0,-999.0,-999.0,-999.0,-999.0,-999,-999.0,-999.0,-999,-999.0,-999.0,-999.0,-999.0,-999.0,-999.0,-999.0,-999.0,-999.0,-999.0,-999.0,-999.0,-999,-999,-999,-999.0,-999.0,-999,-999,-999.0,-999.0,-999.0,-999.0,-999.0,-999.0,-999.0,-999.0,-999.0,-999.0,-999.0,-999,-999.0,-999.0,-999.0,-999.0,-999.0,-999.0,-999.0
Primates,Atelidae,Ateles,chamek,Ateles chamek,3,7053.92,-999.0,454.28,-999.0,-999.0,-999.0,-999.0,2,-999.0,-999.0,1,1.16,-999.0,-999.0,-999.0,-999.0,-999.0,-999.0,-999.0,3.39,-999.0,-999.0,-999.0,-999,2,1,-999.0,-999.0,-999,1544;1547;1848;2145;2151;2251;2655;2912,-999.0,-999.0,-999.0,-999.0,990902.31,-2.58,-11.43,-7.01,-62.25,-77.21,-69.73,0,1.62,0.0,0.1,194.51,254.97,1504.72,1569.06
Carnivora,Ursidae,Melursus,ursinus,Melursus ursinus,2,99999.99,-999.0,1595.23,21.0,-999.0,12694.2,100747.02,6,914.25,203.36,1,7.69,8.15,1095.0,1.54,-999.0,480.0,-999.0,-999.0,0.13,-999.0,1262.74,-999.0,-999,1,2,194.67,-999.0,-999,367;543;730;1113;1297;1573;2655,-999.0,0.63,-999.0,-999.0,417387.69,30.38,6.13,18.25,96.87,73.38,85.13,3,235.88,25.0,0.09,119.46,241.79,876.57,1432.48
Rodentia,Sciuridae,Petaurista,philippensis,Petaurista philippensis,-999,1675.83,-999.0,-999.0,-999.0,-999.0,-999.0,-999.0,-999,-999.0,-999.0,-999,-999.0,-999.0,-999.0,-999.0,-999.0,-999.0,-999.0,-999.0,-999.0,-999.0,-999.0,-999.0,-999,-999,-999,-999.0,-999.0,-999,2655,-999.0,-999.0,-999.0,-999.0,3127906.69,29.3,5.91,17.6,122.0,72.85,97.42,1,190.0,7.0,0.08,140.21,203.21,1075.61,1396.31
Primates,Cebidae,Saimiri,vanzolinii,Saimiri vanzolinii,3,783.77,-999.0,-999.0,-999.0,-999.0,-999.0,-999.0,-999,-999.0,-999.0,-999,-999.0,-999.0,-999.0,1.02,-999.0,-999.0,-999.0,-999.0,-999.0,-999.0,-999.0,40.0,-999,-999,-999,-999.0,-999.0,-999,169;1544;1547;2151;2344;2655;2986,-999.0,-999.0,-999.0,-999.0,7011.35,-1.9,-2.66,-2.28,-66.75,-67.78,-67.26,0,0.62,0.0,0.0,231.87,258.49,1556.37,1556.37
Chiroptera,Pteropodidae,Nyctimene,certans,Nyctimene certans,-999,43.24,60.71,86.36,-999.0,-999.0,-999.0,-999.0,-999,-999.0,-999.0,1,-999.0,-999.0,-999.0,-999.0,-999.0,-999.0,-999.0,-999.0,-999.0,-999.0,-999.0,-999.0,-999,2,-999,-999.0,-999.0,-999,977;2151;2655,-999.0,-999.0,-999.0,-999.0,122392.34,-3.3,-9.18,-6.24,147.84,136.93,142.38,1,11.97,2.0,0.14,278.65,185.01,1677.2,1689.02
Chiroptera,Emballonuridae,Emballonura,raffrayana,Emballonura raffrayana,1,5.61,42.5,-999.0,-999.0,-999.0,-999.0,-999.0,-999,-999.0,-999.0,1,-999.0,-999.0,-999.0,-999.0,-999.0,-999.0,-999.0,-999.0,-999.0,-999.0,-999.0,-999.0,-999,2,-999,-999.0,-999.0,-999,196;889;1658;2151;2622;2655,-999.0,-999.0,-999.0,-999.0,432542.2,2.22,-9.94,-3.86,161.39,118.75,140.07,1,44.26,2.0,0.1,257.66,222.55,1703.33,1726.73
Dasyuromorphia,Dasyuridae,Planigale,novaeguineae,Planigale novaeguineae,2,14.9,-999.0,77.64,-999.0,-999.0,-999.0,-999.0,-999,-999.0,-999.0,1,-999.0,-999.0,-999.0,-999.0,-999.0,-999.0,-999.0,-999.0,-999.0,-999.0,-999.0,-999.0,6,1,-999,-999.0,-999.0,-999,977;1760;1991;2655,-999.0,-999.0,-999.0,-999.0,5648.74,-8.48,-9.84,-9.16,147.84,141.06,144.45,1,16.86,1.0,0.05,128.71,239.34,1447.32,1644.0
Chiroptera,Phyllostomidae,Sturnira,erythromos,Sturnira erythromos,-999,15.53,41.74,-999.0,-999.0,-999.0,-999.0,-999.0,1,-999.0,-999.0,1,-999.0,-999.0,-999.0,0.99,-999.0,-999.0,-999.0,22.52,-999.0,-999.0,-999.0,-999.0,-999,2,1,-999.0,-999.0,-999,889;1050;1297;1658;2151;2622;2655,-999.0,-999.0,0.99,-999.0,3121221.48,12.46,-28.19,-7.86,-60.78,-80.02,-70.4,0,37.36,1.0,0.11,126.41,197.44,1167.28,1496.62
Rodentia,Dipodidae,Stylodipus,andrewsi,Stylodipus andrewsi,1,-999.0,-999.0,-999.0,-999.0,-999.0,-999.0,-999.0,3,-999.0,-999.0,2,-999.0,-999.0,-999.0,-999.0,-999.0,-999.0,-999.0,-999.0,-999.0,-999.0,-999.0,-999.0,-999,1,1,-999.0,-999.0,-999,2151,-999.0,-999.0,-999.0,-999.0,597777.62,51.32,41.38,46.35,116.03,91.37,103.7,0,2.58,0.0,0.03,18.27,-8.86,241.06,543.53
Primates,Cheirogaleidae,Microcebus,griseorufus,Microcebus griseorufus,-999,70.24,-999.0,-999.0,-999.0,-999.0,-999.0,-999.0,-999,-999.0,-999.0,-999,-999.0,-999.0,-999.0,-999.0,-999.0,-999.0,-999.0,-999.0,-999.0,-999.0,-999.0,-999.0,-999,-999,-999,-999.0,-999.0,-999,1547,-999.0,-999.0,-999.0,-999.0,17072.63,-22.17,-23.71,-22.94,44.72,43.23,43.97,5,17.13,5.0,0.19,49.9,238.8,693.4,1668.06
Soricomorpha,Soricidae,Nesiotites,hidalgo,Nesiotites hidalgo,-999,-999.0,-999.0,-999.0,-999.0,-999.0,-999.0,-999.0,-999,-999.0,-999.0,-999,-999.0,-999.0,-999.0,-999.0,-999.0,-999.0,-999.0,-999.0,-999.0,-999.0,-999.0,-999.0,-999,-999,-999,-999.0,-999.0,-999,-999,-999.0,-999.0,-999.0,-999.0,-999.0,-999.0,-999.0,-999.0,-999.0,-999.0,-999.0,-999,-999.0,-999.0,-999.0,-999.0,-999.0,-999.0,-999.0
Carnivora,Eupleridae,Mungotictis,decemlineata,Mungotictis decemlineata,3,657.03,-999.0,311.18,0.0,-999.0,-999.0,-999.0,2,729.99,100.83,2,1.19,-999.0,-999.0,0.99,-999.0,-999.0,49.13,-999.0,7.33,2.0,755.15,-999.0,2,2,3,45.1,-999.0,-999,730;1045;1048;1113;1297;1740;2151;2333;2655;3123,-999.0,-999.0,-999.0,-999.0,17099.69,-19.69,-21.89,-20.79,45.35,43.55,44.45,2,8.12,2.0,0.21,63.23,241.32,845.91,1565.75
Cetacea,Iniidae,Inia,geoffrensis,Inia geoffrensis,3,121430.76,-999.0,2113.09,-999.0,-999.0,-999.0,-999.0,2,-999.0,314.25,1,-999.0,-999.0,-999.0,1.0,-999.0,360.0,6799.99,-999.0,-999.0,1.0,-999.0,1.0,-999,-999,3,-999.0,-999.0,990,49;397;543;905;1297;1577;2151;2475;2655,-999.0,-999.0,-999.0,11119.2,-999.0,-999.0,-999.0,-999.0,-999.0,-999.0,-999.0,-999,-999.0,-999.0,-999.0,-999.0,-999.0,-999.0,-999.0
Rodentia,Caviidae,Microcavia,shiptoni,Microcavia shiptoni,-999,185.0,-999.0,-999.0,-999.0,-999.0,-999.0,-999.0,-999,-999.0,54.0,-999,-999.0,-999.0,55.0,3.16,5.0,-999.0,-999.0,-999.0,-999.0,-999.0,-999.0,-999.0,-999,-999,-999,20.88,-999.0,-999,2151;2655,-999.0,-999.0,-999.0,-999.0,35972.81,-22.82,-27.32,-25.07,-64.81,-66.22,-65.52,2,26.6,2.0,0.14,66.12,53.72,686.33,1307.68
Rodentia,Sciuridae,Spermophilus,brunneus,Spermophilus brunneus,-999,300.0,-999.0,180.95,-999.0,-999.0,-999.0,-999.0,8,-999.0,24.5,2,-999.0,-999.0,-999.0,7.5,1.0,-999.0,-999.0,-999.0,-999.0,-999.0,-999.0,-999.0,10,1,2,-999.0,-999.0,-999,1015;2655;3103,-999.0,-999.0,-999.0,-999.0,1287.06,45.09,43.97,44.53,-115.97,-117.13,-116.55,0,19.2,0.0,0.16,33.43,61.68,310.2,779.73
Artiodactyla,Bovidae,Oryx,leucoryx,Oryx leucoryx,-999,75788.24,-999.0,-999.0,-999.0,-999.0,-999.0,-999.0,5,-999.0,239.99,1,-999.0,-999.0,-999.0,1.0,-999.0,240.0,-999.0,-999.0,-999.0,19.5,-999.0,5.0,-999,1,1,58.46,-999.0,-999,511;899;1297;1525;1848;2655,-999.0,-999.0,-999.0,-999.0,-999.0,-999.0,-999.0,-999.0,-999.0,-999.0,-999.0,-999,-999.0,-999.0,-999.0,-999.0,-999.0,-999.0,-999.0
Rodentia,Dipodidae,Jaculus,blanfordi,Jaculus blanfordi,-999,-999.0,-999.0,-999.0,-999.0,-999.0,-999.0,-999.0,-999,-999.0,-999.0,-999,-999.0,-999.0,-999.0,3.88,3.0,-999.0,-999.0,-999.0,-999.0,-999.0,-999.0,-999.0,-999,-999,-999,-999.0,-999.0,-999,1297;2151,-999.0,-999.0,-999.0,-999.0,1759262.89,44.71,25.07,34.89,68.17,52.55,60.36,0,15.32,1.0,0.13,11.36,162.06,175.79,1081.37
Chiroptera,Phyllostomidae,Erophylla,bombifrons,Erophylla bombifrons,-999,16.28,47.11,-999.0,-999.0,-999.0,17.71,16.1,1,-999.0,-999.0,-999,-999.0,-999.0,-999.0,-999.0,-999.0,-999.0,-999.0,-999.0,-999.0,-999.0,-999.0,-999.0,-999,-999,1,-999.0,-999.0,-999,108;1658;2469,-999.0,-999.0,-999.0,-999.0,83334.5,19.95,17.6,18.77,-65.59,-74.47,-70.03,10,236.47,38.0,0.07,104.87,239.16,1406.39,1578.86
Chiroptera,Pteropodidae,Pteropus,pohlei,Pteropus pohlei,-999,352.75,131.0,197.33,-999.0,-999.0,-999.0,-999.0,-999,-999.0,-999.0,1,-999.0,-999.0,-999.0,-999.0,-999.0,-999.0,-999.0,-999.0,-999.0,-999.0,-999.0,1.0,-999,2,-999,-999.0,-999.0,-999,978;1658;2151;2655,-999.0,-999.0,-999.0,-999.0,5156.49,-0.62,-1.9,-1.26,136.9,134.79,135.85,2,23.0,2.0,0.05,225.99,252.0,-999.0,-999.0
Chiroptera,Pteropodidae,Pteropus,hypomelanus,Pteropus hypomelanus,-999,435.61,132.0,204.9,-999.0,-999.0,216.2,470.1,1,-999.0,-999.0,1,-999.0,-999.0,-999.0,1.0,1.0,-999.0,-999.0,-999.0,-999.0,527.5,377.57,-999.0,-999,2,1,94.86,-999.0,-999,78;196;406;978;1439;1658;1704;1950;2017;2151;2655;2885;2910,-999.0,-999.0,-999.0,-999.0,492950.06,18.65,-11.65,3.49,159.71,73.08,116.39,0,143.41,7.0,0.1,214.4,236.08,1576.94,1778.45
Chiroptera,Phyllostomidae,Macrophyllum,macrophyllum,Macrophyllum macrophyllum,-999,8.02,35.63,-999.0,-999.0,-999.0,-999.0,-999.0,1,-999.0,-999.0,1,-999.0,-999.0,-999.0,1.0,-999.0,-999.0,-999.0,-999.0,-999.0,-999.0,-999.0,-999.0,-999,2,3,-999.0,-999.0,-999,108;196;889;1297;1658;2151;2622;2655,-999.0,-999.0,-999.0,-999.0,13319743.35,18.28,-28.82,-5.26,-34.79,-93.06,-63.92,0,25.99,0.0,0.11,152.53,237.4,1299.46,1529.88
Perissodactyla,Rhinocerotidae,Rhinoceros,unicornis,Rhinoceros unicornis,2,1843655.8,-999.0,3743.39,-999.0,2618.87,-999.0,-999.0,3,1300.53,478.99,2,4.23,5.99,909.45,1.41,-999.0,588.0,61326.59,1092.5,3.33,1.75,2069.22,1.0,-999,1,1,339.47,-999.0,2304,220;511;543;679;730;806;807;899;997;1297;1493;1594;1744;2335;2449;2655;3105;3136,-999.0,0.69,-999.0,95555.9,24776.82,28.79,25.99,27.39,93.72,80.49,87.1,80,281.67,113.0,0.13,171.98,235.99,1007.43,1242.82
Rodentia,Dipodidae,Jaculus,jaculus,Jaculus jaculus,-999,59.8,-999.0,102.18,38.0,304.16,92.25,75.0,-999,-999.0,33.54,-999,-999.0,-999.0,91.25,3.24,1.5,72.0,2.0,-999.0,-999.0,-999.0,240.52,-999.0,-999,-999,-999,66.86,-999.0,-999,1251;1255;1297;1822;2151;2655,-999.0,-999.0,-999.0,-999.0,15392985.16,37.34,10.73,24.04,59.83,-17.1,21.36,0,21.64,0.0,0.11,12.16,239.89,178.89,1327.53
Chiroptera,Rhinolophidae,Rhinolophus,hillorum,Rhinolophus hillorum,-999,-999.0,-999.0,-999.0,-999.0,-999.0,-999.0,-999.0,-999,-999.0,-999.0,-999,-999.0,-999.0,-999.0,-999.0,-999.0,-999.0,-999.0,-999.0,-999.0,-999.0,-999.0,-999.0,-999,-999,-999,-999.0,-999.0,-999,-999,-999.0,-999.0,-999.0,-999.0,202441.4,8.56,4.85,6.71,13.49,-9.88,1.8,5,53.43,6.0,0.11,145.65,244.07,1135.29,1513.67
Peramelemorphia,Peramelidae,Perameles,nasuta,Perameles nasuta,2,720.26,-999.0,-999.0,-999.0,121.66,318.5,650.0,2,-999.0,12.24,2,-999.0,-999.0,53.0,2.43,-999.0,-999.0,0.23,-999.0,89.99,-999.0,139.04,-999.0,-999,1,2,66.99,106.06,-999,955;1152;1297;1412;1760;1822;1842;1926;1946;2484;2655,-999.0,2.92,-999.0,-999.0,383336.86,-16.5,-39.13,-27.82,153.63,142.42,148.03,0,31.83,0.0,0.07,80.76,166.4,832.6,1294.82
Chiroptera,Rhinolophidae,Rhinolophus,mehelyi,Rhinolophus mehelyi,-999,14.03,48.5,-999.0,-999.0,-999.0,-999.0,-999.0,1,-999.0,-999.0,1,-999.0,-999.0,-999.0,-999.0,-999.0,-999.0,-999.0,-999.0,-999.0,-999.0,-999.0,-999.0,-999,2,3,-999.0,-999.0,-999,196;679;1658;2143;2151;2622;2655,-999.0,-999.0,-999.0,-999.0,2078525.97,47.89,28.21,38.05,52.72,-9.49,21.61,1,133.41,10.0,0.04,47.24,123.7,451.06,961.77
Rodentia,Cricetidae,Synaptomys,borealis,Synaptomys borealis,-999,21.3,-999.0,-999.0,-999.0,-999.0,-999.0,-999.0,-999,-999.0,-999.0,-999,-999.0,-999.0,-999.0,4.27,-999.0,-999.0,-999.0,-999.0,-999.0,-999.0,-999.0,-999.0,-999,-999,-999,-999.0,-999.0,-999,1297;2655,-999.0,-999.0,-999.0,-999.0,6756964.88,68.46,43.2,55.83,-55.61,-166.19,-110.9,0,2.29,0.0,0.03,46.85,-36.39,312.23,349.47
Rodentia,Echimyidae,Isothrix,pagurus,Isothrix pagurus,1,210.0,-999.0,-999.0,-999.0,-999.0,-999.0,-999.0,-999,-999.0,-999.0,1,-999.0,-999.0,-999.0,-999.0,-999.0,-999.0,-999.0,-999.0,-999.0,-999.0,-999.0,-999.0,-999,2,-999,-999.0,-999.0,-999,905;2655,-999.0,-999.0,-999.0,-999.0,272146.79,-0.007902914,-4.97,-2.49,-54.01,-61.0,-57.5,0,5.51,0.0,0.13,139.2,260.06,1431.72,1643.36
Chiroptera,Natalidae,Natalus,tumidirostris,Natalus tumidirostris,-999,6.3,38.49,-999.0,-999.0,-999.0,8.31,5.4,1,-999.0,-999.0,1,-999.0,-999.0,-999.0,-999.0,-999.0,-999.0,-999.0,-999.0,-999.0,-999.0,-999.0,-999.0,-999,2,3,-999.0,-999.0,-999,196;889;1084;1658;2151;2622;2655;2719,-999.0,-999.0,-999.0,-999.0,1541215.06,12.46,1.18,6.82,-51.64,-76.92,-64.28,0,34.18,0.0,0.11,132.59,247.02,1426.25,1698.19
Chiroptera,Rhinolophidae,Rhinolophus,simulator,Rhinolophus simulator,-999,8.13,44.49,-999.0,-999.0,-999.0,-999.0,-999.0,1,-999.0,91.24,1,-999.0,-999.0,-999.0,0.99,-999.0,-999.0,-999.0,-999.0,-999.0,-999.0,-999.0,-999.0,-999,2,3,-999.0,-999.0,-999,1257;1297;1658;2151;2622;2655;2900,-999.0,-999.0,-999.0,-999.0,2950797.63,10.61,-31.12,-10.25,41.0,-8.8,16.09,1,56.75,3.0,0.14,87.44,225.72,963.22,1489.16
Rodentia,Echimyidae,Dactylomys,peruanus,Dactylomys peruanus,-999,382.0,-999.0,-999.0,-999.0,-999.0,-999.0,-999.0,-999,-999.0,-999.0,-999,-999.0,-999.0,-999.0,-999.0,-999.0,-999.0,-999.0,-999.0,-999.0,-999.0,-999.0,-999.0,-999,-999,-999,-999.0,-999.0,-999,2655,-999.0,-999.0,-999.0,-999.0,74745.24,-11.53,-14.05,-12.79,-70.35,-74.13,-72.24,1,12.74,1.0,0.1,190.99,172.09,1092.86,1416.54
Cetacea,Delphinidae,Cephalorhynchus,eutropia,Cephalorhynchus eutropia,-999,45000.0,-999.0,-999.0,-999.0,-999.0,-999.0,-999.0,1,-999.0,-999.0,1,-999.0,-999.0,-999.0,0.97,-999.0,-999.0,-999.0,-999.0,-999.0,-999.0,-999.0,-999.0,-999,-999,3,-999.0,-999.0,-999,511;1297;2151;2655,-999.0,-999.0,-999.0,-999.0,-999.0,-999.0,-999.0,-999.0,-999.0,-999.0,-999.0,-999,-999.0,-999.0,-999.0,-999.0,-999.0,-999.0,-999.0
Primates,Cebidae,Callithrix,intermedia,Callithrix intermedia,3,-999.0,-999.0,-999.0,-999.0,-999.0,-999.0,-999.0,-999,-999.0,-999.0,-999,0.19,-999.0,-999.0,2.0,-999.0,-999.0,-999.0,-999.0,19.97,-999.0,-999.0,11.5,-999,-999,-999,-999.0,-999.0,-999,1547;2520;2725,-999.0,-999.0,-999.0,-999.0,73178.5,-4.13,-11.95,-8.04,-59.01,-60.88,-59.95,0,0.39,0.0,0.53,179.43,249.52,1334.37,1536.27
Chiroptera,Molossidae,Chaerephon,nigeriae,Chaerephon nigeriae,-999,20.14,47.0,-999.0,-999.0,-999.0,-999.0,-999.0,-999,-999.0,-999.0,1,-999.0,-999.0,-999.0,-999.0,-999.0,-999.0,-999.0,-999.0,-999.0,-999.0,-999.0,-999.0,-999,2,-999,-999.0,-999.0,-999,1658;2151;2622;2655,-999.0,-999.0,-999.0,-999.0,6732376.9,12.82,-24.74,-5.95,40.84,4.74,22.79,0,27.69,1.0,0.15,99.84,233.35,980.1,1532.09
Rodentia,Muridae,Melomys,bougainville,Melomys bougainville,-999,85.99,-999.0,146.44,-999.0,-999.0,-999.0,-999.0,-999,-999.0,-999.0,-999,-999.0,-999.0,-999.0,-999.0,-999.0,-999.0,-999.0,-999.0,-999.0,-999.0,-999.0,-999.0,-999,-999,-999,-999.0,-999.0,-999,2655;2803,-999.0,-999.0,-999.0,-999.0,12465.16,-5.0,-7.41,-6.21,157.55,154.51,156.03,13,17.0,13.0,0.14,182.39,261.39,-999.0,-999.0
Cetacea,Delphinidae,Lagenorhynchus,albirostris,Lagenorhynchus albirostris,-999,186634.86,-999.0,3048.99,-999.0,-999.0,-999.0,-999.0,2,-999.0,365.0,1,-999.0,-999.0,-999.0,1.0,-999.0,-999.0,-999.0,-999.0,-999.0,300.0,-999.0,-999.0,-999,-999,3,-999.0,-999.0,-999,1004;1217;1297;2151;2655,-999.0,-999.0,-999.0,-999.0,-999.0,-999.0,-999.0,-999.0,-999.0,-999.0,-999.0,-999,-999.0,-999.0,-999.0,-999.0,-999.0,-999.0,-999.0
Chiroptera,Hipposideridae,Asellia,tridens,Asellia tridens,-999,12.94,51.33,56.0,-999.0,-999.0,-999.0,-999.0,1,-999.0,66.1,1,-999.0,-999.0,-999.0,-999.0,-999.0,-999.0,-999.0,-999.0,-999.0,-999.0,-999.0,-999.0,-999,2,3,-999.0,-999.0,-999,83;196;679;1297;1524;1658;1860;2151;2622;2655;2719;3110,-999.0,-999.0,-999.0,-999.0,13554119.99,36.8,-1.56,17.61,68.42,-17.1,25.65,0,18.64,0.0,0.11,9.2,236.45,151.4,1341.63
Erinaceomorpha,Erinaceidae,Erinaceus,roumanicus,Erinaceus roumanicus,-999,-999.0,-999.0,-999.0,-999.0,-999.0,-999.0,-999.0,-999,-999.0,-999.0,-999,-999.0,-999.0,-999.0,-999.0,-999.0,-999.0,-999.0,-999.0,-999.0,-999.0,-999.0,-999.0,-999,-999,-999,-999.0,-999.0,-999,-999,-999.0,-999.0,-999.0,-999.0,-999.0,-999.0,-999.0,-999.0,-999.0,-999.0,-999.0,-999,-999.0,-999.0,-999.0,-999.0,-999.0,-999.0,-999.0
Chiroptera,Pteropodidae,Dyacopterus,brooksi,Dyacopterus brooksi,-999,-999.0,81.45,-999.0,-999.0,-999.0,-999.0,-999.0,-999,-999.0,-999.0,-999,-999.0,-999.0,-999.0,-999.0,-999.0,-999.0,-999.0,-999.0,-999.0,-999.0,-999.0,-999.0,-999,-999,-999,-999.0,-999.0,-999,1343,74.7,-999.0,-999.0,-999.0,6196.65,-1.87,-2.67,-2.27,102.29,101.49,101.89,35,43.14,35.0,0.21,316.14,226.57,1858.56,1866.28
Rodentia,Heteromyidae,Chaetodipus,californicus,Chaetodipus californicus,-999,23.01,-999.0,-999.0,15.0,-999.0,21.45,22.0,-999,-999.0,25.16,-999,-999.0,-999.0,-999.0,4.0,-999.0,-999.0,1.5,-999.0,-999.0,-999.0,-999.0,-999.0,-999,-999,-999,23.0,10.0,-999,884;982;1297;1514;1822;1849;2655;2873,-999.0,-999.0,-999.0,-999.0,116215.94,38.95,30.61,34.78,-115.09,-122.51,-118.8,1,191.93,2.0,0.1,34.72,117.04,328.43,1146.7
Rodentia,Spalacidae,Eospalax,rothschildi,Eospalax rothschildi,-999,-999.0,-999.0,-999.0,-999.0,-999.0,-999.0,-999.0,-999,-999.0,-999.0,-999,-999.0,-999.0,-999.0,-999.0,-999.0,-999.0,-999.0,-999.0,-999.0,-999.0,-999.0,-999.0,-999,-999,-999,-999.0,-999.0,-999,-999,-999.0,-999.0,-999.0,-999.0,119023.34,34.49,30.77,32.63,112.22,107.38,109.8,61,221.1,80.0,0.05,65.09,114.49,809.25,908.21
Rodentia,Muridae,Dacnomys,millardi,Dacnomys millardi,-999,-999.0,-999.0,-999.0,-999.0,-999.0,-999.0,-999.0,-999,-999.0,-999.0,-999,-999.0,-999.0,-999.0,-999.0,-999.0,-999.0,-999.0,-999.0,-999.0,-999.0,-999.0,-999.0,-999,-999,-999,-999.0,-999.0,-999,-999,-999.0,-999.0,-999.0,-999.0,263125.32,29.0,20.98,24.99,104.06,94.78,99.42,1,59.28,1.0,0.09,146.11,126.89,1065.36,1246.1
Chiroptera,Phyllostomidae,Glyphonycteris,daviesi,Glyphonycteris daviesi,-999,18.61,55.5,-999.0,-999.0,-999.0,-999.0,-999.0,2,-999.0,-999.0,1,-999.0,-999.0,-999.0,0.98,-999.0,-999.0,-999.0,-999.0,-999.0,-999.0,-999.0,-999.0,-999,2,2,-999.0,-999.0,-999,889;1297;1658;2151;2622;2655,-999.0,-999.0,-999.0,-999.0,4760330.64,16.02,-16.64,-0.31,-46.35,-87.31,-66.83,0,17.42,0.0,0.12,181.36,239.36,1427.66,1596.84
Chiroptera,Vespertilionidae,Philetor,brachypterus,Philetor brachypterus,-999,12.0,34.5,-999.0,-999.0,-999.0,-999.0,-999.0,-999,-999.0,-999.0,1,-999.0,-999.0,-999.0,-999.0,-999.0,-999.0,-999.0,-999.0,-999.0,-999.0,-999.0,-999.0,-999,2,-999,-999.0,-999.0,-999,1439;1658;2151;2622;2655,-999.0,-999.0,-999.0,-999.0,747045.55,28.01,-10.17,8.92,153.01,90.3,121.66,1,226.07,4.0,0.11,227.27,226.8,1572.77,1698.29
Rodentia,Muridae,Leopoldamys,sabanus,Leopoldamys sabanus,-999,347.61,-999.0,228.41,-999.0,-999.0,-999.0,-999.0,-999,-999.0,-999.0,-999,-999.0,-999.0,-999.0,3.33,-999.0,24.0,-999.0,-999.0,-999.0,-999.0,-999.0,-999.0,-999,-999,-999,-999.0,-999.0,-999,456;1268;1297;1787;2152;2506;2655,-999.0,-999.0,-999.0,-999.0,2396697.79,23.55,-8.78,7.38,119.26,95.18,107.22,1,134.62,4.0,0.12,204.74,239.67,1433.88,1632.13
Rodentia,Sciuridae,Spermophilus,erythrogenys,Spermophilus erythrogenys,-999,-999.0,-999.0,-999.0,-999.0,-999.0,-999.0,-999.0,-999,-999.0,-999.0,-999,-999.0,-999.0,-999.0,7.77,1.0,-999.0,-999.0,-999.0,-999.0,-999.0,-999.0,-999.0,-999,-999,-999,-999.0,-999.0,-999,1297,-999.0,-999.0,-999.0,-999.0,1325545.76,55.42,43.15,49.29,90.26,65.55,77.91,0,10.73,1.0,0.000622859,24.74,29.72,319.86,523.06
Chiroptera,Phyllostomidae,Lonchorhina,fernandezi,Lonchorhina fernandezi,-999,-999.0,42.5,-999.0,-999.0,-999.0,-999.0,-999.0,-999,-999.0,-999.0,1,-999.0,-999.0,-999.0,-999.0,-999.0,-999.0,-999.0,-999.0,-999.0,-999.0,-999.0,-999.0,-999,2,-999,-999.0,-999.0,-999,1658;2151,11.59,-999.0,-999.0,-999.0,13450.68,4.56,3.28,3.92,-66.36,-67.56,-66.96,0,0.41,0.0,0.0,231.75,252.25,1650.0,1674.57
Cetacea,Balaenopteridae,Balaenoptera,borealis,Balaenoptera borealis,-999,22106251.95,-999.0,18382.16,-999.0,-999.0,-999.0,-999.0,2,-999.0,334.58,1,-999.0,-999.0,730.0,1.02,0.41,888.0,649999.99,4729.99,-999.0,-999.0,3274.59,4.25,-999,-999,3,203.46,-999.0,-999,511;543;899;1004;1217;1297;2151;2655,-999.0,-999.0,-999.0,-999.0,-999.0,-999.0,-999.0,-999.0,-999.0,-999.0,-999.0,-999,-999.0,-999.0,-999.0,-999.0,-999.0,-999.0,-999.0
Lagomorpha,Leporidae,Sylvilagus,varynaensis,Sylvilagus varynaensis,-999,-999.0,-999.0,-999.0,-999.0,-999.0,-999.0,-999.0,-999,-999.0,-999.0,-999,-999.0,-999.0,-999.0,-999.0,-999.0,-999.0,-999.0,-999.0,-999.0,-999.0,-999.0,-999.0,-999,-999,-999,-999.0,-999.0,-999,-999,-999.0,-999.0,-999.0,-999.0,119709.14,10.02,7.28,8.65,-64.79,-71.84,-68.31,1,19.57,3.0,0.13,113.64,254.56,1236.38,1667.66
Chiroptera,Hipposideridae,Hipposideros,ater,Hipposideros ater,-999,5.86,38.99,-999.0,-999.0,380.2,-999.0,-999.0,1,-999.0,195.0,1,-999.0,-999.0,-999.0,0.99,-999.0,-999.0,1.25,-999.0,-999.0,-999.0,326.81,-999.0,-999,2,3,79.2,2.1,-999,83;196;632;679;1144;1297;1439;1621;1658;1705;2151;2655;2719,-999.0,-999.0,-999.0,-999.0,5724145.6,28.68,-25.16,1.76,153.01,70.54,111.78,0,205.71,0.0,0.09,148.22,247.89,1040.75,1588.36
Primates,Cercopithecidae,Macaca,fuscata,Macaca fuscata,3,10114.76,-999.0,826.71,-999.0,1879.75,-999.0,-999.0,5,-999.0,172.99,2,1.43,-999.0,486.66,1.02,1.0,396.0,501.57,-999.0,30.19,-999.0,1460.77,40.65,-999,2,2,265.04,2250.7,-999,208;543;1015;1297;1544;1547;1611;1763;1767;1848;2142;2338;2344;2489;2493;2655;2660;2986;3064,-999.0,-999.0,-999.0,-999.0,177385.93,41.54,30.22,35.88,141.47,129.55,135.51,74,327.86,105.0,0.007760427,147.66,102.22,792.57,842.46
Rodentia,Ctenomyidae,Ctenomys,flamarioni,Ctenomys flamarioni,-999,-999.0,-999.0,-999.0,-999.0,-999.0,-999.0,-999.0,3,-999.0,-999.0,1,-999.0,-999.0,-999.0,-999.0,-999.0,-999.0,-999.0,-999.0,-999.0,-999.0,-999.0,-999.0,-999,1,1,-999.0,-999.0,-999,2151,-999.0,-999.0,-999.0,-999.0,-999.0,-999.0,-999.0,-999.0,-999.0,-999.0,-999.0,-999,-999.0,-999.0,-999.0,-999.0,-999.0,-999.0,-999.0
Chiroptera,Phyllostomidae,Phyllostomus,elongatus,Phyllostomus elongatus,-999,41.75,66.0,-999.0,-999.0,-999.0,38.8,35.6,2,-999.0,-999.0,1,-999.0,-999.0,-999.0,0.99,-999.0,-999.0,-999.0,-999.0,-999.0,-999.0,-999.0,-999.0,-999,2,1,-999.0,-999.0,-999,196;889;1297;1658;1822;1948;2151;2622;2655,-999.0,-999.0,-999.0,-999.0,10958600.41,12.59,-23.84,-5.62,-34.79,-81.72,-58.25,0,23.16,0.0,0.12,155.48,241.35,1309.45,1545.97
Primates,Pitheciidae,Callicebus,coimbrai,Callicebus coimbrai,-999,-999.0,-999.0,-999.0,-999.0,-999.0,-999.0,-999.0,-999,-999.0,-999.0,-999,-999.0,-999.0,-999.0,-999.0,-999.0,-999.0,-999.0,-999.0,-999.0,-999.0,-999.0,-999.0,-999,-999,-999,-999.0,-999.0,-999,-999,-999.0,-999.0,-999.0,-999.0,12847.57,-10.01,-11.61,-10.81,-36.3,-38.02,-37.16,17,70.34,17.0,0.09,112.76,247.33,1008.18,1867.47
Rodentia,Ctenomyidae,Ctenomys,pearsoni,Ctenomys pearsoni,-999,212.0,-999.0,-999.0,-999.0,-999.0,-999.0,-999.0,3,-999.0,-999.0,1,-999.0,-999.0,-999.0,-999.0,-999.0,-999.0,-999.0,-999.0,-999.0,-999.0,-999.0,-999.0,-999,1,1,-999.0,-999.0,-999,890;2151;2655,-999.0,-999.0,-999.0,-999.0,46304.08,-33.01,-34.97,-33.99,-53.41,-58.43,-55.92,3,45.05,7.0,0.06,84.6,159.25,916.64,1101.93
Primates,Cebidae,Callithrix,flaviceps,Callithrix flaviceps,3,372.97,-999.0,239.99,-999.0,-999.0,-999.0,-999.0,3,-999.0,140.0,1,0.22,-999.0,-999.0,2.0,-999.0,-999.0,-999.0,-999.0,11.85,-999.0,-999.0,9.8,-999,2,2,-999.0,-999.0,-999,899;1544;1547;2151;2344;2655;2725,-999.0,-999.0,-999.0,-999.0,27330.89,-20.39,-21.92,-21.16,-40.81,-43.12,-41.96,36,56.38,37.5,0.05,111.78,200.81,1193.67,1398.92
Chiroptera,Molossidae,Mops,brachypterus,Mops brachypterus,-999,16.0,36.5,-999.0,-999.0,-999.0,-999.0,-999.0,-999,-999.0,-999.0,1,-999.0,-999.0,-999.0,0.99,-999.0,-999.0,-999.0,-999.0,-999.0,-999.0,-999.0,-999.0,-999,2,-999,-999.0,-999.0,-999,1297;1658;2151;2622;2655,-999.0,-999.0,-999.0,-999.0,3079756.19,9.34,-6.47,1.43,39.57,-13.32,13.12,0,56.15,1.0,0.12,149.71,241.81,1364.26,1560.83
Dasyuromorphia,Dasyuridae,Antechinus,subtropicus,Antechinus subtropicus,-999,-999.0,-999.0,-999.0,-999.0,-999.0,-999.0,-999.0,-999,-999.0,-999.0,-999,-999.0,-999.0,-999.0,-999.0,-999.0,-999.0,-999.0,-999.0,-999.0,-999.0,-999.0,-999.0,-999,-999,-999,-999.0,-999.0,-999,-999,-999.0,-999.0,-999.0,-999.0,17022.46,-26.11,-29.11,-27.61,153.29,152.41,152.85,2,69.31,2.0,0.16,95.33,184.4,1123.12,1391.37
Chiroptera,Phyllostomidae,Artibeus,cinereus,Artibeus cinereus,-999,12.7,38.99,-999.0,-999.0,-999.0,-999.0,-999.0,1,-999.0,-999.0,1,-999.0,-999.0,-999.0,0.99,-999.0,-999.0,-999.0,-999.0,-999.0,-999.0,-999.0,-999.0,-999,2,1,-999.0,-999.0,-999,196;889;1297;1658;2151;2622;2655;2719,-999.0,-999.0,-999.0,-999.0,1835095.13,12.23,-1.38,5.42,-49.88,-71.58,-60.73,0,19.68,0.0,0.13,150.84,250.38,1445.86,1710.31
Artiodactyla,Suidae,Sus,cebifrons,Sus cebifrons,2,190792.3,-999.0,1349.99,-999.0,-999.0,-999.0,-999.0,6,-999.0,125.14,-999,-999.0,-999.0,-999.0,4.58,1.0,-999.0,-999.0,-999.0,-999.0,-999.0,283.18,4.5,12,-999,2,105.85,-999.0,-999,2152;2180,-999.0,-999.0,-999.0,-999.0,27761.56,12.6,9.03,10.82,124.07,121.84,122.96,103,266.95,118.0,0.08,160.41,254.91,1479.27,1759.33
Soricomorpha,Talpidae,Mogera,insularis,Mogera insularis,-999,-999.0,-999.0,-999.0,-999.0,-999.0,-999.0,-999.0,1,-999.0,-999.0,-999,-999.0,-999.0,-999.0,-999.0,1.0,-999.0,-999.0,-999.0,-999.0,1.0,-999.0,-999.0,-999,-999,3,-999.0,-999.0,-999,1280;2131,-999.0,-999.0,-999.0,-999.0,999215.83,32.3,18.16,25.23,122.0,101.43,111.71,7,260.21,73.0,0.06,123.01,156.75,1042.61,1099.98
Cetacea,Ziphiidae,Mesoplodon,peruvianus,Mesoplodon peruvianus,-999,-999.0,-999.0,3719.99,-999.0,-999.0,-999.0,-999.0,-999,-999.0,-999.0,1,-999.0,-999.0,-999.0,-999.0,-999.0,-999.0,-999.0,-999.0,-999.0,-999.0,-999.0,-999.0,-999,-999,-999,-999.0,-999.0,-999,164;2151,1061721.24,-999.0,-999.0,-999.0,-999.0,-999.0,-999.0,-999.0,-999.0,-999.0,-999.0,-999,-999.0,-999.0,-999.0,-999.0,-999.0,-999.0,-999.0
Rodentia,Nesomyidae,Macrotarsomys,ingens,Macrotarsomys ingens,1,54.99,-999.0,120.0,-999.0,-999.0,-999.0,-999.0,-999,-999.0,-999.0,3,-999.0,-999.0,-999.0,-999.0,-999.0,-999.0,-999.0,-999.0,-999.0,-999.0,-999.0,-999.0,-999,2,-999,-999.0,-999.0,-999,899;2152;2655,-999.0,-999.0,-999.0,-999.0,321.5,-16.26,-16.45,-16.36,47.17,46.98,47.08,17,23.0,17.0,0.18,129.0,264.5,906.5,1602.0
Chiroptera,Mormoopidae,Pteronotus,pristinus,Pteronotus pristinus,-999,-999.0,-999.0,-999.0,-999.0,-999.0,-999.0,-999.0,-999,-999.0,-999.0,-999,-999.0,-999.0,-999.0,-999.0,-999.0,-999.0,-999.0,-999.0,-999.0,-999.0,-999.0,-999.0,-999,-999,-999,-999.0,-999.0,-999,-999,-999.0,-999.0,-999.0,-999.0,-999.0,-999.0,-999.0,-999.0,-999.0,-999.0,-999.0,-999,-999.0,-999.0,-999.0,-999.0,-999.0,-999.0,-999.0
Cingulata,Dasypodidae,Tolypeutes,tricinctus,Tolypeutes tricinctus,-999,1465.72,-999.0,300.0,-999.0,-999.0,-999.0,-999.0,2,-999.0,-999.0,2,-999.0,-999.0,-999.0,0.93,1.0,-999.0,-999.0,-999.0,-999.0,-999.0,-999.0,-999.0,-999,1,2,-999.0,-999.0,-999,511;736;899;1297;2655,-999.0,-999.0,-999.0,-999.0,1893159.84,-3.23,-17.55,-10.39,-34.79,-52.18,-43.48,0,28.82,1.0,0.08,108.23,239.48,1012.33,1478.53
Rodentia,Sciuridae,Pteromys,volans,Pteromys volans,1,143.09,-999.0,160.02,-999.0,-999.0,-999.0,-999.0,3,-999.0,28.18,1,0.05,0.04,-999.0,2.5,1.5,45.6,-999.0,-999.0,-999.0,-999.0,-999.0,-999.0,-999,2,2,-999.0,-999.0,-999,511;543;1249;1297;1849;2655,-999.0,-999.0,-999.0,-999.0,13883153.56,72.05,37.01,54.53,174.2,21.08,97.64,0,21.77,0.0,-0.01,33.41,-59.39,313.15,349.87
Rodentia,Echimyidae,Proechimys,semispinosus,Proechimys semispinosus,1,353.32,-999.0,229.31,0.0,-999.0,313.74,498.0,4,-999.0,65.65,1,0.001730355,0.001595626,-999.0,2.84,4.68,31.0,26.22,-999.0,754.53,-999.0,113.38,1.0,-999,1,2,41.2,-999.0,-999,18;20;31;730;905;979;1117;1297;1573;1822;1849;1876;2458;2576;2655;2828,-999.0,-999.0,-999.0,-999.0,211449.22,15.99,2.93,9.46,-76.37,-85.66,-81.02,2,28.84,3.0,0.14,218.21,246.49,1433.94,1706.25
Rodentia,Nesomyidae,Beamys,major,Beamys major,-999,-999.0,-999.0,-999.0,-999.0,-999.0,-999.0,-999.0,-999,-999.0,-999.0,-999,-999.0,-999.0,-999.0,4.0,-999.0,-999.0,-999.0,-999.0,-999.0,-999.0,-999.0,-999.0,-999,-999,-999,-999.0,-999.0,-999,1242,-999.0,-999.0,-999.0,-999.0,57617.27,-8.9,-14.96,-11.93,35.23,32.83,34.03,3,57.47,8.0,0.07,85.43,205.93,913.61,1625.51
Soricomorpha,Soricidae,Crocidura,pergrisea,Crocidura pergrisea,-999,-999.0,-999.0,-999.0,-999.0,-999.0,-999.0,-999.0,-999,-999.0,-999.0,-999,-999.0,-999.0,-999.0,-999.0,-999.0,-999.0,-999.0,-999.0,-999.0,-999.0,-999.0,-999.0,-999,-999,-999,-999.0,-999.0,-999,-999,-999.0,-999.0,-999.0,-999.0,433223.03,41.92,31.49,36.7,77.15,69.57,73.36,0,98.28,1.0,0.12,25.93,6.7,340.69,916.92
Rodentia,Myocastoridae,Myocastor,coypus,Myocastor coypus,2,6361.55,-999.0,519.44,0.0,319.37,-999.0,-999.0,6,-999.0,131.86,3,0.02,0.03,131.5,5.34,2.58,144.0,205.7,-999.0,226.26,-999.0,187.09,7.5,8,1,2,52.83,1750.0,-999,1;13;134;484;543;820;883;890;1154;1155;1156;1157;1158;1297;1849;2018;2151;2620;2655;3079,-999.0,-999.0,-999.0,-999.0,4147600.45,-15.78,-55.05,-35.41,-49.05,-74.74,-61.89,0,19.13,0.0,0.08,70.13,143.97,707.15,979.58
Chiroptera,Molossidae,Molossops,mattogrossensis,Molossops mattogrossensis,-999,7.48,28.49,-999.0,-999.0,-999.0,-999.0,-999.0,1,-999.0,-999.0,1,-999.0,-999.0,-999.0,-999.0,1.0,-999.0,-999.0,-999.0,-999.0,-999.0,-999.0,-999.0,-999,2,3,-999.0,-999.0,-999,1658;2143;2151;2622;2655;3034,-999.0,-999.0,-999.0,-999.0,5565787.46,9.3,-15.56,-3.12,-34.79,-68.58,-51.69,0,12.28,0.0,0.11,149.77,247.97,1281.05,1572.95
Carnivora,Viverridae,Viverricula,indica,Viverricula indica,2,2918.88,-999.0,539.19,-999.0,-999.0,-999.0,-999.0,6,-999.0,-999.0,3,-999.0,-999.0,-999.0,3.74,-999.0,126.0,-999.0,-999.0,-999.0,1.5,-999.0,-999.0,-999,2,2,-999.0,-999.0,-999,543;1045;1113;1297;2151;2655,-999.0,-999.0,-999.0,-999.0,8147745.62,32.74,-8.96,11.89,122.0,66.75,94.37,0,262.87,12.0,0.09,126.95,216.69,966.54,1393.13
Didelphimorphia,Didelphidae,Hyladelphys,kalinowskii,Hyladelphys kalinowskii,-999,-999.0,-999.0,-999.0,-999.0,-999.0,-999.0,-999.0,-999,-999.0,-999.0,-999,-999.0,-999.0,-999.0,-999.0,-999.0,-999.0,-999.0,-999.0,-999.0,-999.0,-999.0,-999.0,-999,-999,-999,-999.0,-999.0,-999,-999,-999.0,-999.0,-999.0,-999.0,-999.0,-999.0,-999.0,-999.0,-999.0,-999.0,-999.0,-999,-999.0,-999.0,-999.0,-999.0,-999.0,-999.0,-999.0
Chiroptera,Rhinolophidae,Rhinolophus,hilli,Rhinolophus hilli,-999,13.6,53.08,60.86,-999.0,-999.0,-999.0,-999.0,-999,-999.0,-999.0,-999,-999.0,-999.0,-999.0,-999.0,-999.0,-999.0,-999.0,18.77,-999.0,-999.0,-999.0,-999.0,-999,-999,-999,-999.0,-999.0,-999,23;2642,-999.0,-999.0,0.62,-999.0,5351.09,-2.04,-2.72,-2.38,29.86,28.87,29.36,139,239.32,139.0,-0.05,106.5,178.16,1250.0,1513.49
Rodentia,Sciuridae,Tamiops,rodolphii,Tamiops rodolphii,-999,-999.0,-999.0,-999.0,-999.0,-999.0,-999.0,-999.0,-999,-999.0,-999.0,-999,-999.0,-999.0,-999.0,-999.0,-999.0,-999.0,-999.0,-999.0,-999.0,-999.0,-999.0,-999.0,-999,-999,-999,-999.0,-999.0,-999,-999,-999.0,-999.0,-999.0,-999.0,376423.61,17.19,8.55,12.87,109.09,101.31,105.2,2,139.72,5.0,0.11,145.23,258.64,1152.83,1596.13
Rodentia,Sciuridae,Tamias,sonomae,Tamias sonomae,-999,75.0,-999.0,133.63,-999.0,-999.0,-999.0,-999.0,2,-999.0,-999.0,2,-999.0,-999.0,-999.0,4.0,1.0,-999.0,-999.0,-999.0,-999.0,-999.0,-999.0,-999.0,-999,2,1,21.0,-999.0,-999,320;1781;2655,-999.0,-999.0,-999.0,-999.0,45834.06,41.88,37.81,39.85,-121.14,-124.05,-122.59,1,73.6,1.0,0.04,59.13,96.56,383.5,939.23
Chiroptera,Vespertilionidae,Glauconycteris,machadoi,Glauconycteris machadoi,-999,-999.0,-999.0,-999.0,-999.0,-999.0,-999.0,-999.0,-999,-999.0,-999.0,-999,-999.0,-999.0,-999.0,-999.0,-999.0,-999.0,-999.0,-999.0,-999.0,-999.0,-999.0,-999.0,-999,-999,-999,-999.0,-999.0,-999,-999,-999.0,-999.0,-999.0,-999.0,599.87,-11.6,-11.85,-11.73,20.94,20.68,20.81,2,2.0,2.0,1.0,104.0,224.0,882.0,1341.0
Carnivora,Canidae,Vulpes,lagopus,Vulpes lagopus,2,3584.37,-999.0,564.81,15.03,-999.0,1627.2,3200.0,1,165.0,52.99,1,14.1,15.08,365.0,7.65,-999.0,180.0,69.17,-999.0,0.1,-999.0,293.89,-999.0,14,1,3,49.5,-999.0,-999,367;542;543;730;1113;1297;1573;2655,-999.0,1.1,-999.0,-999.0,16988732.37,83.62,47.29,65.45,179.99,-179.99,0.0,0,2.84,0.0,-0.05,29.99,-90.38,207.97,217.25
Artiodactyla,Bovidae,Cephalophus,brookei,Cephalophus brookei,-999,-999.0,-999.0,-999.0,-999.0,-999.0,-999.0,-999.0,-999,-999.0,-999.0,-999,-999.0,-999.0,-999.0,-999.0,-999.0,-999.0,-999.0,-999.0,-999.0,-999.0,-999.0,-999.0,-999,-999,-999,-999.0,-999.0,-999,1525,-999.0,-999.0,-999.0,-999.0,356101.47,8.95,4.35,6.65,-0.43,-13.16,-6.8,3,76.43,8.0,0.06,183.95,254.65,1328.35,1555.04
Primates,Cheirogaleidae,Cheirogaleus,adipicaudatus,Cheirogaleus adipicaudatus,-999,-999.0,-999.0,-999.0,-999.0,-999.0,-999.0,-999.0,-999,-999.0,-999.0,-999,-999.0,-999.0,-999.0,-999.0,-999.0,-999.0,-999.0,-999.0,-999.0,-999.0,-999.0,-999.0,-999,-999,-999,-999.0,-999.0,-999,-999,-999.0,-999.0,-999.0,-999.0,40707.46,-21.95,-25.04,-23.49,47.11,44.07,45.59,4,13.12,4.0,0.22,73.64,220.3,918.09,1559.95
Rodentia,Ctenomyidae,Ctenomys,porteousi,Ctenomys porteousi,-999,192.4,-999.0,-999.0,-999.0,-999.0,-999.0,-999.0,3,-999.0,-999.0,1,-999.0,-999.0,-999.0,-999.0,-999.0,-999.0,-999.0,-999.0,-999.0,-999.0,-999.0,-999.0,-999,1,1,-999.0,-999.0,-999,2151;2655,-999.0,-999.0,-999.0,-999.0,46290.24,-36.29,-38.01,-37.15,-60.86,-64.32,-62.59,2,5.07,2.0,0.07,62.88,145.79,679.0,919.57
Primates,Galagidae,Galago,thomasi,Galago thomasi,-999,117.35,-999.0,-999.0,-999.0,-999.0,-999.0,-999.0,-999,-999.0,-999.0,-999,-999.0,-999.0,-999.0,-999.0,-999.0,-999.0,-999.0,-999.0,-999.0,-999.0,-999.0,1.0,-999,-999,-999,-999.0,-999.0,-999,1544;1547;2344,-999.0,-999.0,-999.0,-999.0,4366268.46,9.51,-12.14,-1.31,38.75,-13.5,12.62,0,36.79,1.0,0.13,139.93,240.27,1277.67,1534.76
Chiroptera,Pteropodidae,Ptenochirus,minor,Ptenochirus minor,-999,47.02,69.5,-999.0,-999.0,-999.0,-999.0,-999.0,-999,-999.0,-999.0,1,-999.0,-999.0,-999.0,-999.0,-999.0,-999.0,-999.0,-999.0,-999.0,-999.0,-999.0,-999.0,-999,2,-999,-999.0,-999.0,-999,1439;1658;2151;2655,-999.0,-999.0,-999.0,-999.0,103200.29,11.7,5.55,8.63,126.6,121.89,124.24,33,170.38,55.0,0.11,175.7,238.87,1567.81,1734.24
Chiroptera,Molossidae,Sauromys,petrophilus,Sauromys petrophilus,-999,14.25,38.99,-999.0,-999.0,-999.0,-999.0,-999.0,-999,-999.0,-999.0,1,-999.0,-999.0,-999.0,-999.0,-999.0,-999.0,-999.0,-999.0,-999.0,-999.0,-999.0,-999.0,-999,2,-999,-999.0,-999.0,-999,1658;2151;2622;2655,-999.0,-999.0,-999.0,-999.0,1573107.22,-15.41,-33.89,-24.65,33.26,14.87,24.07,0,14.66,0.0,0.1,32.72,187.63,458.43,1276.18
Chiroptera,Phyllostomidae,Scleronycteris,ega,Scleronycteris ega,-999,49.54,34.5,-999.0,-999.0,-999.0,-999.0,-999.0,-999,-999.0,-999.0,1,-999.0,-999.0,-999.0,-999.0,-999.0,-999.0,-999.0,-999.0,-999.0,-999.0,-999.0,-999.0,-999,2,-999,-999.0,-999.0,-999,1658;2151;2622,-999.0,-999.0,-999.0,-999.0,243503.95,4.19,-4.15,0.02,-63.29,-67.35,-65.32,0,0.28,0.0,0.06,213.31,251.67,1627.91,1635.22
Cetacea,Delphinidae,Cephalorhynchus,heavisidii,Cephalorhynchus heavisidii,-999,39999.99,-999.0,-999.0,-999.0,-999.0,-999.0,-999.0,-999,-999.0,-999.0,1,-999.0,-999.0,-999.0,0.97,-999.0,-999.0,9174.84,-999.0,-999.0,-999.0,-999.0,-999.0,-999,-999,-999,-999.0,-999.0,-999,1297;2151;2655,-999.0,-999.0,-999.0,-999.0,-999.0,-999.0,-999.0,-999.0,-999.0,-999.0,-999.0,-999,-999.0,-999.0,-999.0,-999.0,-999.0,-999.0,-999.0
Diprotodontia,Macropodidae,Onychogalea,fraenata,Onychogalea fraenata,-999,4952.05,-999.0,525.0,-999.0,-999.0,-999.0,-999.0,1,-999.0,23.0,1,0.33,0.31,125.0,1.0,-999.0,60.0,-999.0,-999.0,20.0,1.0,209.75,-999.0,-999,1,1,164.53,1232.88,-999,899;955;1297;1573;1760;1848;2655,-999.0,1.89,-999.0,-999.0,14215.63,-23.29,-24.5,-23.89,149.17,147.87,148.52,0,0.41,0.0,0.0,54.76,205.11,756.31,1453.2
Rodentia,Echimyidae,Proechimys,decumanus,Proechimys decumanus,-999,284.99,-999.0,-999.0,-999.0,-999.0,-999.0,-999.0,-999,-999.0,-999.0,-999,-999.0,-999.0,-999.0,-999.0,-999.0,-999.0,-999.0,-999.0,-999.0,-999.0,-999.0,-999.0,-999,-999,-999,-999.0,-999.0,-999,2655,-999.0,-999.0,-999.0,-999.0,74964.95,1.36,-4.98,-1.8,-78.47,-81.35,-79.91,0,82.61,0.0,0.11,96.5,238.33,994.24,1448.74
Rodentia,Echimyidae,Olallamys,albicauda,Olallamys albicauda,-999,273.5,-999.0,-999.0,-999.0,-999.0,-999.0,-999.0,-999,-999.0,-999.0,-999,-999.0,-999.0,-999.0,-999.0,-999.0,-999.0,-999.0,-999.0,-999.0,-999.0,-999.0,-999.0,-999,-999,-999,-999.0,-999.0,-999,2655,-999.0,-999.0,-999.0,-999.0,45105.03,9.88,5.12,7.5,-72.87,-76.04,-74.46,13,70.93,13.0,0.08,122.16,209.86,1459.02,1570.89
Didelphimorphia,Didelphidae,Philander,andersoni,Philander andersoni,1,324.99,-999.0,-999.0,-999.0,-999.0,-999.0,-999.0,-999,-999.0,-999.0,2,-999.0,-999.0,-999.0,-999.0,-999.0,-999.0,-999.0,-999.0,-999.0,-999.0,-999.0,1.0,-999,2,-999,-999.0,-999.0,-999,905;2655,-999.0,-999.0,-999.0,-999.0,-999.0,-999.0,-999.0,-999.0,-999.0,-999.0,-999.0,-999,-999.0,-999.0,-999.0,-999.0,-999.0,-999.0,-999.0
Lagomorpha,Ochotonidae,Ochotona,curzoniae,Ochotona curzoniae,2,159.47,-999.0,170.0,-999.0,-999.0,-999.0,-999.0,1,-999.0,22.5,2,0.001073894,0.001007503,-999.0,4.39,3.5,-999.0,11.2,57.6,19000.0,-999.0,-999.0,-999.0,-999,1,1,-999.0,-999.0,-999,401;1297;1315;1573;2646;2647;2988,-999.0,-999.0,-999.0,-999.0,2326434.58,40.59,27.52,34.06,102.16,78.0,90.08,0,4.59,0.0,0.05,49.51,-47.58,346.07,786.79
Rodentia,Sciuridae,Callosciurus,adamsi,Callosciurus adamsi,3,208.72,-999.0,203.5,-999.0,-999.0,-999.0,-999.0,6,-999.0,-999.0,1,-999.0,-999.0,-999.0,1.94,-999.0,-999.0,-999.0,-999.0,-999.0,-999.0,-999.0,-999.0,5,2,2,-999.0,-999.0,-999,1297;2152;2655,-999.0,-999.0,-999.0,-999.0,30384.46,5.47,2.22,3.84,117.88,113.3,115.59,1,9.09,1.0,0.16,287.63,235.52,1719.17,1747.03
Carnivora,Felidae,Leopardus,jacobitus,Leopardus jacobitus,-999,8133.78,-999.0,599.13,-999.0,-999.0,-999.0,-999.0,1,-999.0,-999.0,1,-999.0,-999.0,-999.0,-999.0,-999.0,-999.0,-999.0,-999.0,-999.0,-999.0,-999.0,-999.0,-999,1,3,-999.0,-999.0,-999,890;1113;2655,-999.0,-999.0,-999.0,-999.0,931676.41,-7.31,-33.82,-20.56,-62.07,-76.65,-69.36,0,15.71,0.0,0.09,80.94,95.75,761.36,1337.13
Cetacea,Delphinidae,Orcinus,orca,Orcinus orca,-999,5628758.66,-999.0,8652.64,-999.0,5456.75,-999.0,-999.0,2,-999.0,456.25,1,79244.72,112249.72,1825.0,1.0,-999.0,1200.0,158745.07,2374.99,-999.0,9.0,4989.76,12.0,-999,-999,3,415.76,-999.0,-999,144;149;150;151;387;537;543;1004;1297;2151;2409;2655,-999.0,0.48,-999.0,-999.0,-999.0,-999.0,-999.0,-999.0,-999.0,-999.0,-999.0,-999,-999.0,-999.0,-999.0,-999.0,-999.0,-999.0,-999.0
Rodentia,Nesomyidae,Eliurus,myoxinus,Eliurus myoxinus,1,69.76,-999.0,127.5,-999.0,-999.0,-999.0,-999.0,3,-999.0,23.99,2,-999.0,-999.0,-999.0,-999.0,-999.0,-999.0,-999.0,-999.0,-999.0,-999.0,-999.0,-999.0,-999,2,2,-999.0,-999.0,-999,1045;2152;2333;2655,-999.0,-999.0,-999.0,-999.0,92064.6,-12.58,-25.47,-19.02,49.52,43.22,46.37,2,11.35,2.0,0.19,82.98,240.91,880.11,1636.25
Rodentia,Nesomyidae,Monticolomys,koopmani,Monticolomys koopmani,-999,25.0,-999.0,-999.0,-999.0,-999.0,-999.0,-999.0,-999,-999.0,-999.0,-999,-999.0,-999.0,-999.0,-999.0,-999.0,-999.0,-999.0,-999.0,-999.0,-999.0,-999.0,-999.0,-999,-999,-999,-999.0,-999.0,-999,2655,-999.0,-999.0,-999.0,-999.0,-999.0,-999.0,-999.0,-999.0,-999.0,-999.0,-999.0,-999,-999.0,-999.0,-999.0,-999.0,-999.0,-999.0,-999.0
Chiroptera,Hipposideridae,Hipposideros,megalotis,Hipposideros megalotis,-999,-999.0,35.99,-999.0,-999.0,-999.0,-999.0,-999.0,-999,-999.0,-999.0,1,-999.0,-999.0,-999.0,-999.0,-999.0,-999.0,-999.0,-999.0,-999.0,-999.0,-999.0,-999.0,-999,2,-999,-999.0,-999.0,-999,1658;2151,7.2,-999.0,-999.0,-999.0,186129.96,15.59,-0.61,7.48,39.78,36.0,37.89,20,125.11,28.0,0.15,82.36,174.69,884.51,1463.93
Chiroptera,Vespertilionidae,Myotis,adversus,Myotis adversus,-999,10.41,39.81,-999.0,-999.0,-999.0,-999.0,-999.0,1,-999.0,-999.0,1,-999.0,-999.0,-999.0,1.0,2.5,-999.0,-999.0,-999.0,-999.0,-999.0,231.09,-999.0,-999,2,3,56.28,-999.0,-999,76;196;864;1297;1521;1658;2143;2151;2655;2719;3023,-999.0,-999.0,-999.0,-999.0,418891.81,25.29,-15.6,4.84,167.21,100.03,133.62,3,387.9,4.0,0.11,219.39,239.98,1623.62,1768.83
Rodentia,Echimyidae,Mesomys,occultus,Mesomys occultus,-999,-999.0,-999.0,-999.0,-999.0,-999.0,-999.0,-999.0,-999,-999.0,-999.0,-999,-999.0,-999.0,-999.0,-999.0,-999.0,-999.0,-999.0,-999.0,-999.0,-999.0,-999.0,-999.0,-999,-999,-999,-999.0,-999.0,-999,-999,-999.0,-999.0,-999.0,-999.0,-999.0,-999.0,-999.0,-999.0,-999.0,-999.0,-999.0,-999,-999.0,-999.0,-999.0,-999.0,-999.0,-999.0,-999.0
Didelphimorphia,Didelphidae,Thylamys,venustus,Thylamys venustus,-999,-999.0,-999.0,-999.0,-999.0,-999.0,-999.0,-999.0,-999,-999.0,-999.0,-999,-999.0,-999.0,-999.0,-999.0,-999.0,-999.0,-999.0,-999.0,-999.0,-999.0,-999.0,-999.0,-999,-999,-999,-999.0,-999.0,-999,-999,-999.0,-999.0,-999.0,-999.0,-999.0,-999.0,-999.0,-999.0,-999.0,-999.0,-999.0,-999,-999.0,-999.0,-999.0,-999.0,-999.0,-999.0,-999.0
Afrosoricida,Tenrecidae,Microgale,dobsoni,Microgale dobsoni,-999,36.66,-999.0,-999.0,-999.0,-999.0,41.92,44.6,1,-999.0,61.64,1,-999.0,-999.0,-999.0,2.66,-999.0,67.2,3.89,-999.0,-999.0,1.0,680.59,-999.0,-999,1,3,27.87,-999.0,-999,543;886;1297;1822;2151;2333;2655;2720;2786,-999.0,-999.0,-999.0,-999.0,100500.66,-14.01,-23.12,-18.56,50.48,46.69,48.58,8,46.83,11.0,0.18,178.65,195.92,1337.07,1580.28
Rodentia,Geomyidae,Geomys,arenarius,Geomys arenarius,-999,206.0,-999.0,172.69,-999.0,-999.0,-999.0,-999.0,3,-999.0,-999.0,2,-999.0,-999.0,-999.0,4.71,-999.0,-999.0,-999.0,-999.0,-999.0,-999.0,-999.0,-999.0,-999,1,1,-999.0,-999.0,-999,1297;2151;2655;3025,-999.0,-999.0,-999.0,-999.0,120898.65,34.54,29.93,32.24,-103.05,-108.04,-105.54,0,12.33,0.0,0.12,24.73,164.3,366.76,1151.46
Afrosoricida,Tenrecidae,Microgale,nasoloi,Microgale nasoloi,-999,-999.0,-999.0,-999.0,-999.0,-999.0,-999.0,-999.0,-999,-999.0,-999.0,-999,-999.0,-999.0,-999.0,-999.0,-999.0,-999.0,-999.0,-999.0,-999.0,-999.0,-999.0,-999.0,-999,-999,-999,-999.0,-999.0,-999,-999,-999.0,-999.0,-999.0,-999.0,2483.33,-22.36,-22.89,-22.63,44.96,44.09,44.53,5,7.49,5.0,0.2,57.75,229.25,710.78,1544.26
Didelphimorphia,Didelphidae,Thylamys,cinderella,Thylamys cinderella,-999,-999.0,-999.0,-999.0,-999.0,-999.0,-999.0,-999.0,-999,-999.0,-999.0,-999,-999.0,-999.0,-999.0,-999.0,-999.0,-999.0,-999.0,-999.0,-999.0,-999.0,-999.0,-999.0,-999,-999,-999,-999.0,-999.0,-999,-999,-999.0,-999.0,-999.0,-999.0,-999.0,-999.0,-999.0,-999.0,-999.0,-999.0,-999.0,-999,-999.0,-999.0,-999.0,-999.0,-999.0,-999.0,-999.0
Didelphimorphia,Didelphidae,Marmosops,neblina,Marmosops neblina,-999,-999.0,-999.0,123.24,-999.0,-999.0,-999.0,-999.0,-999,-999.0,-999.0,-999,-999.0,-999.0,-999.0,-999.0,-999.0,-999.0,-999.0,-999.0,-999.0,-999.0,-999.0,-999.0,-999,-999,-999,-999.0,-999.0,-999,890,56.73,-999.0,-999.0,-999.0,-999.0,-999.0,-999.0,-999.0,-999.0,-999.0,-999.0,-999,-999.0,-999.0,-999.0,-999.0,-999.0,-999.0,-999.0
Rodentia,Sciuridae,Spermophilus,adocetus,Spermophilus adocetus,-999,155.52,-999.0,177.47,-999.0,-999.0,-999.0,-999.0,2,-999.0,-999.0,2,-999.0,-999.0,-999.0,-999.0,-999.0,-999.0,-999.0,-999.0,-999.0,-999.0,-999.0,-999.0,-999,1,1,-999.0,-999.0,-999,339;2655,-999.0,-999.0,-999.0,-999.0,31030.21,19.44,17.93,18.68,-99.46,-103.0,-101.23,9,41.11,14.0,0.08,95.75,221.76,875.59,1542.28
Rodentia,Heteromyidae,Chaetodipus,artus,Chaetodipus artus,-999,-999.0,-999.0,88.81,-999.0,-999.0,-999.0,-999.0,1,-999.0,-999.0,-999,-999.0,-999.0,-999.0,-999.0,-999.0,-999.0,-999.0,-999.0,-999.0,-999.0,-999.0,-999.0,-999,-999,1,-999.0,-999.0,-999,315,22.03,-999.0,-999.0,-999.0,89639.36,28.1,22.34,25.22,-105.29,-109.84,-107.57,2,30.76,4.0,0.08,39.44,195.18,775.7,1422.34
Rodentia,Cricetidae,Brucepattersonius,soricinus,Brucepattersonius soricinus,-999,-999.0,-999.0,-999.0,-999.0,-999.0,-999.0,-999.0,-999,-999.0,-999.0,-999,-999.0,-999.0,-999.0,-999.0,-999.0,-999.0,-999.0,-999.0,-999.0,-999.0,-999.0,-999.0,-999,-999,-999,-999.0,-999.0,-999,-999,-999.0,-999.0,-999.0,-999.0,-999.0,-999.0,-999.0,-999.0,-999.0,-999.0,-999.0,-999,-999.0,-999.0,-999.0,-999.0,-999.0,-999.0,-999.0
Artiodactyla,Bovidae,Nanger,granti,Nanger granti,2,55464.46,-999.0,1529.99,-999.0,-999.0,-999.0,-999.0,2,-999.0,191.21,1,-999.0,-999.0,-999.0,1.0,-999.0,152.04,5215.17,-999.0,3.92,40.0,249.81,-999.0,-999,1,1,-999.0,-999.0,-999,730;869;917;1052;1297;1525;1848;2655;2693;2986,-999.0,-999.0,-999.0,-999.0,963156.39,8.32,-7.75,0.28,42.35,33.54,37.94,1,40.52,1.0,0.12,58.07,231.78,853.79,1545.15
Carnivora,Procyonidae,Bassariscus,astutus,Bassariscus astutus,1,1010.37,-999.0,338.98,33.12,365.0,-999.0,-999.0,6,180.0,54.23,1,0.74,0.78,365.0,3.0,1.0,198.0,27.74,-999.0,3.58,-999.0,278.08,-999.0,4,1,2,53.84,258.7,-999,543;730;1113;1297;1573;2151;2655,-999.0,-999.0,-999.0,-999.0,3916072.44,43.65,15.64,29.65,-91.33,-124.56,-107.94,0,37.3,0.0,0.09,45.32,153.99,580.64,1152.3
Chiroptera,Hipposideridae,Coelops,robinsoni,Coelops robinsoni,-999,6.5,34.99,-999.0,-999.0,-999.0,-999.0,-999.0,1,-999.0,-999.0,1,-999.0,-999.0,-999.0,-999.0,-999.0,-999.0,-999.0,-999.0,-999.0,-999.0,-999.0,-999.0,-999,2,3,-999.0,-999.0,-999,679;1658;2151;2622;2655,-999.0,-999.0,-999.0,-999.0,136979.46,12.99,-2.99,4.99,125.23,99.59,112.41,2,23.61,3.0,0.2,253.05,227.43,1682.42,1693.05
Carnivora,Mustelidae,Mustela,sibirica,Mustela sibirica,2,530.85,-999.0,305.96,27.94,-999.0,-999.0,-999.0,1,89.99,30.12,1,3.41,4.08,-999.0,6.48,-999.0,106.0,-999.0,-999.0,-999.0,-999.0,-999.0,-999.0,-999,1,3,58.2,-999.0,-999,543;1113;1297;2655,-999.0,-999.0,-999.0,-999.0,20179461.96,61.33,15.59,38.46,141.54,52.2,96.87,0,78.36,0.0,0.04,45.25,22.48,439.75,672.32
Rodentia,Thryonomyidae,Thryonomys,swinderianus,Thryonomys swinderianus,1,3750.85,-999.0,-999.0,0.0,456.25,-999.0,-999.0,2,-999.0,125.76,1,-999.0,-999.0,-999.0,3.88,2.0,51.6,118.89,-999.0,-999.0,-999.0,175.38,1.0,-999,1,1,25.17,433.7,-999,130;543;923;1297;1594;1849;2629;2655;2903,-999.0,-999.0,-999.0,-999.0,13000746.74,16.63,-33.88,-8.62,40.84,-16.79,12.02,0,36.4,1.0,0.14,103.67,238.94,1010.87,1535.59
Chiroptera,Phyllostomidae,Sphaeronycteris,toxophyllum,Sphaeronycteris toxophyllum,-999,16.06,38.49,-999.0,-999.0,-999.0,-999.0,-999.0,1,-999.0,-999.0,1,-999.0,-999.0,-999.0,-999.0,-999.0,-999.0,-999.0,-999.0,-999.0,-999.0,-999.0,-999.0,-999,2,1,-999.0,-999.0,-999,196;1658;2151;2622;2655;2719,-999.0,-999.0,-999.0,-999.0,4763066.63,12.19,-16.78,-2.29,-58.55,-75.36,-66.96,0,11.71,0.0,0.14,173.21,245.88,1440.01,1593.99
Chiroptera,Molossidae,Eumops,hansae,Eumops hansae,-999,15.47,38.29,-999.0,-999.0,-999.0,-999.0,-999.0,-999,-999.0,-999.0,1,-999.0,-999.0,-999.0,-999.0,-999.0,-999.0,-999.0,-999.0,-999.0,-999.0,-999.0,-999.0,-999,2,-999,-999.0,-999.0,-999,1432;1658;2151;2622;2655,-999.0,-999.0,-999.0,-999.0,4648064.88,12.46,-15.75,-1.64,-56.53,-83.97,-70.25,0,14.83,0.0,0.14,164.8,248.67,1435.44,1620.69
Soricomorpha,Soricidae,Crocidura,grandiceps,Crocidura grandiceps,-999,23.0,-999.0,-999.0,-999.0,-999.0,-999.0,-999.0,-999,-999.0,-999.0,-999,-999.0,-999.0,-999.0,-999.0,-999.0,-999.0,-999.0,-999.0,-999.0,-999.0,-999.0,-999.0,-999,-999,-999,-999.0,-999.0,-999,2655,-999.0,-999.0,-999.0,-999.0,444066.2,9.63,4.27,6.95,8.73,-9.97,-0.61,4,140.04,16.5,0.15,143.68,258.56,1282.64,1577.04
Carnivora,Canidae,Dusicyon,australis,Dusicyon australis,-999,-999.0,-999.0,957.14,-999.0,-999.0,-999.0,-999.0,1,-999.0,-999.0,1,-999.0,-999.0,-999.0,-999.0,-999.0,-999.0,-999.0,-999.0,-999.0,-999.0,-999.0,-999.0,-999,1,3,-999.0,-999.0,-999,1113,21083.0,-999.0,-999.0,-999.0,-999.0,-999.0,-999.0,-999.0,-999.0,-999.0,-999.0,-999,-999.0,-999.0,-999.0,-999.0,-999.0,-999.0,-999.0
Primates,Cheirogaleidae,Cheirogaleus,minusculus,Cheirogaleus minusculus,-999,-999.0,-999.0,-999.0,-999.0,-999.0,-999.0,-999.0,-999,-999.0,-999.0,-999,-999.0,-999.0,-999.0,-999.0,-999.0,-999.0,-999.0,-999.0,-999.0,-999.0,-999.0,-999.0,-999,-999,-999,-999.0,-999.0,-999,-999,-999.0,-999.0,-999.0,-999.0,805.63,-20.33,-20.62,-20.48,47.35,47.05,47.2,60,66.0,60.0,0.16,144.48,152.5,1267.91,1474.98
Primates,Cercopithecidae,Presbytis,siamensis,Presbytis siamensis,3,5895.06,-999.0,510.0,-999.0,-999.0,-999.0,-999.0,-999,-999.0,-999.0,-999,-999.0,-999.0,-999.0,-999.0,-999.0,-999.0,-999.0,-999.0,-999.0,-999.0,-999.0,-999.0,-999,-999,-999,-999.0,-999.0,-999,1544;1848,-999.0,-999.0,-999.0,-999.0,87550.36,6.3,-2.7,1.8,104.66,99.35,102.01,3,95.33,8.0,0.12,214.58,254.07,1691.11,1777.86
Primates,Cercopithecidae,Presbytis,chrysomelas,Presbytis chrysomelas,-999,-999.0,-999.0,-999.0,-999.0,-999.0,-999.0,-999.0,-999,-999.0,-999.0,-999,-999.0,-999.0,-999.0,-999.0,-999.0,-999.0,-999.0,-999.0,-999.0,-999.0,-999.0,-999.0,-999,-999,-999,-999.0,-999.0,-999,-999,-999.0,-999.0,-999.0,-999.0,74224.44,6.16,1.02,3.59,116.65,109.82,113.24,2,45.01,3.0,0.14,284.35,242.31,1702.77,1729.85
Lagomorpha,Leporidae,Lepus,townsendii,Lepus townsendii,1,3371.64,-999.0,512.99,-999.0,-999.0,1506.5,2620.0,2,-999.0,40.73,-999,-999.0,-999.0,-999.0,4.49,3.29,96.0,89.99,-999.0,5.17,-999.0,281.14,1.0,-999,-999,1,29.23,736.99,-999,95;730;989;1004;1297;1788;1822;1849;2124;2655,-999.0,-999.0,-999.0,-999.0,3453779.03,54.66,36.04,45.35,-88.06,-122.06,-105.06,0,8.72,0.0,0.04,37.0,53.03,440.7,706.97
Rodentia,Echimyidae,Trinomys,dimidiatus,Trinomys dimidiatus,-999,167.6,-999.0,197.69,-999.0,-999.0,-999.0,-999.0,-999,-999.0,-999.0,-999,-999.0,-999.0,-999.0,2.0,-999.0,-999.0,-999.0,-999.0,-999.0,-999.0,-999.0,-999.0,-999,-999,-999,-999.0,-999.0,-999,2264;2655,-999.0,-999.0,-999.0,-999.0,63705.5,-21.18,-23.88,-22.53,-41.04,-46.18,-43.61,34,423.15,39.0,0.04,135.72,188.36,1218.2,1398.12
Soricomorpha,Soricidae,Crocidura,religiosa,Crocidura religiosa,-999,7.0,-999.0,-999.0,-999.0,-999.0,-999.0,-999.0,-999,-999.0,-999.0,-999,-999.0,-999.0,-999.0,-999.0,-999.0,-999.0,-999.0,-999.0,-999.0,-999.0,-999.0,-999.0,-999,-999,-999,-999.0,-999.0,-999,2655,-999.0,-999.0,-999.0,-999.0,190264.68,31.28,23.22,27.25,33.8,29.85,31.83,0,198.59,0.0,0.07,1.07,219.09,21.67,1249.37
Rodentia,Dasyproctidae,Dasyprocta,cristata,Dasyprocta cristata,3,2650.03,-999.0,-999.0,0.0,-999.0,-999.0,-999.0,3,-999.0,-999.0,1,-999.0,-999.0,-999.0,2.0,-999.0,-999.0,-999.0,-999.0,-999.0,-999.0,-999.0,-999.0,-999,1,1,140.0,-999.0,-999,1297;2151;2655,-999.0,-999.0,-999.0,-999.0,-999.0,-999.0,-999.0,-999.0,-999.0,-999.0,-999.0,-999,-999.0,-999.0,-999.0,-999.0,-999.0,-999.0,-999.0
Rodentia,Muridae,Grammomys,gigas,Grammomys gigas,-999,-999.0,-999.0,-999.0,-999.0,-999.0,-999.0,-999.0,-999,-999.0,-999.0,-999,-999.0,-999.0,-999.0,-999.0,-999.0,-999.0,-999.0,-999.0,-999.0,-999.0,-999.0,-999.0,-999,-999,-999,-999.0,-999.0,-999,-999,-999.0,-999.0,-999.0,-999.0,1961.7,0.37,-0.01,0.17,37.12,36.62,36.87,28,85.25,28.0,0.18,62.5,147.5,968.75,1478.0
Chiroptera,Molossidae,Promops,nasutus,Promops nasutus,-999,15.5,47.29,-999.0,-999.0,-999.0,-999.0,-999.0,1,-999.0,-999.0,1,-999.0,-999.0,-999.0,-999.0,-999.0,-999.0,3.57,-999.0,-999.0,-999.0,-999.0,-999.0,-999,2,3,-999.0,-999.0,-999,197;890;1432;1658;2151;2622;2655,-999.0,-999.0,-999.0,-999.0,8264473.62,10.84,-33.21,-11.18,-41.85,-81.35,-61.6,0,11.88,0.0,0.11,137.94,224.26,1238.1,1469.52
Chiroptera,Hipposideridae,Hipposideros,lylei,Hipposideros lylei,-999,40.0,78.5,-999.0,-999.0,-999.0,-999.0,-999.0,1,-999.0,-999.0,1,-999.0,-999.0,-999.0,-999.0,-999.0,-999.0,-999.0,-999.0,-999.0,-999.0,-999.0,-999.0,-999,2,3,-999.0,-999.0,-999,679;1658;2151;2622;2655,-999.0,-999.0,-999.0,-999.0,428641.22,22.25,2.16,12.21,103.4,96.41,99.9,3,72.84,8.0,0.08,161.24,237.94,1227.28,1642.42
Artiodactyla,Bovidae,Pseudois,schaeferi,Pseudois schaeferi,-999,29249.99,-999.0,-999.0,-999.0,-999.0,-999.0,-999.0,-999,-999.0,-999.0,1,-999.0,-999.0,-999.0,-999.0,-999.0,-999.0,-999.0,-999.0,-999.0,6.5,-999.0,-999.0,-999,1,-999,-999.0,-999.0,-999,2655;2963,-999.0,-999.0,-999.0,-999.0,61143.76,32.97,28.14,30.55,99.57,97.52,98.54,2,5.54,3.0,0.04,160.67,-11.81,618.76,889.23
Rodentia,Heteromyidae,Dipodomys,microps,Dipodomys microps,1,56.26,-999.0,112.47,-999.0,-999.0,60.15,55.7,3,-999.0,30.99,2,0.03,0.03,-999.0,2.37,1.0,-999.0,4.0,-999.0,1160.36,-999.0,147.92,-999.0,5,1,2,21.0,21.0,-999,728;730;1215;1296;1297;1514;1576;1577;1822;2655,-999.0,-999.0,-999.0,-999.0,392813.73,43.92,33.69,38.81,-111.36,-121.05,-116.2,0,9.8,0.0,0.12,20.55,88.12,268.17,955.19
Chiroptera,Vespertilionidae,Falsistrellus,petersi,Falsistrellus petersi,-999,-999.0,38.99,-999.0,-999.0,-999.0,-999.0,-999.0,-999,-999.0,-999.0,1,-999.0,-999.0,-999.0,-999.0,-999.0,-999.0,-999.0,-999.0,-999.0,-999.0,-999.0,-999.0,-999,2,-999,-999.0,-999.0,-999,1658;2151,9.05,-999.0,-999.0,-999.0,1100518.03,18.65,-5.7,6.47,128.34,108.83,118.59,1,85.72,4.0,0.14,246.75,238.56,1657.49,1729.28
Chiroptera,Pteropodidae,Pteropus,melanotus,Pteropus melanotus,-999,-999.0,148.6,-999.0,-999.0,-999.0,-999.0,-999.0,-999,-999.0,156.43,1,-999.0,-999.0,-999.0,1.0,1.0,-999.0,-999.0,-999.0,-999.0,1000.0,210.45,-999.0,-999,2,-999,-999.0,-999.0,-999,212;1658;2017;2151,418.05,-999.0,-999.0,-999.0,5919.16,13.33,-10.57,1.37,105.71,92.16,98.94,0,71.35,14.0,0.16,277.5,261.49,-999.0,-999.0
Chiroptera,Molossidae,Cynomops,greenhalli,Cynomops greenhalli,-999,15.87,35.49,-999.0,-999.0,-999.0,-999.0,-999.0,1,-999.0,-999.0,1,-999.0,-999.0,-999.0,0.99,-999.0,-999.0,-999.0,-999.0,-999.0,-999.0,-999.0,-999.0,-999,2,3,-999.0,-999.0,-999,196;1297;1658;2151;2622;2655,-999.0,-999.0,-999.0,-999.0,1848057.21,12.46,-10.41,1.02,-34.79,-80.1,-57.45,0,52.15,0.0,0.1,148.42,248.11,1313.54,1666.55
Primates,Pitheciidae,Callicebus,bernhardi,Callicebus bernhardi,-999,-999.0,-999.0,-999.0,-999.0,-999.0,-999.0,-999.0,-999,-999.0,-999.0,-999,-999.0,-999.0,-999.0,-999.0,-999.0,-999.0,-999.0,-999.0,-999.0,-999.0,-999.0,-999.0,-999,-999,-999,-999.0,-999.0,-999,-999,-999.0,-999.0,-999.0,-999.0,-999.0,-999.0,-999.0,-999.0,-999.0,-999.0,-999.0,-999,-999.0,-999.0,-999.0,-999.0,-999.0,-999.0,-999.0
Primates,Pitheciidae,Callicebus,olallae,Callicebus olallae,3,992.4,-999.0,-999.0,-999.0,-999.0,-999.0,-999.0,-999,-999.0,-999.0,1,-999.0,-999.0,-999.0,1.02,-999.0,-999.0,-999.0,-999.0,-999.0,-999.0,-999.0,1.0,-999,2,-999,-999.0,-999.0,-999,1605;1633;2151;2655,-999.0,-999.0,-999.0,-999.0,17288.42,-14.25,-15.67,-14.96,-65.93,-67.39,-66.66,1,2.76,1.0,0.47,119.01,225.42,1432.14,1548.82
Rodentia,Cricetidae,Microtus,tatricus,Microtus tatricus,-999,-999.0,-999.0,-999.0,-999.0,-999.0,-999.0,-999.0,-999,-999.0,-999.0,-999,-999.0,-999.0,-999.0,2.91,-999.0,-999.0,-999.0,-999.0,-999.0,-999.0,-999.0,-999.0,-999,-999,-999,-999.0,-999.0,-999,1297,-999.0,-999.0,-999.0,-999.0,95800.84,50.0,46.74,48.37,25.62,18.41,22.02,50,112.28,56.0,0.001320663,60.87,55.71,537.62,547.2
Rodentia,Sciuridae,Spermophilus,tereticaudus,Spermophilus tereticaudus,3,147.57,-999.0,154.53,28.0,-999.0,93.52,167.0,4,-999.0,27.57,2,0.01,0.01,-999.0,6.32,1.0,-999.0,3.84,-999.0,1456.02,-999.0,324.83,-999.0,10,1,2,34.8,-999.0,-999,808;831;911;1020;1297;1822;1849;1977;2111;2418;2655,-999.0,-999.0,-999.0,-999.0,315363.67,37.02,27.07,32.04,-109.56,-117.36,-113.46,0,24.88,0.0,0.16,17.01,180.35,289.46,1143.83
Dasyuromorphia,Dasyuridae,Micromurexia,habbema,Micromurexia habbema,1,-999.0,-999.0,110.07,-999.0,-999.0,-999.0,-999.0,-999,-999.0,-999.0,2,-999.0,-999.0,-999.0,-999.0,-999.0,-999.0,-999.0,-999.0,-999.0,-999.0,-999.0,-999.0,-999,1,-999,-999.0,-999.0,-999,977;3083;3084,40.94,-999.0,-999.0,-999.0,27671.72,-3.93,-6.54,-5.23,145.38,137.73,141.56,3,16.49,4.0,0.14,334.09,158.86,1642.1,1643.55
Rodentia,Bathyergidae,Cryptomys,amatus,Cryptomys amatus,-999,76.74,-999.0,-999.0,-999.0,-999.0,48.51,77.0,-999,-999.0,95.0,-999,-999.0,-999.0,-999.0,-999.0,-999.0,-999.0,-999.0,-999.0,-999.0,-999.0,-999.0,-999.0,-999,-999,-999,-999.0,-999.0,-999,248;250;1822,-999.0,-999.0,-999.0,-999.0,-999.0,-999.0,-999.0,-999.0,-999.0,-999.0,-999.0,-999,-999.0,-999.0,-999.0,-999.0,-999.0,-999.0,-999.0
Diprotodontia,Macropodidae,Macropus,eugenii,Macropus eugenii,-999,5278.48,-999.0,-999.0,-999.0,319.37,1385.65,4837.0,-999,-999.0,29.89,1,-999.0,-999.0,365.0,1.01,1.0,168.0,0.44,-999.0,73.86,-999.0,413.84,8.0,-999,1,-999,315.0,1048.8,-999,543;682;833;955;1297;1412;1501;1760;1822;1848;2483;2484;2509;2655;2986,-999.0,-999.0,-999.0,-999.0,94354.1,-28.42,-36.07,-32.25,138.13,113.67,125.9,0,7.96,0.0,-0.004535152,41.77,154.09,404.73,1081.21
Erinaceomorpha,Erinaceidae,Atelerix,sclateri,Atelerix sclateri,1,-999.0,-999.0,129.99,-999.0,-999.0,-999.0,-999.0,-999,-999.0,-999.0,-999,-999.0,-999.0,-999.0,-999.0,-999.0,-999.0,-999.0,-999.0,-999.0,-999.0,-999.0,-999.0,-999,-999,-999,-999.0,-999.0,-999,678;1456,66.17,-999.0,-999.0,-999.0,198274.28,11.98,6.32,9.15,51.41,45.44,48.42,1,5.95,2.0,0.04,12.2,245.23,155.21,1766.15
Soricomorpha,Talpidae,Talpa,caeca,Talpa caeca,2,71.08,-999.0,120.0,-999.0,-999.0,-999.0,-999.0,1,-999.0,-999.0,2,-999.0,-999.0,-999.0,-999.0,-999.0,-999.0,-999.0,-999.0,4999.99,1.0,-999.0,-999.0,-999,1,3,-999.0,-999.0,-999,2131;2655,-999.0,-999.0,-999.0,-999.0,101761.83,46.97,38.47,42.72,29.42,7.13,18.28,30,194.22,38.0,0.00260132,76.88,94.66,571.04,839.91
Artiodactyla,Cervidae,Axis,calamianensis,Axis calamianensis,3,39812.6,-999.0,1387.44,-999.0,-999.0,-999.0,-999.0,-999,-999.0,224.0,-999,-999.0,-999.0,-999.0,2.0,-999.0,-999.0,-999.0,-999.0,-999.0,-999.0,-999.0,-999.0,-999,-999,-999,-999.0,-999.0,-999,899;2152;2655;3010,-999.0,-999.0,-999.0,-999.0,1345.4,12.33,11.66,11.99,120.34,119.84,120.09,29,36.99,29.0,0.21,-999.0,-999.0,-999.0,-999.0
Cetacea,Delphinidae,Grampus,griseus,Grampus griseus,-999,387500.0,-999.0,-999.0,-999.0,-999.0,-999.0,-999.0,1,-999.0,365.0,1,-999.0,-999.0,-999.0,0.97,-999.0,240.0,-999.0,-999.0,-999.0,10.0,-999.0,-999.0,-999,-999,3,-999.0,-999.0,-999,56;172;218;543;890;1297;2151;2409;2655,-999.0,-999.0,-999.0,-999.0,-999.0,-999.0,-999.0,-999.0,-999.0,-999.0,-999.0,-999,-999.0,-999.0,-999.0,-999.0,-999.0,-999.0,-999.0
Cingulata,Dasypodidae,Dasypus,hybridus,Dasypus hybridus,-999,1500.0,-999.0,-999.0,-999.0,-999.0,-999.0,-999.0,3,-999.0,126.4,2,-999.0,-999.0,-999.0,8.36,-999.0,-999.0,-999.0,-999.0,-999.0,-999.0,-999.0,-999.0,-999,1,2,-999.0,-999.0,-999,890;1297;2151;2655,-999.0,-999.0,-999.0,-999.0,3810966.6,-12.93,-37.87,-25.4,-48.46,-69.7,-59.08,0,20.2,0.0,0.09,89.44,189.8,967.86,1215.55
Lagomorpha,Leporidae,Lepus,microtis,Lepus microtis,1,1763.61,-999.0,450.0,-999.0,-999.0,-999.0,-999.0,3,-999.0,-999.0,-999,-999.0,-999.0,-999.0,1.56,-999.0,-999.0,-999.0,-999.0,95.0,-999.0,-999.0,-999.0,-999,-999,1,-999.0,-999.0,-999,989;1600;2655,-999.0,-999.0,-999.0,-999.0,12414839.45,29.95,-32.48,-1.26,40.84,-17.53,11.65,0,33.81,1.0,0.13,77.99,238.46,815.86,1529.42
Chiroptera,Pteropodidae,Acerodon,jubatus,Acerodon jubatus,-999,1087.04,188.04,-999.0,-999.0,-999.0,-999.0,-999.0,2,-999.0,-999.0,1,-999.0,-999.0,-999.0,1.0,1.0,-999.0,-999.0,-999.0,-999.0,1000.0,-999.0,-999.0,-999,2,1,-999.0,-999.0,-999,79;679;1015;1309;1439;1658;2017;2151;2655;2885,-999.0,-999.0,-999.0,-999.0,261660.73,18.65,5.55,12.1,126.6,119.74,123.17,19,238.14,34.0,0.1,202.52,242.33,1471.66,1734.15
Rodentia,Nesomyidae,Saccostomus,mearnsi,Saccostomus mearnsi,-999,64.91,-999.0,-999.0,-999.0,-999.0,-999.0,-999.0,3,-999.0,-999.0,-999,0.001303656,0.001199428,-999.0,5.75,-999.0,-999.0,-999.0,-999.0,3611.61,-999.0,-999.0,-999.0,-999,-999,2,-999.0,-999.0,-999,1297;1586;2655,-999.0,-999.0,-999.0,-999.0,497929.52,7.01,-4.51,1.24,42.79,34.16,38.48,1,46.97,1.0,0.1,55.95,238.94,851.3,1552.88
Rodentia,Echimyidae,Boromys,offella,Boromys offella,-999,-999.0,-999.0,-999.0,-999.0,-999.0,-999.0,-999.0,-999,-999.0,-999.0,-999,-999.0,-999.0,-999.0,-999.0,-999.0,-999.0,-999.0,-999.0,-999.0,-999.0,-999.0,-999.0,-999,-999,-999,-999.0,-999.0,-999,-999,-999.0,-999.0,-999.0,-999.0,-999.0,-999.0,-999.0,-999.0,-999.0,-999.0,-999.0,-999,-999.0,-999.0,-999.0,-999.0,-999.0,-999.0,-999.0
Rodentia,Sciuridae,Tamiops,maritimus,Tamiops maritimus,-999,66.77,-999.0,132.31,-999.0,-999.0,-999.0,-999.0,-999,-999.0,-999.0,-999,-999.0,-999.0,-999.0,2.59,-999.0,-999.0,-999.0,-999.0,-999.0,-999.0,-999.0,-999.0,-999,-999,-999,-999.0,-999.0,-999,3121,-999.0,-999.0,-999.0,-999.0,822488.85,30.61,10.69,20.65,122.13,101.02,111.58,7,303.77,15.0,0.08,128.03,188.09,1123.13,1270.56
Rodentia,Echimyidae,Dactylomys,dactylinus,Dactylomys dactylinus,1,649.98,-999.0,285.02,-999.0,-999.0,-999.0,-999.0,2,-999.0,-999.0,1,0.001669342,0.001855271,-999.0,-999.0,-999.0,-999.0,-999.0,-999.0,-999.0,-999.0,-999.0,2.0,-999,2,2,-999.0,-999.0,-999,902;905;2151;2655,-999.0,-999.0,-999.0,-999.0,2786239.5,4.06,-17.47,-6.7,-53.95,-78.9,-66.42,0,3.47,0.0,0.12,182.74,250.16,1458.05,1557.92
Rodentia,Echimyidae,Proechimys,gardneri,Proechimys gardneri,-999,-999.0,-999.0,-999.0,-999.0,-999.0,-999.0,-999.0,-999,-999.0,-999.0,-999,-999.0,-999.0,-999.0,-999.0,-999.0,-999.0,-999.0,-999.0,-999.0,-999.0,-999.0,-999.0,-999,-999,-999,-999.0,-999.0,-999,-999,-999.0,-999.0,-999.0,-999.0,-999.0,-999.0,-999.0,-999.0,-999.0,-999.0,-999.0,-999,-999.0,-999.0,-999.0,-999.0,-999.0,-999.0,-999.0
Carnivora,Herpestidae,Herpestes,smithii,Herpestes smithii,1,1702.5,-999.0,406.27,-999.0,-999.0,-999.0,-999.0,6,-999.0,-999.0,1,-999.0,-999.0,-999.0,2.5,-999.0,-999.0,-999.0,-999.0,-999.0,-999.0,-999.0,-999.0,-999,1,2,-999.0,-999.0,-999,1113;2655,-999.0,-999.0,-999.0,-999.0,1629561.03,24.51,5.91,15.21,87.87,72.5,80.19,22,321.15,90.0,0.08,99.82,258.68,822.86,1539.3
Chiroptera,Molossidae,Otomops,papuensis,Otomops papuensis,-999,-999.0,49.99,-999.0,-999.0,-999.0,-999.0,-999.0,-999,-999.0,-999.0,1,-999.0,-999.0,-999.0,-999.0,-999.0,-999.0,-999.0,-999.0,-999.0,-999.0,-999.0,-999.0,-999,2,-999,-999.0,-999.0,-999,1658;2151,18.45,-999.0,-999.0,-999.0,24515.96,-7.58,-9.96,-8.77,149.05,145.31,147.18,2,8.74,2.0,0.06,203.37,209.25,1701.75,1701.75
Artiodactyla,Bovidae,Tragelaphus,strepsiceros,Tragelaphus strepsiceros,3,206056.41,-999.0,2199.99,-999.0,912.5,-999.0,-999.0,2,-999.0,220.94,1,835.1,783.47,365.0,1.0,-999.0,276.0,15366.57,-999.0,1.06,-999.0,665.38,12.0,-999,1,1,182.5,-999.0,-999,453;543;730;854;869;1297;1525;1573;1577;1848;2629;2655;2693;2986,-999.0,1.1,-999.0,-999.0,6476879.55,20.14,-34.05,-6.95,47.94,12.44,30.19,0,24.17,1.0,0.14,61.83,215.34,732.24,1469.28
Afrosoricida,Chrysochloridae,Amblysomus,corriae,Amblysomus corriae,-999,-999.0,-999.0,-999.0,-999.0,-999.0,-999.0,-999.0,-999,-999.0,-999.0,-999,-999.0,-999.0,-999.0,-999.0,-999.0,-999.0,-999.0,-999.0,-999.0,-999.0,-999.0,-999.0,-999,-999,-999,-999.0,-999.0,-999,-999,-999.0,-999.0,-999.0,-999.0,47134.97,-32.9,-34.36,-33.63,22.62,18.42,20.52,1,60.95,1.0,0.06,34.4,151.12,463.12,1219.81
Chiroptera,Molossidae,Tomopeas,ravus,Tomopeas ravus,-999,-999.0,32.99,-999.0,-999.0,-999.0,-999.0,-999.0,-999,-999.0,-999.0,2,-999.0,-999.0,-999.0,-999.0,-999.0,-999.0,-999.0,-999.0,-999.0,-999.0,-999.0,-999.0,-999,2,-999,-999.0,-999.0,-999,890;1658;2151,5.61,-999.0,-999.0,-999.0,207270.61,-4.31,-16.16,-10.23,-73.77,-81.35,-77.56,2,83.17,4.0,0.07,33.35,103.38,544.12,1330.85
Chiroptera,Molossidae,Nyctinomops,femorosaccus,Nyctinomops femorosaccus,-999,15.04,47.5,-999.0,-999.0,-999.0,-999.0,-999.0,1,-999.0,-999.0,1,-999.0,-999.0,-999.0,0.99,1.0,-999.0,-999.0,-999.0,-999.0,-999.0,-999.0,-999.0,-999,2,3,-999.0,-999.0,-999,1297;1658;1685;1690;2151;2655,-999.0,-999.0,-999.0,-999.0,1257778.48,34.52,17.9,26.21,-100.6,-118.0,-109.3,0,32.89,1.0,0.11,31.84,178.07,510.32,1226.47
Artiodactyla,Suidae,Phacochoerus,africanus,Phacochoerus africanus,3,82499.99,-999.0,1355.54,-999.0,-999.0,-999.0,-999.0,1,-999.0,172.49,-999,1.55,-999.0,-999.0,-999.0,-999.0,180.0,-999.0,-999.0,-999.0,-999.0,-999.0,-999.0,4,-999,1,-999.0,-999.0,-999,760;1848;2655,-999.0,-999.0,-999.0,-999.0,11093470.88,18.77,-32.0,-6.61,44.87,-17.53,13.66,0,33.08,1.0,0.13,86.12,233.01,891.76,1524.23
Chiroptera,Rhinolophidae,Rhinolophus,pusillus,Rhinolophus pusillus,-999,5.15,37.59,-999.0,-999.0,-999.0,-999.0,-999.0,1,-999.0,-999.0,1,-999.0,-999.0,-999.0,1.0,-999.0,-999.0,-999.0,-999.0,-999.0,-999.0,-999.0,-999.0,-999,2,3,-999.0,-999.0,-999,83;196;679;1621;1658;2151;2655,-999.0,-999.0,-999.0,-999.0,459599.24,30.75,9.95,20.35,119.25,76.23,97.74,1,284.98,11.0,0.08,101.35,198.87,924.58,1349.44
Lagomorpha,Leporidae,Lepus,fagani,Lepus fagani,-999,-999.0,-999.0,-999.0,-999.0,-999.0,-999.0,-999.0,-999,-999.0,-999.0,-999,-999.0,-999.0,-999.0,-999.0,-999.0,-999.0,-999.0,-999.0,-999.0,-999.0,-999.0,-999.0,-999,-999,-999,-999.0,-999.0,-999,-999,-999.0,-999.0,-999.0,-999.0,693873.4,14.88,3.34,9.11,40.11,31.64,35.87,1,44.64,3.0,0.11,85.47,228.74,940.3,1521.56
Chiroptera,Pteropodidae,Acerodon,celebensis,Acerodon celebensis,-999,384.84,133.5,201.25,-999.0,-999.0,-999.0,-999.0,-999,-999.0,-999.0,1,-999.0,-999.0,-999.0,0.98,-999.0,-999.0,-999.0,-999.0,-999.0,-999.0,-999.0,-999.0,-999,2,-999,-999.0,-999.0,-999,978;1297;1658;2151;2655,-999.0,-999.0,-999.0,-999.0,173613.3,3.74,-6.49,-1.37,126.34,118.75,122.55,5,92.68,17.0,0.07,229.41,215.47,1812.6,1909.15
Chiroptera,Rhinolophidae,Rhinolophus,deckenii,Rhinolophus deckenii,-999,-999.0,51.5,-999.0,-999.0,-999.0,-999.0,-999.0,-999,-999.0,-999.0,1,-999.0,-999.0,-999.0,-999.0,-999.0,-999.0,-999.0,-999.0,-999.0,-999.0,-999.0,-999.0,-999,2,-999,-999.0,-999.0,-999,1658;2151,20.09,-999.0,-999.0,-999.0,184645.35,-3.21,-9.9,-6.56,39.95,36.1,38.03,2,85.59,2.0,0.15,81.0,245.59,1001.49,1602.2
Didelphimorphia,Didelphidae,Marmosops,cracens,Marmosops cracens,1,26.26,-999.0,105.0,-999.0,-999.0,-999.0,-999.0,-999,-999.0,-999.0,-999,-999.0,-999.0,-999.0,-999.0,-999.0,-999.0,-999.0,-999.0,-999.0,-999.0,-999.0,-999.0,-999,-999,-999,-999.0,-999.0,-999,889;1760;2655,-999.0,-999.0,-999.0,-999.0,4912.21,11.34,10.64,10.99,-68.41,-69.54,-68.97,15,30.86,15.0,0.07,72.84,273.5,1168.85,1999.22
Chiroptera,Hipposideridae,Hipposideros,macrobullatus,Hipposideros macrobullatus,-999,-999.0,41.49,-999.0,-999.0,-999.0,-999.0,-999.0,1,-999.0,-999.0,1,-999.0,-999.0,-999.0,-999.0,-999.0,-999.0,-999.0,-999.0,-999.0,-999.0,-999.0,-999.0,-999,2,3,-999.0,-999.0,-999,679;1658;2151,10.82,-999.0,-999.0,-999.0,2348.21,-2.84,-7.01,-4.92,129.58,115.19,122.39,23,204.5,23.0,0.03,256.52,227.0,-999.0,-999.0
Lagomorpha,Leporidae,Lepus,corsicanus,Lepus corsicanus,-999,-999.0,-999.0,-999.0,-999.0,-999.0,-999.0,-999.0,-999,-999.0,-999.0,-999,-999.0,-999.0,-999.0,-999.0,-999.0,-999.0,-999.0,-999.0,-999.0,-999.0,-999.0,-999.0,-999,-999,-999,-999.0,-999.0,-999,-999,-999.0,-999.0,-999.0,-999.0,52093.48,42.45,36.76,39.61,16.83,12.48,14.66,64,190.64,73.0,0.004695108,69.15,147.19,560.31,1034.28
Rodentia,Geomyidae,Geomys,bursarius,Geomys bursarius,2,203.75,-999.0,177.03,-999.0,-999.0,194.05,237.5,3,-999.0,18.5,2,-999.0,-999.0,-999.0,3.14,1.0,86.4,5.11,-999.0,1250.0,-999.0,92.8,1.0,-999,1,1,34.9,22.5,-999,231;247;296;543;740;1297;1822;1849;2151;2655;2918,-999.0,-999.0,-999.0,-999.0,1538126.84,49.73,31.31,40.52,-86.93,-105.26,-96.1,0,21.33,1.0,0.02,52.96,108.45,657.5,851.88
Chiroptera,Rhinopomatidae,Rhinopoma,macinnesi,Rhinopoma macinnesi,-999,-999.0,-999.0,-999.0,-999.0,-999.0,-999.0,-999.0,-999,-999.0,-999.0,-999,-999.0,-999.0,-999.0,-999.0,-999.0,-999.0,-999.0,-999.0,-999.0,-999.0,-999.0,-999.0,-999,-999,-999,-999.0,-999.0,-999,-999,-999.0,-999.0,-999.0,-999.0,1809957.25,13.13,-1.95,5.59,51.41,30.48,40.94,1,19.38,2.0,0.08,45.48,252.19,640.12,1653.24
Didelphimorphia,Didelphidae,Monodelphis,dimidiata,Monodelphis dimidiata,2,44.56,-999.0,99.6,-999.0,365.0,-999.0,-999.0,5,-999.0,-999.0,2,-999.0,-999.0,334.58,12.0,1.0,12.0,0.08,-999.0,200.0,-999.0,-999.0,-999.0,-999,2,2,55.68,-999.0,-999,256;513;889;890;955;1131;1297;1760;2151;2655,-999.0,-999.0,-999.0,-999.0,1385763.24,-22.09,-38.97,-30.53,-48.56,-64.87,-56.72,0,30.7,1.0,0.07,84.21,178.34,919.96,1095.53
Rodentia,Anomaluridae,Anomalurus,pusillus,Anomalurus pusillus,1,250.0,-999.0,196.56,-999.0,-999.0,-999.0,-999.0,-999,-999.0,-999.0,1,-999.0,-999.0,-999.0,-999.0,-999.0,-999.0,-999.0,-999.0,6.22,-999.0,-999.0,-999.0,-999,2,-999,-999.0,-999.0,-999,904;1535;2655,-999.0,-999.0,-999.0,-999.0,1979711.36,7.26,-6.21,0.52,30.28,-11.82,9.22,0,18.78,1.0,0.12,155.45,243.35,1413.96,1560.23
Carnivora,Procyonidae,Procyon,pygmaeus,Procyon pygmaeus,1,2958.03,-999.0,427.1,-999.0,-999.0,-999.0,-999.0,3,-999.0,-999.0,1,-999.0,-999.0,-999.0,-999.0,-999.0,-999.0,-999.0,-999.0,-999.0,-999.0,-999.0,-999.0,-999,1,2,-999.0,-999.0,-999,1113;2151;2655,-999.0,-999.0,-999.0,-999.0,490.76,20.59,20.26,20.42,-86.73,-87.02,-86.87,7,67.63,7.0,0.35,123.0,256.0,1377.0,1471.0
Rodentia,Geomyidae,Orthogeomys,dariensis,Orthogeomys dariensis,-999,437.99,-999.0,-999.0,-999.0,-999.0,-999.0,-999.0,3,-999.0,-999.0,2,-999.0,-999.0,-999.0,-999.0,-999.0,-999.0,-999.0,-999.0,-999.0,-999.0,-999.0,-999.0,-999,1,1,-999.0,-999.0,-999,2151;2655,-999.0,-999.0,-999.0,-999.0,30081.13,9.11,6.59,7.85,-76.91,-78.57,-77.74,2,9.17,3.0,0.1,207.7,252.0,1551.91,1677.12
Rodentia,Capromyidae,Geocapromys,ingrahami,Geocapromys ingrahami,1,733.52,-999.0,395.0,0.0,-999.0,-999.0,-999.0,2,-999.0,109.21,2,-999.0,-999.0,325.0,1.04,-999.0,72.0,76.68,-999.0,3000.0,-999.0,-999.0,-999.0,-999,2,1,5.84,250.0,-999,543;650;899;1297;1849;2151;2655,-999.0,1.16,-999.0,-999.0,8.36,22.62,22.59,22.6,-73.46,-73.55,-73.5,1,1.0,1.0,0.0,-999.0,-999.0,-999.0,-999.0
Carnivora,Mephitidae,Conepatus,semistriatus,Conepatus semistriatus,1,1997.34,-999.0,-999.0,-999.0,-999.0,-999.0,-999.0,6,-999.0,-999.0,2,0.27,0.25,-999.0,3.49,-999.0,-999.0,-999.0,-999.0,9.52,-999.0,-999.0,-999.0,6,1,2,-999.0,-999.0,-999,730;890;1113;1573;2151;2655,-999.0,-999.0,-999.0,-999.0,2032658.27,21.6,-13.02,4.29,-34.79,-97.28,-66.03,0,65.25,3.0,0.12,130.15,243.25,1187.42,1581.66
Rodentia,Nesomyidae,Cricetomys,ansorgei,Cricetomys ansorgei,-999,-999.0,-999.0,-999.0,-999.0,-999.0,-999.0,-999.0,-999,-999.0,-999.0,-999,-999.0,-999.0,-999.0,-999.0,-999.0,-999.0,-999.0,-999.0,-999.0,-999.0,-999.0,-999.0,-999,-999,-999,-999.0,-999.0,-999,-999,-999.0,-999.0,-999.0,-999.0,-999.0,-999.0,-999.0,-999.0,-999.0,-999.0,-999.0,-999,-999.0,-999.0,-999.0,-999.0,-999.0,-999.0,-999.0
Carnivora,Herpestidae,Atilax,paludinosus,Atilax paludinosus,2,3600.16,-999.0,499.01,11.5,-999.0,-999.0,-999.0,6,-999.0,77.27,2,1.73,1.62,182.5,2.0,2.0,209.0,100.0,-999.0,-999.0,-999.0,234.83,-999.0,4,1,2,35.89,549.99,-999,543;1113;1297;1573;2655,-999.0,-999.0,-999.0,-999.0,14296320.45,17.06,-34.83,-8.88,41.88,-16.82,12.52,0,37.15,1.0,0.13,99.93,233.39,986.68,1518.76
Carnivora,Felidae,Catopuma,badia,Catopuma badia,-999,3429.52,-999.0,548.4,-999.0,-999.0,-999.0,-999.0,-999,-999.0,-999.0,1,-999.0,-999.0,-999.0,-999.0,-999.0,-999.0,-999.0,-999.0,-999.0,-999.0,-999.0,-999.0,-999,1,-999,-999.0,-999.0,-999,1113;2655,-999.0,-999.0,-999.0,-999.0,261512.24,6.54,-0.86,2.84,118.13,112.02,115.07,1,12.38,2.0,0.21,278.55,227.89,1686.79,1711.63
Primates,Hylobatidae,Hylobates,moloch,Hylobates moloch,3,5860.81,-999.0,675.6,-999.0,-999.0,-999.0,-999.0,4,-999.0,241.2,-999,0.12,0.17,730.0,1.0,0.42,-999.0,-999.0,-999.0,6.18,-999.0,-999.0,2.15,-999,-999,2,-999.0,-999.0,-999,208;610;899;1297;1544;1547;1577;1848;2344;2453;2655;2660;2986,-999.0,-999.0,-999.0,-999.0,20157.87,-6.49,-7.52,-7.0,110.41,106.6,108.51,570,1249.44,570.0,0.06,211.91,238.25,1601.11,1755.37
Macroscelidea,Macroscelididae,Elephantulus,edwardii,Elephantulus edwardii,1,49.69,-999.0,118.86,0.0,-999.0,54.39,49.9,-999,-999.0,-999.0,1,-999.0,-999.0,-999.0,1.8,-999.0,-999.0,11.9,-999.0,1470.41,-999.0,-999.0,2.0,-999,1,-999,27.28,-999.0,-999,730;775;1297;1822;1947;2115;2259;2396;2442;2629;2655;3075,-999.0,-999.0,-999.0,-999.0,143549.15,-28.97,-34.21,-31.59,26.31,16.87,21.59,1,30.86,1.0,0.09,22.65,161.2,374.09,1043.0
Didelphimorphia,Didelphidae,Didelphis,virginiana,Didelphis virginiana,1,2442.08,-999.0,-999.0,-999.0,186.0,719.07,2951.5,4,107.5,12.69,2,0.58,0.51,136.87,8.62,2.0,60.0,0.15,13.8,18.08,-999.0,225.55,1.0,13,2,2,109.62,125.0,195,135;905;955;1297;1366;1389;1412;1573;1615;1728;1760;1773;1941;2151;2483;2484;2521;2655,-999.0,-999.0,-999.0,-999.0,5696037.14,45.32,9.91,27.61,-68.95,-110.52,-89.73,0,60.71,1.0,0.07,83.01,164.87,846.78,1131.84
Rodentia,Spalacidae,Cannomys,badius,Cannomys badius,-999,472.07,-999.0,-999.0,-999.0,-999.0,172.0,344.0,-999,-999.0,41.49,-999,-999.0,-999.0,-999.0,2.0,-999.0,48.0,-999.0,-999.0,-999.0,-999.0,-999.0,-999.0,-999,-999,-999,50.1,-999.0,-999,543;1297;1822;2655,-999.0,-999.0,-999.0,-999.0,818286.0,27.85,11.82,19.83,105.88,84.65,95.26,4,86.5,9.0,0.07,159.67,213.64,1063.45,1473.54
Diprotodontia,Macropodidae,Onychogalea,unguifera,Onychogalea unguifera,-999,6494.73,-999.0,-999.0,-999.0,-999.0,-999.0,-999.0,-999,-999.0,-999.0,1,-999.0,-999.0,-999.0,1.0,-999.0,-999.0,-999.0,-999.0,-999.0,-999.0,-999.0,-999.0,-999,1,-999,-999.0,-999.0,-999,955;1760;1848;2655;2986,-999.0,-999.0,-999.0,-999.0,1113729.55,-11.11,-19.58,-15.35,144.06,122.13,133.09,0,0.43,0.0,0.003661654,66.62,264.27,740.07,1711.29
Artiodactyla,Bovidae,Redunca,arundinum,Redunca arundinum,2,58059.24,-999.0,1505.0,-999.0,-999.0,-999.0,-999.0,2,-999.0,220.52,1,-999.0,-999.0,273.75,0.98,-999.0,201.0,4500.0,-999.0,0.65,-999.0,-999.0,1.75,4,1,1,-999.0,-999.0,-999,543;730;869;1297;1525;1848;2629;2655;2693;2986,-999.0,1.27,-999.0,-999.0,5149998.73,-2.09,-31.07,-16.58,40.84,11.12,25.98,0,24.54,1.0,0.17,86.11,218.56,899.47,1455.42
Chiroptera,Natalidae,Natalus,stramineus,Natalus stramineus,-999,5.68,38.86,-999.0,17.0,-999.0,-999.0,-999.0,1,-999.0,244.85,1,-999.0,-999.0,-999.0,0.99,1.0,57.96,1.83,-999.0,-999.0,-999.0,-999.0,-999.0,-999,2,3,50.53,4.14,-999,465;657;889;1297;1658;2040;2143;2151;2655;2750,-999.0,-999.0,-999.0,-999.0,3998095.4,30.42,-22.96,3.72,-34.79,-112.03,-73.41,0,48.8,1.0,0.1,120.63,230.73,1097.42,1522.72
Rodentia,Echimyidae,Trinomys,myosuros,Trinomys myosuros,-999,284.99,-999.0,-999.0,-999.0,-999.0,-999.0,-999.0,-999,-999.0,-999.0,-999,-999.0,-999.0,-999.0,-999.0,-999.0,-999.0,-999.0,-999.0,-999.0,-999.0,-999.0,-999.0,-999,-999,-999,-999.0,-999.0,-999,2655,-999.0,-999.0,-999.0,-999.0,-999.0,-999.0,-999.0,-999.0,-999.0,-999.0,-999.0,-999,-999.0,-999.0,-999.0,-999.0,-999.0,-999.0,-999.0
Artiodactyla,Moschidae,Moschus,berezovskii,Moschus berezovskii,2,12477.41,-999.0,899.99,-999.0,-999.0,-999.0,-999.0,2,-999.0,184.24,-999,0.13,-999.0,-999.0,1.2,1.0,-999.0,529.5,-999.0,-999.0,-999.0,-999.0,-999.0,-999,-999,1,47.14,-999.0,-999,1179;1297;1848;2551;3010,-999.0,-999.0,-999.0,-999.0,2263301.83,35.95,21.75,28.85,117.46,91.4,104.43,1,191.03,3.0,0.06,108.26,113.84,893.09,1006.61
Primates,Hominidae,Homo,sapiens,Homo sapiens,3,58540.63,-999.0,-999.0,-999.0,5292.5,-999.0,-999.0,-999,-999.0,274.78,-999,-999.0,-999.0,958.12,1.0,-999.0,1470.0,3182.96,-999.0,-999.0,-999.0,5582.93,-999.0,-999,-999,-999,725.86,8999.99,-999,543;1297;1544;1547;1577;1594;1611;1763;1767;2344;2493,-999.0,0.67,-999.0,-999.0,-999.0,-999.0,-999.0,-999.0,-999.0,-999.0,-999.0,-999,-999.0,-999.0,-999.0,-999.0,-999.0,-999.0,-999.0
Primates,Cebidae,Saguinus,imperator,Saguinus imperator,3,407.91,-999.0,-999.0,-999.0,-999.0,-999.0,-999.0,2,-999.0,-999.0,1,0.22,0.3,-999.0,-999.0,-999.0,242.4,46.55,-999.0,18.39,-999.0,-999.0,5.0,-999,2,2,-999.0,-999.0,-999,543;730;890;905;1125;1544;1547;2151;2251;2344;2520;2655;2660;2663,-999.0,-999.0,-999.0,-999.0,191381.63,-6.83,-11.63,-9.23,-67.77,-73.84,-70.81,0,1.22,0.0,0.07,212.79,249.4,1499.06,1570.9
Primates,Cebidae,Callithrix,geoffroyi,Callithrix geoffroyi,3,342.0,-999.0,-999.0,-999.0,-999.0,-999.0,-999.0,-999,-999.0,-999.0,1,-999.0,-999.0,-999.0,-999.0,-999.0,-999.0,-999.0,-999.0,-999.0,-999.0,-999.0,-999.0,-999,2,-999,-999.0,-999.0,-999,1547;2151;2344;2655;2725;2986,-999.0,-999.0,-999.0,-999.0,132745.3,-16.9,-21.07,-18.99,-39.13,-43.62,-41.38,11,47.67,14.0,0.06,108.43,216.05,1237.94,1455.44
Afrosoricida,Tenrecidae,Microgale,soricoides,Microgale soricoides,-999,18.7,-999.0,-999.0,-999.0,-999.0,-999.0,-999.0,-999,-999.0,-999.0,-999,-999.0,-999.0,-999.0,-999.0,-999.0,-999.0,-999.0,-999.0,-999.0,-999.0,-999.0,-999.0,-999,-999,-999,-999.0,-999.0,-999,2655,-999.0,-999.0,-999.0,-999.0,56884.74,-14.07,-22.91,-18.49,50.05,46.82,48.44,8,36.8,11.0,0.18,177.21,192.33,1341.31,1575.42
Primates,Galagidae,Galago,alleni,Galago alleni,1,266.03,-999.0,200.0,-999.0,341.27,-999.0,-999.0,2,-999.0,133.0,2,0.18,0.2,365.0,1.29,1.0,144.0,23.93,-999.0,16.47,-999.0,283.18,6.0,-999,2,1,-999.0,-999.0,-999,208;223;543;730;904;1297;1547;1768;1848;2344;2493;2655;2660;2986,-999.0,-999.0,-999.0,-999.0,1953.16,3.78,3.2,3.49,8.93,8.42,8.68,10,37.65,10.0,0.15,-999.0,-999.0,-999.0,-999.0
Primates,Atelidae,Lagothrix,lagotricha,Lagothrix lagotricha,3,6263.69,-999.0,536.39,-999.0,2766.7,-999.0,-999.0,4,-999.0,223.99,1,2.82,4.0,638.75,1.01,-999.0,360.0,437.09,-999.0,10.72,-999.0,1729.33,33.0,-999,2,2,312.66,-999.0,-999,208;543;730;890;905;1297;1544;1547;1577;1848;2145;2151;2251;2344;2371;2463;2488;2489;2493;2655;2660;2986,-999.0,0.82,-999.0,-999.0,797455.26,4.25,-4.2,0.02,-60.5,-76.18,-68.34,0,1.04,0.0,0.08,226.56,257.89,1516.89,1543.35
Didelphimorphia,Didelphidae,Gracilinanus,marica,Gracilinanus marica,1,23.8,-999.0,99.15,-999.0,-999.0,-999.0,-999.0,-999,-999.0,-999.0,1,-999.0,-999.0,-999.0,5.99,-999.0,-999.0,-999.0,-999.0,-999.0,-999.0,-999.0,-999.0,-999,2,-999,-999.0,-999.0,-999,889;905;1297;1760;2655;2944,-999.0,-999.0,-999.0,-999.0,179494.96,11.06,5.18,8.12,-62.52,-73.86,-68.19,4,92.92,6.0,0.11,99.07,229.53,1301.81,1682.5
Rodentia,Capromyidae,Mysateles,garridoi,Mysateles garridoi,-999,-999.0,-999.0,-999.0,-999.0,-999.0,-999.0,-999.0,3,-999.0,-999.0,1,-999.0,-999.0,-999.0,-999.0,-999.0,-999.0,-999.0,-999.0,-999.0,-999.0,-999.0,-999.0,-999,2,2,-999.0,-999.0,-999,2151,-999.0,-999.0,-999.0,-999.0,0.49,21.63,21.63,21.63,-81.59,-81.6,-81.59,32,32.0,32.0,0.06,-999.0,-999.0,-999.0,-999.0
Diprotodontia,Macropodidae,Petrogale,brachyotis,Petrogale brachyotis,-999,4012.01,-999.0,-999.0,-999.0,-999.0,-999.0,-999.0,-999,-999.0,-999.0,1,-999.0,-999.0,-999.0,1.0,-999.0,-999.0,-999.0,-999.0,-999.0,-999.0,-999.0,-999.0,-999,1,-999,-999.0,-999.0,-999,955;1760;2655,-999.0,-999.0,-999.0,-999.0,476435.12,-11.11,-17.69,-14.4,137.73,123.42,130.57,0,0.91,0.0,0.003650438,76.96,270.49,821.32,1784.36
Chiroptera,Rhinolophidae,Rhinolophus,rouxii,Rhinolophus rouxii,-999,12.25,48.99,-999.0,28.0,735.06,-999.0,-999.0,1,-999.0,123.54,1,-999.0,-999.0,-999.0,0.99,1.0,60.0,2.86,-999.0,-999.0,-999.0,451.11,-999.0,-999,2,3,59.42,11.0,-999,679;1143;1145;1297;1658;2151;2367;2368;2369;2503;2655;2698,-999.0,-999.0,-999.0,-999.0,599516.17,22.36,6.37,14.36,96.66,72.73,84.69,22,372.79,70.0,0.07,117.75,258.78,925.29,1598.72
Rodentia,Cricetidae,Phodopus,campbelli,Phodopus campbelli,2,27.06,-999.0,91.22,9.0,-999.0,59.03,31.4,-999,-999.0,20.59,2,-999.0,-999.0,-999.0,8.47,3.5,21.5,1.49,-999.0,20.0,-999.0,46.47,1.0,-999,1,-999,-999.0,-999.0,-999,1297;1822;2073;2491;2655,-999.0,-999.0,-999.0,-999.0,2048011.87,52.84,36.45,44.64,121.75,84.9,103.32,0,21.46,1.0,0.05,23.24,-7.14,321.83,565.29
Carnivora,Canidae,Cerdocyon,thous,Cerdocyon thous,1,5741.66,-999.0,648.06,14.0,-999.0,1556.56,5592.83,7,195.0,57.18,1,1.41,1.49,243.33,3.09,-999.0,138.0,140.0,-999.0,3.54,-999.0,279.15,-999.0,-999,1,2,72.33,-999.0,-999,367;543;730;890;1113;1297;1573;1822;2655,-999.0,1.35,-999.0,-999.0,7091683.41,12.22,-34.68,-11.22,-34.79,-76.57,-55.68,0,35.64,0.0,0.1,118.7,229.96,1176.04,1459.24
Carnivora,Felidae,Leopardus,pardalis,Leopardus pardalis,2,11880.0,-999.0,744.33,9.97,-999.0,3682.8,11880.0,1,758.99,81.99,1,5.08,5.38,360.9,1.66,1.0,243.6,250.0,-999.0,0.42,-999.0,678.64,-999.0,-999,1,3,106.18,-999.0,-999,367;543;730;1113;1297;1573;2431;2655,-999.0,-999.0,-999.0,-999.0,16040024.42,31.83,-32.66,-0.41,-34.79,-113.77,-74.28,0,26.95,0.0,0.11,137.68,228.69,1214.64,1486.62
Chiroptera,Rhinolophidae,Rhinolophus,yunanensis,Rhinolophus yunanensis,-999,19.33,60.99,-999.0,-999.0,-999.0,-999.0,-999.0,1,-999.0,-999.0,1,-999.0,-999.0,-999.0,-999.0,-999.0,-999.0,-999.0,-999.0,-999.0,-999.0,-999.0,-999.0,-999,2,3,-999.0,-999.0,-999,196;679;1658;2151;2622;2655,-999.0,-999.0,-999.0,-999.0,883933.76,29.45,12.57,21.01,112.41,93.02,102.71,1,71.36,2.0,0.07,139.17,193.41,1084.44,1426.51
Chiroptera,Pteropodidae,Harpyionycteris,celebensis,Harpyionycteris celebensis,-999,116.77,90.29,144.16,-999.0,-999.0,-999.0,-999.0,-999,-999.0,-999.0,1,-999.0,-999.0,-999.0,0.98,-999.0,-999.0,-999.0,-999.0,-999.0,-999.0,-999.0,-999.0,-999,2,-999,-999.0,-999.0,-999,1297;2143;2151;2270;2655;2804,-999.0,-999.0,-999.0,-999.0,105330.59,1.75,-3.86,-1.05,125.24,118.75,121.99,17,65.58,17.0,0.1,224.32,204.95,1812.6,1909.15
Primates,Cebidae,Leontopithecus,caissara,Leontopithecus caissara,3,604.01,-999.0,-999.0,-999.0,-999.0,-999.0,-999.0,-999,-999.0,-999.0,1,-999.0,-999.0,-999.0,-999.0,-999.0,-999.0,-999.0,-999.0,-999.0,-999.0,-999.0,1.0,-999,2,-999,-999.0,-999.0,-999,1544;1547;1629;2151;2655,-999.0,-999.0,-999.0,-999.0,3822.49,-25.28,-26.09,-25.68,-48.34,-49.02,-48.68,12,96.53,12.0,0.04,148.79,164.39,1206.23,1327.56
Rodentia,Nesomyidae,Megadendromus,nikolausi,Megadendromus nikolausi,-999,52.0,-999.0,-999.0,-999.0,-999.0,-999.0,-999.0,-999,-999.0,-999.0,-999,-999.0,-999.0,-999.0,-999.0,-999.0,-999.0,-999.0,-999.0,-999.0,-999.0,-999.0,-999.0,-999,-999,-999,-999.0,-999.0,-999,2655,-999.0,-999.0,-999.0,-999.0,9995.32,7.04,6.12,6.58,40.11,39.05,39.58,5,35.72,5.0,0.12,67.74,14.03,974.35,1400.86
Macroscelidea,Macroscelididae,Elephantulus,intufi,Elephantulus intufi,3,48.9,-999.0,117.61,-999.0,-999.0,52.08,46.5,1,-999.0,51.0,2,-999.0,-999.0,67.0,1.55,-999.0,105.6,10.0,-999.0,-999.0,-999.0,251.19,-999.0,-999,1,3,36.49,-999.0,-999,543;775;1297;1585;1822;1902;2113;2115;2151;2259;2391;2396;2629;2655;3075,-999.0,2.59,-999.0,-999.0,1304584.51,-11.29,-28.6,-19.94,30.52,11.73,21.12,0,3.7,0.0,0.09,30.69,194.25,440.49,1354.79
Rodentia,Muridae,Maxomys,wattsi,Maxomys wattsi,-999,-999.0,-999.0,-999.0,-999.0,-999.0,-999.0,-999.0,-999,-999.0,-999.0,-999,-999.0,-999.0,-999.0,-999.0,-999.0,-999.0,-999.0,-999.0,-999.0,-999.0,-999.0,-999.0,-999,-999,-999,-999.0,-999.0,-999,-999,-999.0,-999.0,-999.0,-999.0,311.03,-1.55,-1.73,-1.64,121.49,121.31,121.4,17,17.0,17.0,0.13,234.0,190.0,1798.0,1831.0
Carnivora,Canidae,Vulpes,ferrilata,Vulpes ferrilata,-999,5543.74,-999.0,600.05,-999.0,-999.0,-999.0,-999.0,1,-999.0,54.23,1,-999.0,-999.0,-999.0,3.49,-999.0,-999.0,89.99,-999.0,-999.0,-999.0,420.91,-999.0,-999,1,3,55.68,-999.0,-999,1113;1297;2655,-999.0,-999.0,-999.0,-999.0,2339623.06,38.52,26.28,32.4,104.57,78.85,91.71,0,29.53,0.0,0.06,60.84,-34.54,441.55,831.4
Rodentia,Echimyidae,Diplomys,caniceps,Diplomys caniceps,1,394.49,-999.0,-999.0,-999.0,-999.0,-999.0,-999.0,2,-999.0,-999.0,1,-999.0,-999.0,-999.0,-999.0,-999.0,-999.0,-999.0,-999.0,-999.0,-999.0,-999.0,1.0,-999,2,1,-999.0,-999.0,-999,905;2151;2655,-999.0,-999.0,-999.0,-999.0,26895.61,7.12,2.47,4.79,-75.12,-76.65,-75.88,19,159.47,19.0,0.09,177.61,166.88,1515.91,1569.61
Rodentia,Gliridae,Eliomys,melanurus,Eliomys melanurus,-999,100.36,-999.0,137.5,-999.0,-999.0,-999.0,-999.0,4,-999.0,25.0,-999,-999.0,-999.0,-999.0,4.99,-999.0,-999.0,-999.0,-999.0,-999.0,-999.0,-999.0,-999.0,-999,-999,2,-999.0,-999.0,-999,899;2655,-999.0,-999.0,-999.0,-999.0,313223.51,38.05,15.43,26.74,45.04,32.55,38.79,1,127.92,2.0,0.21,23.64,178.88,267.2,1284.64
Primates,Lepilemuridae,Lepilemur,ruficaudatus,Lepilemur ruficaudatus,1,763.36,-999.0,-999.0,-999.0,594.95,-999.0,-999.0,2,-999.0,135.92,1,-999.0,-999.0,-999.0,1.02,-999.0,-999.0,-999.0,-999.0,260.0,-999.0,-999.0,1.0,2,2,1,119.32,-999.0,-999,511;1048;1261;1544;1547;2151;2344;2655;2986,-999.0,-999.0,-999.0,-999.0,35030.08,-19.6,-23.56,-21.58,45.22,43.22,44.22,2,11.4,3.0,0.21,57.89,238.61,789.13,1602.55
Artiodactyla,Tragulidae,Hyemoschus,aquaticus,Hyemoschus aquaticus,1,10850.0,-999.0,750.0,-999.0,-999.0,-999.0,-999.0,1,-999.0,173.52,1,0.2,0.19,-999.0,1.22,1.0,168.0,-999.0,-999.0,15.85,-999.0,314.64,1.0,-999,1,1,136.87,-999.0,-999,200;543;730;904;1297;1573;1848;2655,-999.0,-999.0,-999.0,-999.0,2571576.3,8.56,-6.35,1.1,31.51,-13.19,9.15,0,39.67,1.0,0.11,155.16,243.43,1393.52,1563.37
Diprotodontia,Macropodidae,Macropus,giganteus,Macropus giganteus,2,33409.89,-999.0,876.16,-999.0,812.6,-999.0,-999.0,2,-999.0,36.56,1,0.41,4.49,362.79,1.0,1.0,288.0,0.84,-999.0,41.95,76.9,704.86,-999.0,4,1,1,510.82,8124.03,-999,543;955;1297;1412;1477;1501;1573;1760;1848;2312;2484;2655;2683;2986,-999.0,-999.0,-999.0,-999.0,2210263.58,-14.16,-42.28,-28.22,153.63,139.32,146.48,0,8.81,0.0,0.04,51.16,188.75,581.67,1273.91
Primates,Cercopithecidae,Lophocebus,aterrimus,Lophocebus aterrimus,3,6510.37,-999.0,510.0,-999.0,-999.0,-999.0,-999.0,-999,-999.0,-999.0,-999,0.34,0.57,-999.0,-999.0,-999.0,321.6,-999.0,-999.0,-999.0,17.3,-999.0,17.5,-999,-999,-999,-999.0,-999.0,-999,543;1347;1544;1547;1848;2151;2344,-999.0,-999.0,-999.0,-999.0,535514.76,1.99,-5.3,-1.65,25.77,16.3,21.03,2,9.14,3.0,0.17,157.81,250.79,1520.09,1594.85
Lagomorpha,Leporidae,Sylvilagus,insonus,Sylvilagus insonus,-999,2999.98,-999.0,392.49,-999.0,-999.0,-999.0,-999.0,-999,-999.0,-999.0,1,-999.0,-999.0,-999.0,-999.0,-999.0,-999.0,-999.0,-999.0,-999.0,-999.0,-999.0,-999.0,-999,1,-999,-999.0,-999.0,-999,576;2151;2655,-999.0,-999.0,-999.0,-999.0,5755.87,17.77,17.0,17.38,-99.41,-100.22,-99.82,17,55.36,17.0,0.09,110.83,192.34,836.17,1668.05
Rodentia,Cricetidae,Oligoryzomys,longicaudatus,Oligoryzomys longicaudatus,-999,27.54,-999.0,-999.0,-999.0,-999.0,51.01,28.2,4,-999.0,-999.0,2,0.000641437,0.000819928,-999.0,4.77,-999.0,-999.0,-999.0,-999.0,361.16,-999.0,27.72,-999.0,-999,2,2,-999.0,-999.0,-999,672;730;890;1297;1492;1822;2655,-999.0,-999.0,-999.0,-999.0,912835.74,-12.59,-54.84,-33.71,-63.42,-74.62,-69.02,0,22.82,0.0,0.08,76.68,64.23,560.77,1039.71
Rodentia,Heteromyidae,Heteromys,gaumeri,Heteromys gaumeri,-999,63.59,-999.0,115.35,-999.0,-999.0,-999.0,-999.0,2,-999.0,-999.0,1,-999.0,-999.0,-999.0,2.95,-999.0,-999.0,-999.0,-999.0,-999.0,-999.0,-999.0,-999.0,-999,1,1,-999.0,-999.0,-999,1297;2151;2564;2655,-999.0,-999.0,-999.0,-999.0,168039.08,21.6,16.88,19.24,-86.73,-91.74,-89.23,3,22.06,4.0,0.23,107.19,253.12,1276.91,1566.89
Scandentia,Tupaiidae,Tupaia,palawanensis,Tupaia palawanensis,3,168.05,-999.0,185.0,-999.0,-999.0,-999.0,-999.0,4,-999.0,-999.0,-999,-999.0,-999.0,-999.0,-999.0,-999.0,-999.0,-999.0,-999.0,-999.0,-999.0,-999.0,-999.0,-999,-999,2,-999.0,-999.0,-999,2152,-999.0,-999.0,-999.0,-999.0,11882.47,11.42,7.8,9.61,119.71,116.93,118.32,22,44.59,23.5,0.21,224.0,249.78,-999.0,-999.0
Carnivora,Canidae,Cuon,alpinus,Cuon alpinus,2,15800.0,-999.0,987.74,14.01,-999.0,-999.0,-999.0,1,210.0,61.5,1,33.64,39.99,365.0,4.3,-999.0,192.0,275.0,-999.0,0.55,-999.0,374.18,-999.0,14,1,3,57.33,-999.0,-999,542;543;679;730;1113;1297;1573;2655,-999.0,1.1,-999.0,-999.0,10546280.1,55.54,-8.78,23.37,141.54,71.5,106.52,0,145.0,1.0,0.06,95.28,96.48,758.61,997.65
Soricomorpha,Soricidae,Crocidura,jacksoni,Crocidura jacksoni,-999,7.0,-999.0,-999.0,-999.0,-999.0,-999.0,-999.0,-999,-999.0,-999.0,-999,-999.0,-999.0,-999.0,3.49,-999.0,-999.0,-999.0,-999.0,-999.0,-999.0,-999.0,-999.0,-999,-999,-999,-999.0,-999.0,-999,1297;2655,-999.0,-999.0,-999.0,-999.0,697794.0,3.16,-3.97,-0.4,39.09,27.99,33.54,0,87.81,2.5,0.16,91.18,216.04,1141.79,1580.3
Chiroptera,Vespertilionidae,Myotis,rosseti,Myotis rosseti,-999,3.29,29.0,-999.0,-999.0,-999.0,-999.0,-999.0,-999,-999.0,-999.0,1,-999.0,-999.0,-999.0,-999.0,-999.0,-999.0,-999.0,-999.0,-999.0,-999.0,-999.0,-999.0,-999,2,-999,-999.0,-999.0,-999,1658;2151;2622;2655,-999.0,-999.0,-999.0,-999.0,132994.33,15.61,11.7,13.66,104.53,99.82,102.18,5,149.49,10.0,0.07,141.17,262.85,1196.33,1714.53
Lagomorpha,Leporidae,Sylvilagus,brasiliensis,Sylvilagus brasiliensis,2,986.74,-999.0,363.29,-999.0,-999.0,-999.0,-999.0,1,-999.0,42.5,1,-999.0,-999.0,-999.0,1.9,4.7,-999.0,-999.0,-999.0,3.54,-999.0,99.18,1.0,6,1,1,26.3,-999.0,-999,95;596;730;905;1136;1297;2124;2151;2314;2655,-999.0,-999.0,-999.0,-999.0,10234916.71,22.76,-29.38,-3.3,-34.79,-99.43,-67.11,0,30.44,0.0,0.11,137.67,229.99,1217.1,1472.94
Chiroptera,Rhinolophidae,Rhinolophus,hildebrandtii,Rhinolophus hildebrandtii,-999,25.99,64.35,-999.0,-999.0,-999.0,-999.0,-999.0,1,-999.0,92.54,1,-999.0,-999.0,-999.0,0.99,1.0,-999.0,-999.0,-999.0,-999.0,506.0,-999.0,-999.0,-999,2,3,-999.0,-999.0,-999,44;196;1257;1297;1658;1784;1863;2143;2151;2235;2622;2655;2719;2900,-999.0,-999.0,-999.0,-999.0,4302227.38,7.22,-25.92,-9.34,42.95,24.04,33.49,0,40.66,2.0,0.15,76.19,222.01,889.15,1504.27
Dasyuromorphia,Dasyuridae,Sminthopsis,griseoventer,Sminthopsis griseoventer,2,17.5,-999.0,-999.0,-999.0,-999.0,-999.0,-999.0,-999,-999.0,-999.0,1,-999.0,-999.0,-999.0,-999.0,-999.0,-999.0,-999.0,-999.0,-999.0,-999.0,-999.0,-999.0,-999,1,-999,-999.0,-999.0,-999,1760;2655,-999.0,-999.0,-999.0,-999.0,205150.91,-28.96,-35.13,-32.04,124.76,114.74,119.75,0,8.4,0.0,0.06,48.02,159.5,420.17,1130.98
Carnivora,Ursidae,Ailuropoda,melanoleuca,Ailuropoda melanoleuca,2,117999.99,-999.0,1345.98,-999.0,-999.0,-999.0,-999.0,3,540.0,134.99,1,3.55,3.76,638.75,1.62,-999.0,360.0,104.39,-999.0,0.18,-999.0,2413.02,-999.0,-999,1,1,178.98,21999.99,-999,543;679;730;1113;1297;1573;2655,-999.0,0.82,-999.0,-999.0,36206.89,34.01,27.51,30.76,108.79,100.77,104.78,7,103.55,8.0,0.05,101.81,65.51,757.25,907.75
Artiodactyla,Bovidae,Gazella,saudiya,Gazella saudiya,-999,16000.0,-999.0,-999.0,-999.0,-999.0,-999.0,-999.0,-999,-999.0,-999.0,-999,-999.0,-999.0,-999.0,-999.0,-999.0,-999.0,-999.0,-999.0,-999.0,-999.0,-999.0,-999.0,-999,-999,-999,-999.0,-999.0,-999,2655,-999.0,-999.0,-999.0,-999.0,-999.0,-999.0,-999.0,-999.0,-999.0,-999.0,-999.0,-999,-999.0,-999.0,-999.0,-999.0,-999.0,-999.0,-999.0
Chiroptera,Molossidae,Eumops,perotis,Eumops perotis,-999,50.97,75.49,-999.0,0.0,-999.0,39.76,56.0,1,-999.0,-999.0,1,-999.0,-999.0,-999.0,0.99,1.0,-999.0,7.53,52.56,-999.0,-999.0,-999.0,-999.0,-999,2,3,-999.0,-999.0,-999,196;654;877;1297;1658;1685;1948;2143;2151;2161;2655;2719,-999.0,-999.0,-999.0,-999.0,16118784.11,37.7,-29.71,3.99,-34.79,-122.41,-78.6,0,26.8,0.0,0.11,128.55,218.18,1143.32,1461.18
Chiroptera,Pteropodidae,Pteropus,anetianus,Pteropus anetianus,-999,397.22,121.52,-999.0,-999.0,-999.0,-999.0,-999.0,-999,-999.0,-999.0,1,-999.0,-999.0,-999.0,0.98,-999.0,-999.0,-999.0,-999.0,-999.0,-999.0,-999.0,-999.0,-999,2,-999,-999.0,-999.0,-999,152;978;1297;1658;2151;2536;2655,-999.0,-999.0,-999.0,-999.0,10979.84,-13.63,-20.24,-16.93,169.9,166.52,168.21,14,14.0,14.0,0.16,307.0,225.0,-999.0,-999.0
Lagomorpha,Ochotonidae,Ochotona,gaoligongensis,Ochotona gaoligongensis,-999,-999.0,-999.0,167.08,-999.0,-999.0,-999.0,-999.0,-999,-999.0,-999.0,1,-999.0,-999.0,-999.0,-999.0,-999.0,-999.0,-999.0,-999.0,-999.0,-999.0,-999.0,-999.0,-999,1,-999,-999.0,-999.0,-999,2647;3106,136.59,-999.0,-999.0,-999.0,4.89,27.76,27.73,27.74,98.47,98.45,98.46,5,5.0,5.0,0.25,195.0,113.0,998.0,1117.0
Soricomorpha,Talpidae,Uropsilus,andersoni,Uropsilus andersoni,-999,-999.0,-999.0,-999.0,-999.0,-999.0,-999.0,-999.0,-999,-999.0,-999.0,-999,-999.0,-999.0,-999.0,-999.0,-999.0,-999.0,-999.0,-999.0,-999.0,-999.0,-999.0,-999.0,-999,-999,-999,-999.0,-999.0,-999,-999,-999.0,-999.0,-999.0,-999.0,10488.24,29.48,28.57,29.02,104.19,102.66,103.42,69,197.6,69.0,0.05,131.36,123.97,888.87,932.66
Rodentia,Dasyproctidae,Dasyprocta,azarae,Dasyprocta azarae,3,2976.81,-999.0,-999.0,0.0,-999.0,1886.01,3849.0,3,-999.0,-999.0,1,-999.0,-999.0,-999.0,-999.0,-999.0,-999.0,-999.0,-999.0,-999.0,-999.0,-999.0,-999.0,-999,1,1,140.0,-999.0,-999,905;1822;2151;2655,-999.0,-999.0,-999.0,-999.0,1670356.3,-12.27,-33.66,-22.96,-46.61,-60.26,-53.44,0,29.51,1.0,0.11,127.73,214.57,1202.02,1331.01
Diprotodontia,Pseudocheiridae,Pseudochirops,cupreus,Pseudochirops cupreus,2,1764.08,-999.0,378.9,-999.0,-999.0,-999.0,-999.0,2,-999.0,-999.0,2,-999.0,-999.0,-999.0,1.01,-999.0,-999.0,-999.0,-999.0,-999.0,-999.0,-999.0,-999.0,-999,2,1,-999.0,-999.0,-999,955;975;977;1760;1991;2152;2655,-999.0,-999.0,-999.0,-999.0,205225.01,-3.45,-9.96,-6.71,149.48,135.45,142.46,1,10.02,2.0,0.13,265.72,202.27,1685.94,1710.54
Chiroptera,Molossidae,Eumops,underwoodi,Eumops underwoodi,-999,58.67,71.24,-999.0,-999.0,-999.0,-999.0,-999.0,1,-999.0,-999.0,1,-999.0,-999.0,-999.0,1.0,1.0,-999.0,-999.0,-999.0,-999.0,-999.0,-999.0,-999.0,-999,2,3,-999.0,-999.0,-999,1297;1316;1613;1658;2143;2151;2622;2655,-999.0,-999.0,-999.0,-999.0,789177.81,32.58,12.68,22.63,-86.9,-112.74,-99.82,1,72.4,3.0,0.09,85.55,202.4,913.43,1490.8
Rodentia,Spalacidae,Tachyoryctes,ruddi,Tachyoryctes ruddi,-999,-999.0,-999.0,-999.0,-999.0,-999.0,-999.0,-999.0,-999,-999.0,-999.0,-999,-999.0,-999.0,-999.0,-999.0,-999.0,-999.0,-999.0,-999.0,-999.0,-999.0,-999.0,-999.0,-999,-999,-999,-999.0,-999.0,-999,-999,-999.0,-999.0,-999.0,-999.0,45438.46,1.5,-0.93,0.28,35.92,33.74,34.83,16,227.31,60.0,0.16,98.0,194.13,1236.82,1530.45
Rodentia,Spalacidae,Spalax,graecus,Spalax graecus,-999,-999.0,-999.0,-999.0,-999.0,-999.0,-999.0,-999.0,-999,-999.0,-999.0,-999,-999.0,-999.0,-999.0,-999.0,-999.0,-999.0,-999.0,-999.0,-999.0,-999.0,-999.0,-999.0,-999,-999,-999,-999.0,-999.0,-999,-999,-999.0,-999.0,-999.0,-999.0,43748.63,48.48,43.6,46.04,27.5,24.39,25.95,68,134.0,70.0,-0.01,49.65,78.39,555.98,627.66
Primates,Atelidae,Alouatta,guariba,Alouatta guariba,3,5188.33,-999.0,514.53,-999.0,-999.0,-999.0,-999.0,4,-999.0,-999.0,1,0.03,-999.0,-999.0,-999.0,-999.0,-999.0,-999.0,-999.0,89.09,-999.0,-999.0,7.4,-999,2,1,-999.0,-999.0,-999,890;905;1039;1132;1544;1848;2128;2151;2344;2488;2655;2986,-999.0,-999.0,-999.0,-999.0,825479.22,-12.66,-29.6,-21.13,-38.58,-54.7,-46.64,5,105.77,12.0,0.06,133.23,196.32,1225.7,1332.19
Primates,Cebidae,Saguinus,bicolor,Saguinus bicolor,3,465.0,-999.0,239.99,-999.0,-999.0,-999.0,-999.0,4,-999.0,158.16,1,-999.0,-999.0,-999.0,2.0,-999.0,-999.0,-999.0,-999.0,-999.0,-999.0,-999.0,6.7,-999,2,2,-999.0,-999.0,-999,890;899;905;1297;1544;1547;2151;2344;2655;2663;2986,-999.0,-999.0,-999.0,-999.0,65246.44,-0.29,-3.18,-1.74,-55.97,-60.83,-58.4,0,10.73,0.0,0.11,129.99,262.18,1446.91,1659.31
Chiroptera,Vespertilionidae,Myotis,capaccinii,Myotis capaccinii,-999,8.15,40.0,-999.0,-999.0,-999.0,-999.0,-999.0,1,-999.0,54.99,1,-999.0,-999.0,-999.0,0.99,-999.0,-999.0,-999.0,-999.0,-999.0,-999.0,377.57,-999.0,-999,2,3,-999.0,-999.0,-999,1015;1297;1658;2143;2151;2622;2655;2920,-999.0,-999.0,-999.0,-999.0,1758634.4,47.44,27.03,37.23,62.29,-6.26,28.01,0,114.17,7.0,0.05,47.13,125.18,431.11,972.93
Chiroptera,Mormoopidae,Pteronotus,quadridens,Pteronotus quadridens,-999,5.64,37.5,-999.0,-999.0,-999.0,6.12,4.9,1,-999.0,156.43,1,-999.0,-999.0,-999.0,1.21,1.0,-999.0,2.14,-999.0,-999.0,-999.0,-999.0,-999.0,-999,2,3,-999.0,-999.0,-999,889;1297;1658;2151;2468;2469;2655,-999.0,-999.0,-999.0,-999.0,201573.11,23.19,17.6,20.39,-65.59,-84.95,-75.27,2,168.91,23.0,0.04,106.77,245.98,1361.58,1646.11
Chiroptera,Pteropodidae,Pteropus,leucopterus,Pteropus leucopterus,-999,343.81,139.5,-999.0,-999.0,-999.0,-999.0,-999.0,-999,-999.0,-999.0,1,-999.0,-999.0,-999.0,-999.0,-999.0,-999.0,-999.0,-999.0,-999.0,-999.0,-999.0,-999.0,-999,2,-999,-999.0,-999.0,-999,1439;1658;2151;2655,-999.0,-999.0,-999.0,-999.0,107982.23,18.65,9.81,14.23,125.7,119.74,122.72,19,296.61,30.0,0.08,238.29,240.72,1367.82,1715.75
Chiroptera,Hipposideridae,Hipposideros,lankadiva,Hipposideros lankadiva,-999,44.76,83.5,-999.0,-999.0,-999.0,-999.0,-999.0,1,-999.0,257.02,1,-999.0,-999.0,-999.0,0.99,1.0,-999.0,8.71,-999.0,-999.0,-999.0,510.44,-999.0,-999,2,3,82.72,-999.0,-999,196;632;679;1297;1590;1658;2151;2622;2655,-999.0,-999.0,-999.0,-999.0,2165475.54,27.43,5.91,16.67,90.83,72.5,81.66,22,357.13,94.0,0.09,102.77,255.1,807.22,1486.9
Artiodactyla,Cervidae,Rucervus,duvaucelii,Rucervus duvaucelii,2,171223.86,-999.0,1500.0,-999.0,1095.0,-999.0,-999.0,2,-999.0,245.0,2,14.11,20.0,-999.0,1.0,-999.0,-999.0,-999.0,-999.0,11.24,401.0,827.69,64.25,-999,1,1,-999.0,-999.0,-999,511;653;730;899;1297;2525;2553;2655;3010,-999.0,-999.0,-999.0,-999.0,255737.11,29.44,22.08,25.76,93.68,77.22,85.45,13,428.69,103.0,0.11,101.07,245.48,790.72,1335.79
Primates,Pitheciidae,Callicebus,dubius,Callicebus dubius,3,992.4,-999.0,-999.0,-999.0,-999.0,-999.0,-999.0,-999,-999.0,-999.0,1,-999.0,-999.0,-999.0,1.02,-999.0,-999.0,-999.0,-999.0,-999.0,-999.0,-999.0,1.0,-999,2,-999,-999.0,-999.0,-999,1605;1633;2151;2655,-999.0,-999.0,-999.0,-999.0,-999.0,-999.0,-999.0,-999.0,-999.0,-999.0,-999.0,-999,-999.0,-999.0,-999.0,-999.0,-999.0,-999.0,-999.0
Rodentia,Cricetidae,Calomys,laucha,Calomys laucha,-999,14.0,-999.0,-999.0,-999.0,-999.0,-999.0,-999.0,3,-999.0,25.0,2,-999.0,-999.0,-999.0,5.3,-999.0,-999.0,-999.0,-999.0,-999.0,-999.0,-999.0,-999.0,-999,2,2,-999.0,-999.0,-999,890;896;1297;2034;2655,-999.0,-999.0,-999.0,-999.0,1239274.0,-15.11,-39.11,-27.11,-53.67,-65.97,-59.82,0,22.38,0.0,0.07,82.65,198.33,953.17,1186.92
Rodentia,Geomyidae,Cratogeomys,neglectus,Cratogeomys neglectus,-999,302.48,-999.0,192.53,-999.0,-999.0,-999.0,-999.0,3,-999.0,-999.0,2,-999.0,-999.0,-999.0,1.94,-999.0,-999.0,-999.0,-999.0,-999.0,-999.0,-999.0,1.0,-999,1,1,-999.0,-999.0,-999,1776;2151;2655,-999.0,-999.0,-999.0,-999.0,151.95,21.11,20.98,21.05,-99.61,-99.74,-99.67,27,39.52,27.0,0.14,58.99,192.45,827.4,1279.99
Lagomorpha,Ochotonidae,Ochotona,muliensis,Ochotona muliensis,-999,-999.0,-999.0,-999.0,-999.0,-999.0,-999.0,-999.0,-999,-999.0,-999.0,-999,-999.0,-999.0,-999.0,-999.0,-999.0,-999.0,-999.0,-999.0,-999.0,-999.0,-999.0,-999.0,-999,-999,-999,-999.0,-999.0,-999,-999,-999.0,-999.0,-999.0,-999.0,27843.24,27.77,25.87,26.82,102.28,100.58,101.43,23,79.57,23.0,0.06,113.25,124.88,829.1,1105.88
Rodentia,Dasyproctidae,Dasyprocta,leporina,Dasyprocta leporina,3,3009.99,-999.0,572.29,0.0,-999.0,1558.46,2687.0,3,-999.0,106.39,1,-999.0,-999.0,-999.0,1.4,-999.0,213.6,-999.0,-999.0,49.69,-999.0,-999.0,-999.0,-999,1,1,140.0,-999.0,-999,543;730;845;1297;1822;2151;2431;2655;2989,-999.0,-999.0,-999.0,-999.0,5296263.55,11.41,-24.03,-6.31,-40.09,-71.89,-55.99,0,24.15,0.0,0.13,149.15,242.39,1320.98,1565.39
Rodentia,Gliridae,Graphiurus,angolensis,Graphiurus angolensis,-999,-999.0,-999.0,-999.0,-999.0,-999.0,-999.0,-999.0,-999,-999.0,-999.0,-999,-999.0,-999.0,-999.0,-999.0,-999.0,-999.0,-999.0,-999.0,-999.0,-999.0,-999.0,-999.0,-999,-999,-999,-999.0,-999.0,-999,-999,-999.0,-999.0,-999.0,-999.0,-999.0,-999.0,-999.0,-999.0,-999.0,-999.0,-999.0,-999,-999.0,-999.0,-999.0,-999.0,-999.0,-999.0,-999.0
Soricomorpha,Talpidae,Talpa,occidentalis,Talpa occidentalis,2,49.47,-999.0,-999.0,-999.0,-999.0,-999.0,-999.0,1,-999.0,-999.0,2,-999.0,-999.0,-999.0,-999.0,-999.0,-999.0,-999.0,-999.0,-999.0,-999.0,371.03,-999.0,-999,1,3,-999.0,-999.0,-999,1491;2131,-999.0,-999.0,-999.0,-999.0,279204.96,43.79,36.01,39.9,-0.4,-9.46,-4.93,3,102.37,10.0,-0.004025292,53.93,130.67,487.87,955.17
Rodentia,Cricetidae,Irenomys,tarsalis,Irenomys tarsalis,1,43.15,-999.0,114.65,-999.0,-999.0,-999.0,-999.0,7,-999.0,-999.0,2,-999.0,-999.0,-999.0,3.85,-999.0,-999.0,-999.0,-999.0,287.87,-999.0,-999.0,-999.0,-999,2,2,-999.0,-999.0,-999,730;890;1297;1572;2008;2242;2655,-999.0,-999.0,-999.0,-999.0,148428.47,-36.83,-46.43,-41.63,-70.78,-74.67,-72.73,0,11.47,0.0,0.05,134.88,68.7,596.11,794.84
Rodentia,Spalacidae,Tachyoryctes,rex,Tachyoryctes rex,-999,-999.0,-999.0,-999.0,-999.0,-999.0,-999.0,-999.0,-999,-999.0,-999.0,-999,-999.0,-999.0,-999.0,-999.0,-999.0,-999.0,-999.0,-999.0,-999.0,-999.0,-999.0,-999.0,-999,-999,-999,-999.0,-999.0,-999,-999,-999.0,-999.0,-999.0,-999.0,10308.67,0.56,-0.44,0.06,38.36,37.14,37.75,11,87.37,11.0,0.15,54.24,213.62,894.87,1495.0
Carnivora,Mephitidae,Conepatus,leuconotus,Conepatus leuconotus,1,3293.91,-999.0,421.41,25.0,-999.0,-999.0,-999.0,1,-999.0,60.83,1,-999.0,-999.0,182.5,3.6,2.0,84.0,-999.0,-999.0,-999.0,-999.0,340.6,-999.0,6,1,3,45.56,-999.0,-999,543;1113;1297;2655,-999.0,-999.0,-999.0,-999.0,2509559.21,39.48,12.53,26.0,-85.11,-114.65,-99.88,0,43.68,0.0,0.1,56.58,180.72,693.09,1289.29
Artiodactyla,Bovidae,Oreotragus,oreotragus,Oreotragus oreotragus,2,13486.55,-999.0,824.99,-999.0,-999.0,-999.0,-999.0,4,-999.0,214.0,1,-999.0,-999.0,365.0,0.98,-999.0,213.96,1130.0,-999.0,2.62,-999.0,371.23,2.0,4,1,1,136.87,-999.0,-999,543;730;869;917;1297;1525;1848;2629;2655;2693;2986,-999.0,1.1,-999.0,-999.0,5375303.33,19.29,-34.83,-7.77,50.9,7.62,29.26,0,38.39,1.0,0.13,66.5,209.37,776.24,1452.31
Chiroptera,Thyropteridae,Thyroptera,tricolor,Thyroptera tricolor,-999,4.52,35.49,-999.0,-999.0,-999.0,-999.0,-999.0,1,-999.0,154.24,1,-999.0,-999.0,-999.0,0.98,2.0,-999.0,1.09,18.0,-999.0,-999.0,-999.0,-999.0,-999,2,3,-999.0,-999.0,-999,196;679;716;890;1297;1658;1784;2143;2151;2622;2655;2719;2751;3050,-999.0,-999.0,-999.0,-999.0,9815698.72,17.73,-25.41,-3.84,-34.79,-93.81,-64.3,0,28.9,0.0,0.11,160.56,239.84,1339.48,1563.27
Diprotodontia,Petauridae,Petaurus,gracilis,Petaurus gracilis,1,360.63,-999.0,-999.0,-999.0,-999.0,-999.0,-999.0,4,-999.0,-999.0,1,-999.0,-999.0,-999.0,1.75,-999.0,-999.0,-999.0,-999.0,12.0,-999.0,-999.0,-999.0,-999,2,2,-999.0,-999.0,-999,955;1466;1467;1760;1848;2655,-999.0,-999.0,-999.0,-999.0,8721.42,-17.98,-19.26,-18.62,146.73,145.51,146.12,0,11.64,0.0,0.06,152.07,213.54,1127.89,1769.58
Primates,Indriidae,Propithecus,coquereli,Propithecus coquereli,3,4189.27,-999.0,-999.0,-999.0,1533.0,-999.0,-999.0,-999,-999.0,140.99,-999,-999.0,-999.0,365.0,1.0,-999.0,-999.0,102.45,-999.0,-999.0,-999.0,-999.0,5.5,-999,-999,-999,180.96,-999.0,-999,1546;1547,-999.0,1.1,-999.0,-999.0,7668.04,-14.57,-16.41,-15.49,48.63,46.66,47.65,9,16.43,9.0,0.19,134.79,251.42,982.55,1753.03
Soricomorpha,Soricidae,Cryptotis,meridensis,Cryptotis meridensis,-999,12.63,-999.0,-999.0,-999.0,-999.0,-999.0,-999.0,1,-999.0,-999.0,2,-999.0,-999.0,-999.0,-999.0,-999.0,-999.0,-999.0,-999.0,104.61,-999.0,-999.0,-999.0,-999,1,3,-999.0,-999.0,-999,794;858;2655,-999.0,-999.0,-999.0,-999.0,27050.11,10.84,7.08,8.96,-66.23,-73.44,-69.84,7,166.15,8.0,0.09,104.67,209.91,1385.5,1688.58
Soricomorpha,Soricidae,Sorex,vagrans,Sorex vagrans,2,5.99,-999.0,64.51,15.75,-999.0,-999.0,-999.0,3,-999.0,20.13,-999,0.002073312,0.001977464,-999.0,5.84,1.5,25.0,0.41,-999.0,1759.54,1.0,417.36,-999.0,6,-999,2,21.83,5.49,-999,34;176;543;626;640;646;730;1081;1289;1297;1378;1442;1445;1451;1503;1849;2080;2170;2505;2655;2730;2786;2819;3059,-999.0,-999.0,-999.0,-999.0,1257392.2,52.44,35.86,44.15,-112.29,-126.05,-119.17,0,23.06,0.0,0.08,49.03,64.59,341.98,792.43
Chiroptera,Hipposideridae,Hipposideros,speoris,Hipposideros speoris,-999,10.39,51.49,-999.0,10.0,443.57,-999.0,-999.0,1,-999.0,139.13,1,-999.0,-999.0,-999.0,0.99,1.0,-999.0,2.1,-999.0,-999.0,300.0,271.84,-999.0,-999,2,3,48.38,6.31,-999,83;196;632;679;1146;1207;1297;1384;1453;1658;1784;2143;2151;2504;2655;3023,-999.0,-999.0,-999.0,-999.0,1072136.01,30.46,5.91,18.18,86.6,71.87,79.24,22,370.0,90.0,0.08,96.08,262.41,857.62,1583.28
Carnivora,Viverridae,Chrotogale,owstoni,Chrotogale owstoni,2,3267.71,-999.0,570.29,-999.0,-999.0,-999.0,-999.0,6,-999.0,-999.0,1,-999.0,-999.0,-999.0,-999.0,-999.0,-999.0,-999.0,-999.0,-999.0,-999.0,-999.0,-999.0,4,1,2,-999.0,-999.0,-999,1113;2655,-999.0,-999.0,-999.0,-999.0,27879.9,23.61,20.44,22.03,106.03,104.04,105.03,35,297.26,49.0,0.1,136.85,183.06,1082.74,1204.05
Rodentia,Sciuridae,Sundasciurus,jentinki,Sundasciurus jentinki,-999,-999.0,-999.0,210.0,-999.0,-999.0,-999.0,-999.0,-999,-999.0,-999.0,-999,-999.0,-999.0,-999.0,-999.0,-999.0,-999.0,-999.0,-999.0,-999.0,-999.0,-999.0,-999.0,5,-999,-999,-999.0,-999.0,-999,2152,264.3,-999.0,-999.0,-999.0,3662.22,5.21,4.76,4.98,116.59,115.71,116.15,4,15.49,4.0,0.32,277.83,229.16,1795.82,1883.15
Dasyuromorphia,Dasyuridae,Phascomurexia,naso,Phascomurexia naso,2,52.62,-999.0,122.28,-999.0,-999.0,-999.0,-999.0,1,-999.0,-999.0,3,-999.0,-999.0,-999.0,3.68,1.5,-999.0,-999.0,-999.0,150.0,-999.0,374.16,-999.0,4,2,3,-999.0,-999.0,-999,955;977;1297;1760;1848;1991;2152;2655;3083,-999.0,-999.0,-999.0,-999.0,142979.93,-1.06,-8.9,-4.98,147.29,133.65,140.47,1,10.26,2.0,0.14,274.79,185.53,1690.79,1711.54
Chiroptera,Phyllostomidae,Choeroniscus,periosus,Choeroniscus periosus,-999,-999.0,41.0,-999.0,-999.0,-999.0,-999.0,-999.0,-999,-999.0,-999.0,1,-999.0,-999.0,-999.0,-999.0,-999.0,-999.0,-999.0,-999.0,-999.0,-999.0,-999.0,-999.0,-999,2,-999,-999.0,-999.0,-999,1658;2151,10.46,-999.0,-999.0,-999.0,250151.45,6.98,-1.75,2.61,-75.01,-80.5,-77.75,0,53.09,5.0,0.12,213.36,216.97,1442.75,1559.18
Carnivora,Viverridae,Genetta,tigrina,Genetta tigrina,1,2066.57,-999.0,543.37,13.72,-999.0,826.86,1879.0,6,-999.0,71.48,1,0.04,0.04,304.16,2.76,-999.0,180.0,85.5,-999.0,-999.0,-999.0,841.82,-999.0,4,1,2,87.77,-999.0,-999,367;543;1052;1113;1297;1573;1822;2655;2993,-999.0,1.2,-999.0,-999.0,587510.9,-22.12,-34.83,-28.48,32.89,17.84,25.37,0,61.1,3.0,0.1,54.32,170.06,767.89,1218.19
Peramelemorphia,Thylacomyidae,Macrotis,lagotis,Macrotis lagotis,1,1229.58,-999.0,375.0,-999.0,-999.0,400.19,1138.0,7,-999.0,14.6,2,-999.0,-999.0,175.0,1.5,4.0,120.0,-999.0,-999.0,8.0,-999.0,177.68,1.0,-999,1,2,93.73,-999.0,-999,123;511;543;955;1015;1072;1219;1297;1412;1760;1822;1926;1946;2655;2679;2680;2682,-999.0,-999.0,-999.0,-999.0,1334006.79,-16.36,-27.96,-22.16,141.01,117.56,129.28,0,0.0,0.0,-999.0,24.38,234.87,348.56,1380.47
Chiroptera,Emballonuridae,Taphozous,nudiventris,Taphozous nudiventris,1,32.49,76.15,85.99,7.0,371.08,-999.0,-999.0,-999,-999.0,100.11,1,-999.0,-999.0,-999.0,1.0,1.0,-999.0,8.91,48.0,-999.0,-999.0,421.91,-999.0,-999,2,-999,52.01,-999.0,-999,60;889;1297;1658;1705;1860;2143;2151;2548;2622;2655;3110,-999.0,-999.0,-999.0,-999.0,10699734.93,36.63,1.95,19.29,96.89,-15.95,40.47,0,129.3,1.0,0.1,70.12,248.6,658.19,1500.84
Rodentia,Gliridae,Myomimus,roachi,Myomimus roachi,-999,-999.0,-999.0,-999.0,-999.0,-999.0,-999.0,-999.0,-999,-999.0,-999.0,-999,-999.0,-999.0,-999.0,-999.0,-999.0,-999.0,-999.0,-999.0,-999.0,-999.0,-999.0,-999.0,-999,-999,-999,-999.0,-999.0,-999,-999,-999.0,-999.0,-999.0,-999.0,19296.94,43.45,38.67,41.06,27.81,25.72,26.77,45,74.44,46.0,0.004537467,49.37,118.07,469.99,891.21
Artiodactyla,Bovidae,Bos,frontalis,Bos frontalis,2,800143.05,-999.0,2700.0,-999.0,-999.0,-999.0,-999.0,3,-999.0,273.75,-999,-999.0,-999.0,403.02,1.22,1.0,314.4,22977.05,-999.0,0.54,-999.0,610.97,40.0,-999,-999,1,186.67,-999.0,-999,511;543;730;899;1297;1525;1848;2655;2986,-999.0,-999.0,-999.0,-999.0,2294331.63,28.01,2.86,15.43,108.68,73.55,91.12,1,152.67,8.0,0.09,145.21,229.71,1053.45,1483.02
Cetacea,Balaenidae,Balaena,mysticetus,Balaena mysticetus,-999,79691178.99,-999.0,12187.12,-999.0,-999.0,-999.0,-999.0,1,-999.0,379.9,1,-999.0,-999.0,1642.5,1.0,0.41,480.0,-999.0,-999.0,-999.0,-999.0,6041.21,5.0,-999,-999,3,352.0,-999.0,-999,96;543;555;899;1004;1015;1297;2655,-999.0,-999.0,-999.0,-999.0,-999.0,-999.0,-999.0,-999.0,-999.0,-999.0,-999.0,-999,-999.0,-999.0,-999.0,-999.0,-999.0,-999.0,-999.0
Diprotodontia,Macropodidae,Dendrolagus,inustus,Dendrolagus inustus,2,12625.0,-999.0,716.21,-999.0,-999.0,-999.0,-999.0,2,-999.0,-999.0,2,-999.0,-999.0,-999.0,1.11,-999.0,240.0,-999.0,-999.0,-999.0,-999.0,578.24,-999.0,4,2,1,538.46,1800.0,-999,511;543;955;977;1848;1991;2152;2655,-999.0,-999.0,-999.0,-999.0,126998.25,-0.007690149,-4.11,-2.05,142.75,130.2,136.48,2,5.44,2.0,0.14,216.33,259.98,1714.0,1807.89
Chiroptera,Emballonuridae,Taphozous,melanopogon,Taphozous melanopogon,1,25.99,63.72,-999.0,-999.0,730.0,-999.0,-999.0,-999,-999.0,122.5,1,-999.0,-999.0,-999.0,0.99,1.0,-999.0,5.8,-999.0,-999.0,300.0,374.39,-999.0,-999,2,-999,46.67,20.0,-999,138;196;889;1297;1439;1592;1621;1658;1705;2143;2151;2546;2655,-999.0,-999.0,-999.0,-999.0,7234034.08,31.28,-10.37,10.45,128.9,68.93,98.92,1,222.74,9.0,0.1,153.56,236.93,1098.79,1509.4
Chiroptera,Phyllostomidae,Erophylla,sezekorni,Erophylla sezekorni,-999,15.87,47.5,-999.0,-999.0,-999.0,-999.0,-999.0,-999,-999.0,-999.0,1,-999.0,-999.0,-999.0,1.0,-999.0,-999.0,0.85,25.4,-999.0,-999.0,-999.0,-999.0,-999,2,-999,-999.0,-999.0,-999,503;1222;1297;1658;2143;2151;2655,-999.0,-999.0,-999.0,-999.0,123555.55,26.91,17.7,22.31,-74.0,-84.95,-79.48,1,114.85,5.0,0.03,108.01,251.47,1271.0,1782.03
Dasyuromorphia,Dasyuridae,Dasyurus,spartacus,Dasyurus spartacus,2,885.67,-999.0,356.27,-999.0,-999.0,-999.0,-999.0,5,121.66,19.12,1,-999.0,-999.0,-999.0,6.78,-999.0,-999.0,-999.0,-999.0,-999.0,-999.0,-999.0,-999.0,7,1,2,97.65,-999.0,-999,977;1760;1848;1991;2152;2907,-999.0,-999.0,-999.0,-999.0,990.45,-8.65,-9.2,-8.93,141.67,141.46,141.57,1,1.0,1.0,0.0,153.32,260.66,1435.01,1639.33
Diprotodontia,Vombatidae,Lasiorhinus,krefftii,Lasiorhinus krefftii,1,31849.99,-999.0,1002.48,-999.0,-999.0,-999.0,-999.0,3,-999.0,-999.0,2,0.05,0.05,548.0,1.0,1.0,360.0,-999.0,-999.0,21.99,-999.0,-999.0,1.0,-999,1,1,362.93,-999.0,-999,899;955;1499;1500;1573;1760;1848;2655,-999.0,-999.0,-999.0,-999.0,28559.17,-22.15,-24.02,-23.09,148.14,146.39,147.27,0,0.23,0.0,0.0,49.95,211.97,668.99,1489.45
Rodentia,Ctenomyidae,Ctenomys,maulinus,Ctenomys maulinus,-999,215.0,-999.0,-999.0,-999.0,-999.0,187.05,215.0,3,-999.0,-999.0,2,-999.0,-999.0,-999.0,-999.0,-999.0,-999.0,-999.0,-999.0,-999.0,-999.0,-999.0,-999.0,-999,1,1,-999.0,-999.0,-999,230;890;1822;2151;2655,-999.0,-999.0,-999.0,-999.0,51536.0,-35.04,-41.51,-38.28,-70.41,-72.4,-71.4,1,15.09,1.0,0.08,60.56,61.08,610.08,944.03
Artiodactyla,Bovidae,Alcelaphus,lichtensteinii,Alcelaphus lichtensteinii,-999,168695.66,-999.0,-999.0,-999.0,730.0,-999.0,-999.0,3,-999.0,237.0,1,4.41,-999.0,365.0,0.98,-999.0,-999.0,15000.0,-999.0,1.71,-999.0,596.29,10.0,-999,1,1,-999.0,-999.0,-999,869;1297;1525;1848;2629;2655;2693,-999.0,1.1,-999.0,-999.0,2264335.8,-1.36,-21.89,-11.63,39.41,19.07,29.24,1,21.99,2.0,0.2,91.49,222.42,908.73,1494.78
Chiroptera,Pteropodidae,Rousettus,lanosus,Rousettus lanosus,-999,104.78,88.2,-999.0,-999.0,-999.0,-999.0,-999.0,-999,-999.0,-999.0,1,-999.0,-999.0,-999.0,-999.0,-999.0,-999.0,-999.0,-999.0,-999.0,100.0,-999.0,-999.0,-999,2,-999,-999.0,-999.0,-999,77;268;1658;2017;2151;2655,-999.0,-999.0,-999.0,-999.0,846954.61,8.15,-11.86,-1.85,38.65,28.53,33.59,1,67.23,2.0,0.12,79.31,222.43,1056.75,1497.39
Rodentia,Dipodidae,Allactaga,vinogradovi,Allactaga vinogradovi,-999,-999.0,-999.0,-999.0,-999.0,-999.0,-999.0,-999.0,-999,-999.0,-999.0,-999,-999.0,-999.0,-999.0,-999.0,-999.0,-999.0,-999.0,-999.0,-999.0,-999.0,-999.0,-999.0,-999,-999,-999,-999.0,-999.0,-999,-999,-999.0,-999.0,-999.0,-999.0,158260.74,45.73,39.51,42.62,75.02,66.75,70.89,1,43.64,1.0,0.01,22.66,103.19,252.93,678.2
Afrosoricida,Tenrecidae,Microgale,monticola,Microgale monticola,-999,13.9,-999.0,-999.0,-999.0,-999.0,-999.0,-999.0,-999,-999.0,-999.0,-999,-999.0,-999.0,-999.0,-999.0,-999.0,-999.0,-999.0,-999.0,-999.0,-999.0,-999.0,-999.0,-999,-999,-999,-999.0,-999.0,-999,2655,-999.0,-999.0,-999.0,-999.0,2571.38,-14.29,-14.89,-14.59,49.88,49.3,49.59,11,25.24,11.0,0.15,139.24,178.24,1375.45,1703.99
Scandentia,Tupaiidae,Tupaia,glis,Tupaia glis,3,132.43,-999.0,185.0,-999.0,203.75,93.48,123.0,4,-999.0,45.99,2,0.008142403,0.008725349,45.3,2.22,2.5,149.0,12.6,97.36,406.3,-999.0,122.77,-999.0,4,2,2,34.27,100.0,-999,543;679;730;885;1297;1736;1822;2152;2655,-999.0,-999.0,-999.0,-999.0,752165.74,9.27,-8.78,0.24,114.6,95.18,104.89,3,247.48,22.0,0.1,216.09,252.14,1647.22,1768.46
Primates,Cebidae,Callithrix,kuhlii,Callithrix kuhlii,3,374.99,-999.0,-999.0,-999.0,-999.0,-999.0,-999.0,4,-999.0,-999.0,1,0.06,-999.0,-999.0,-999.0,-999.0,-999.0,-999.0,-999.0,59.0,-999.0,-999.0,-999.0,-999,2,2,-999.0,-999.0,-999,890;1547;2151;2344;2655;2725,-999.0,-999.0,-999.0,-999.0,34583.88,-14.4,-16.84,-15.62,-38.85,-40.32,-39.59,7,32.31,9.5,0.08,149.75,229.94,1475.45,1613.32
Lagomorpha,Ochotonidae,Ochotona,hyperborea,Ochotona hyperborea,-999,120.0,-999.0,160.0,-999.0,-999.0,-999.0,-999.0,-999,-999.0,28.0,1,0.002148301,0.002568817,-999.0,3.02,-999.0,-999.0,9.59,-999.0,3376.38,-999.0,-999.0,-999.0,-999,1,-999,-999.0,-999.0,-999,401;1210;2647,-999.0,-999.0,-999.0,-999.0,10228947.77,74.8,39.08,56.94,179.99,60.91,120.45,0,5.75,0.0,-0.04,28.26,-92.29,278.27,320.26
Rodentia,Abrocomidae,Cuscomys,ashaninka,Cuscomys ashaninka,-999,-999.0,-999.0,-999.0,-999.0,-999.0,-999.0,-999.0,-999,-999.0,-999.0,-999,-999.0,-999.0,-999.0,-999.0,-999.0,-999.0,-999.0,-999.0,-999.0,-999.0,-999.0,-999.0,-999,-999,-999,-999.0,-999.0,-999,-999,-999.0,-999.0,-999.0,-999.0,-999.0,-999.0,-999.0,-999.0,-999.0,-999.0,-999.0,-999,-999.0,-999.0,-999.0,-999.0,-999.0,-999.0,-999.0
Soricomorpha,Soricidae,Cryptotis,alticola,Cryptotis alticola,-999,-999.0,-999.0,-999.0,-999.0,-999.0,-999.0,-999.0,-999,-999.0,-999.0,-999,-999.0,-999.0,-999.0,-999.0,-999.0,-999.0,-999.0,-999.0,-999.0,-999.0,-999.0,-999.0,-999,-999,-999,-999.0,-999.0,-999,-999,-999.0,-999.0,-999.0,-999.0,36737.67,19.84,18.73,19.29,-98.43,-104.18,-101.31,19,268.6,22.0,0.08,83.11,191.04,867.82,1386.43
Rodentia,Anomaluridae,Anomalurus,beecrofti,Anomalurus beecrofti,1,479.07,-999.0,-999.0,-999.0,-999.0,-999.0,-999.0,-999,-999.0,-999.0,1,-999.0,-999.0,-999.0,0.98,-999.0,-999.0,-999.0,-999.0,-999.0,-999.0,-999.0,-999.0,-999,2,-999,-999.0,-999.0,-999,904;1297;2655,-999.0,-999.0,-999.0,-999.0,4958782.98,16.56,-6.77,4.89,29.31,-17.53,5.88,0,46.27,1.0,0.12,136.46,253.23,1203.66,1563.78
Carnivora,Mustelidae,Poecilogale,albinucha,Poecilogale albinucha,1,308.16,-999.0,304.09,32.14,-999.0,-999.0,-999.0,1,-999.0,32.55,1,-999.0,-999.0,243.33,2.23,1.5,62.4,4.0,-999.0,-999.0,-999.0,914.79,-999.0,4,1,3,76.56,-999.0,-999,543;1113;1297;2655;2986,-999.0,-999.0,-999.0,-999.0,6524644.39,2.56,-34.83,-16.13,40.84,8.69,24.76,0,35.42,2.0,0.17,89.96,215.35,945.08,1454.94
Carnivora,Mustelidae,Neovison,vison,Neovison vison,-999,-999.0,-999.0,-999.0,-999.0,-999.0,-999.0,-999.0,-999,-999.0,-999.0,-999,-999.0,-999.0,-999.0,-999.0,-999.0,-999.0,-999.0,-999.0,-999.0,-999.0,-999.0,-999.0,-999,-999,-999,-999.0,-999.0,-999,-999,-999.0,-999.0,-999.0,-999.0,13218592.49,71.39,24.94,48.16,-55.61,-168.12,-111.87,0,20.21,0.0,0.03,55.37,14.91,458.26,529.25
Rodentia,Echimyidae,Proechimys,urichi,Proechimys urichi,-999,284.99,-999.0,-999.0,-999.0,-999.0,-999.0,-999.0,-999,-999.0,-999.0,-999,-999.0,-999.0,-999.0,-999.0,-999.0,-999.0,-999.0,-999.0,-999.0,-999.0,-999.0,-999.0,-999,-999,-999,-999.0,-999.0,-999,2655,-999.0,-999.0,-999.0,-999.0,-999.0,-999.0,-999.0,-999.0,-999.0,-999.0,-999.0,-999,-999.0,-999.0,-999.0,-999.0,-999.0,-999.0,-999.0
Rodentia,Calomyscidae,Calomyscus,tsolovi,Calomyscus tsolovi,-999,-999.0,-999.0,-999.0,-999.0,-999.0,-999.0,-999.0,-999,-999.0,-999.0,-999,-999.0,-999.0,-999.0,-999.0,-999.0,-999.0,-999.0,-999.0,-999.0,-999.0,-999.0,-999.0,-999,-999,-999,-999.0,-999.0,-999,-999,-999.0,-999.0,-999.0,-999.0,6.78,32.63,32.6,32.62,36.11,36.08,36.09,156,156.0,156.0,0.18,18.0,171.0,274.0,1348.0
Rodentia,Spalacidae,Myospalax,psilurus,Myospalax psilurus,-999,259.21,-999.0,-999.0,-999.0,-999.0,-999.0,-999.0,-999,-999.0,-999.0,-999,-999.0,-999.0,-999.0,3.11,-999.0,-999.0,-999.0,-999.0,-999.0,-999.0,-999.0,-999.0,-999,-999,-999,-999.0,-999.0,-999,1297;2132,-999.0,-999.0,-999.0,-999.0,1345129.75,51.08,33.98,42.53,136.89,113.7,125.3,1,184.13,2.0,0.03,42.61,32.95,536.05,637.01
Primates,Pitheciidae,Callicebus,donacophilus,Callicebus donacophilus,3,897.67,-999.0,-999.0,-999.0,-999.0,-999.0,-999.0,-999,-999.0,-999.0,1,-999.0,-999.0,-999.0,1.02,-999.0,-999.0,-999.0,-999.0,-999.0,-999.0,-999.0,1.0,-999,2,-999,-999.0,-999.0,-999,1547;1605;1633;2151;2655,-999.0,-999.0,-999.0,-999.0,288759.02,-10.45,-21.29,-15.87,-57.52,-67.21,-62.37,0,3.63,0.0,0.17,108.93,244.32,1238.19,1469.11
Primates,Pitheciidae,Callicebus,moloch,Callicebus moloch,3,958.13,-999.0,358.65,-999.0,1095.0,-999.0,-999.0,3,-999.0,164.0,1,0.02,0.03,365.0,1.01,-999.0,303.6,74.4,125.0,18.43,-999.0,1262.74,2.95,-999,2,2,58.85,-999.0,-999,208;543;730;890;1297;1512;1547;1605;1768;1848;2151;2344;2464;2489;2493;2520;2655;2660;2986,-999.0,1.1,-999.0,-999.0,911442.78,-1.3,-14.1,-7.7,-48.19,-58.29,-53.24,0,2.4,0.0,0.13,174.03,246.08,1330.45,1530.29
Chiroptera,Molossidae,Chaerephon,johorensis,Chaerephon johorensis,-999,-999.0,47.24,-999.0,-999.0,-999.0,-999.0,-999.0,1,-999.0,-999.0,1,-999.0,-999.0,-999.0,-999.0,-999.0,-999.0,-999.0,-999.0,-999.0,-999.0,-999.0,-999.0,-999,2,3,-999.0,-999.0,-999,76;679;1658;2151,15.69,-999.0,-999.0,-999.0,24699.24,5.45,2.17,3.81,103.92,98.5,101.21,3,105.65,3.0,0.11,210.92,252.0,1682.41,1808.3
Soricomorpha,Soricidae,Ruwenzorisorex,suncoides,Ruwenzorisorex suncoides,-999,18.2,-999.0,-999.0,-999.0,-999.0,-999.0,-999.0,-999,-999.0,-999.0,-999,-999.0,-999.0,-999.0,-999.0,-999.0,-999.0,-999.0,-999.0,-999.0,-999.0,-999.0,-999.0,-999,-999,-999,-999.0,-999.0,-999,2655,-999.0,-999.0,-999.0,-999.0,8823.5,0.56,-2.73,-1.08,30.05,28.92,29.48,56,146.35,56.0,0.1,117.31,186.92,1358.18,1567.85
Chiroptera,Emballonuridae,Emballonura,semicaudata,Emballonura semicaudata,1,6.29,46.5,47.0,-999.0,-999.0,-999.0,-999.0,-999,-999.0,-999.0,1,-999.0,-999.0,-999.0,-999.0,-999.0,-999.0,-999.0,-999.0,-999.0,-999.0,-999.0,-999.0,-999,2,-999,-999.0,-999.0,-999,196;889;892;1658;2143;2151;2655,-999.0,-999.0,-999.0,-999.0,2369.52,15.29,-21.01,-2.86,179.99,-179.99,0.0,38,83.46,38.0,0.1,-999.0,-999.0,-999.0,-999.0
Primates,Atelidae,Ateles,belzebuth,Ateles belzebuth,3,6692.42,-999.0,459.3,-999.0,-999.0,-999.0,-999.0,2,-999.0,138.2,1,2.28,3.24,-999.0,1.02,-999.0,336.0,-999.0,-999.0,13.49,-999.0,-999.0,14.5,-999,2,1,-999.0,-999.0,-999,208;543;730;890;1297;1544;1547;1848;2151;2308;2344;2463;2655;2660;2912;2986,-999.0,-999.0,-999.0,-999.0,1030364.23,4.08,-4.98,-0.44,-60.12,-78.54,-69.33,0,2.79,0.0,0.11,227.01,257.68,1493.34,1512.96
Rodentia,Ctenodactylidae,Pectinator,spekei,Pectinator spekei,3,169.7,-999.0,-999.0,-999.0,-999.0,-999.0,-999.0,3,-999.0,-999.0,-999,-999.0,-999.0,-999.0,1.17,-999.0,120.0,-999.0,-999.0,-999.0,-999.0,374.16,-999.0,-999,-999,1,-999.0,-999.0,-999,543;1297;1810;2655,-999.0,-999.0,-999.0,-999.0,630728.82,15.49,4.58,10.04,51.41,39.53,45.47,1,13.27,3.0,0.09,28.05,251.73,383.98,1713.18
Cetacea,Eschrichtiidae,Eschrichtius,robustus,Eschrichtius robustus,2,27324024.19,-999.0,11831.89,-999.0,-999.0,-999.0,-999.0,3,-999.0,379.9,1,-999.0,-999.0,638.75,1.0,0.5,924.0,500000.0,4430.0,4.9,16.0,3189.25,16.0,-999,-999,2,211.71,-999.0,-999,388;505;511;543;1004;1015;1297;1513;2655,-999.0,-999.0,-999.0,-999.0,-999.0,-999.0,-999.0,-999.0,-999.0,-999.0,-999.0,-999,-999.0,-999.0,-999.0,-999.0,-999.0,-999.0,-999.0
Rodentia,Dipodidae,Sicista,tianshanica,Sicista tianshanica,-999,-999.0,-999.0,-999.0,-999.0,-999.0,-999.0,-999.0,-999,-999.0,-999.0,-999,-999.0,-999.0,-999.0,4.37,1.0,-999.0,-999.0,-999.0,-999.0,-999.0,-999.0,-999.0,-999,-999,-999,-999.0,-999.0,-999,1297,-999.0,-999.0,-999.0,-999.0,317896.41,47.6,41.66,44.63,87.84,74.66,81.25,2,21.74,2.0,0.05,21.29,-2.01,276.72,663.88
Rodentia,Castoridae,Castor,fiber,Castor fiber,-999,19000.0,-999.0,-999.0,-999.0,912.5,-999.0,-999.0,1,-999.0,106.42,-999,-999.0,-999.0,-999.0,2.95,1.0,300.0,550.27,-999.0,-999.0,-999.0,1034.61,-999.0,-999,-999,1,60.18,4199.99,-999,543;1047;1297;1849;2655;3141;3142,-999.0,-999.0,-999.0,-999.0,2929213.57,70.96,43.33,57.14,109.21,4.01,56.61,0,40.01,1.0,-0.006771038,45.01,23.3,368.57,382.36
Chiroptera,Molossidae,Cynomops,paranus,Cynomops paranus,-999,12.16,-999.0,-999.0,-999.0,-999.0,-999.0,-999.0,-999,-999.0,-999.0,-999,-999.0,-999.0,-999.0,-999.0,-999.0,-999.0,-999.0,-999.0,-999.0,-999.0,-999.0,-999.0,-999,-999,-999,-999.0,-999.0,-999,2622,-999.0,-999.0,-999.0,-999.0,11408256.94,12.46,-29.32,-8.43,-34.79,-80.93,-57.86,0,15.9,0.0,0.11,149.25,243.33,1296.32,1538.29
Rodentia,Erethizontidae,Sphiggurus,insidiosus,Sphiggurus insidiosus,1,998.32,-999.0,-999.0,-999.0,-999.0,-999.0,-999.0,3,-999.0,-999.0,1,-999.0,-999.0,-999.0,0.97,-999.0,-999.0,-999.0,-999.0,26.3,-999.0,-999.0,-999.0,5,2,2,-999.0,-999.0,-999,730;2151;2655,-999.0,-999.0,-999.0,-999.0,1080607.65,-7.08,-23.55,-15.31,-36.61,-46.85,-41.73,3,71.21,4.0,0.06,100.43,221.7,1071.72,1403.78
Monotremata,Tachyglossidae,Zaglossus,bruijni,Zaglossus bruijni,1,8951.71,-999.0,675.0,-999.0,-999.0,1215.4,10700.0,1,-999.0,10.0,1,-999.0,-999.0,-999.0,1.0,-999.0,372.0,-999.0,-999.0,1.6,1.0,-999.0,1.0,-999,1,3,90.73,400.0,-999,511;543;899;1297;1822;1848;1947;1991;2152;2484;2655,-999.0,-999.0,-999.0,-999.0,25654.49,-0.007690132,-4.14,-2.07,136.38,130.2,133.29,2,10.12,2.0,0.12,211.51,220.2,1735.9,1953.0
Artiodactyla,Bovidae,Damaliscus,lunatus,Damaliscus lunatus,2,136000.33,-999.0,1700.0,-999.0,912.5,-999.0,-999.0,1,-999.0,238.0,1,-999.0,-999.0,-999.0,0.98,-999.0,216.0,11000.0,-999.0,2.74,-999.0,665.3,3.6,2,1,1,-999.0,-999.0,-999,730;869;917;1297;1525;1848;2629;2655;2693;2986,-999.0,-999.0,-999.0,-999.0,1266510.5,-6.24,-26.69,-16.46,32.16,17.54,24.85,0,11.74,1.0,0.18,79.47,215.81,806.64,1417.25
Chiroptera,Rhinolophidae,Rhinolophus,subbadius,Rhinolophus subbadius,-999,-999.0,33.5,-999.0,-999.0,-999.0,-999.0,-999.0,1,-999.0,-999.0,1,-999.0,-999.0,-999.0,-999.0,-999.0,-999.0,-999.0,-999.0,-999.0,-999.0,-999.0,-999.0,-999,2,3,-999.0,-999.0,-999,679;1658;2151,5.86,-999.0,-999.0,-999.0,368631.78,28.18,22.83,25.51,98.36,85.0,91.68,1,176.56,2.0,0.08,186.35,172.2,1064.52,1261.81
Rodentia,Echimyidae,Makalata,didelphoides,Makalata didelphoides,1,398.66,-999.0,-999.0,-999.0,-999.0,-999.0,-999.0,-999,-999.0,-999.0,1,-999.0,-999.0,-999.0,1.0,-999.0,37.2,-999.0,-999.0,155.01,-999.0,-999.0,-999.0,-999,2,-999,-999.0,-999.0,-999,543;730;1297;2151;2655,-999.0,-999.0,-999.0,-999.0,3346517.79,9.76,-14.81,-2.52,-46.49,-74.87,-60.68,0,5.53,0.0,0.14,169.07,250.29,1468.58,1636.97
Primates,Indriidae,Propithecus,perrieri,Propithecus perrieri,3,-999.0,-999.0,-999.0,-999.0,-999.0,-999.0,-999.0,-999,-999.0,-999.0,-999,-999.0,-999.0,-999.0,-999.0,-999.0,-999.0,-999.0,-999.0,-999.0,-999.0,-999.0,4.5,-999,-999,-999,-999.0,-999.0,-999,1546,-999.0,-999.0,-999.0,-999.0,661.89,-12.69,-12.98,-12.84,49.67,49.31,49.49,9,12.0,9.0,0.13,90.5,252.5,-999.0,-999.0
Didelphimorphia,Didelphidae,Monodelphis,umbristriata,Monodelphis umbristriata,-999,-999.0,-999.0,-999.0,-999.0,-999.0,-999.0,-999.0,-999,-999.0,-999.0,-999,-999.0,-999.0,-999.0,-999.0,-999.0,-999.0,-999.0,-999.0,-999.0,-999.0,-999.0,-999.0,-999,-999,-999,-999.0,-999.0,-999,-999,-999.0,-999.0,-999.0,-999.0,-999.0,-999.0,-999.0,-999.0,-999.0,-999.0,-999.0,-999,-999.0,-999.0,-999.0,-999.0,-999.0,-999.0,-999.0
Soricomorpha,Soricidae,Crocidura,foetida,Crocidura foetida,-999,-999.0,-999.0,-999.0,-999.0,-999.0,-999.0,-999.0,-999,-999.0,-999.0,-999,-999.0,-999.0,-999.0,-999.0,-999.0,-999.0,-999.0,-999.0,-999.0,-999.0,-999.0,-999.0,-999,-999,-999,-999.0,-999.0,-999,-999,-999.0,-999.0,-999.0,-999.0,-999.0,-999.0,-999.0,-999.0,-999.0,-999.0,-999.0,-999,-999.0,-999.0,-999.0,-999.0,-999.0,-999.0,-999.0
Chiroptera,Phyllostomidae,Sturnira,luisi,Sturnira luisi,-999,-999.0,43.0,-999.0,-999.0,-999.0,-999.0,-999.0,1,-999.0,-999.0,1,-999.0,-999.0,-999.0,-999.0,-999.0,-999.0,-999.0,-999.0,-999.0,-999.0,-999.0,-999.0,-999,2,1,-999.0,-999.0,-999,889;1658;2151,11.99,-999.0,-999.0,-999.0,530510.11,10.5,-10.2,0.15,-76.3,-84.59,-80.44,0,47.3,2.0,0.1,174.37,210.48,1116.25,1473.71
Carnivora,Mephitidae,Spilogale,gracilis,Spilogale gracilis,-999,-999.0,-999.0,-999.0,-999.0,-999.0,-999.0,-999.0,-999,-999.0,-999.0,-999,-999.0,-999.0,-999.0,-999.0,-999.0,-999.0,-999.0,-999.0,-999.0,-999.0,-999.0,-999.0,-999,-999,-999,-999.0,-999.0,-999,-999,-999.0,-999.0,-999.0,-999.0,3831634.7,51.59,21.59,36.59,-97.73,-126.3,-112.01,0,22.96,0.0,0.1,34.13,117.65,418.03,1007.45
Soricomorpha,Talpidae,Talpa,romana,Talpa romana,2,92.5,-999.0,145.45,-999.0,-999.0,-999.0,-999.0,1,-999.0,-999.0,2,0.002738746,0.002302655,-999.0,-999.0,-999.0,-999.0,-999.0,-999.0,1157.05,1.0,-999.0,-999.0,-999,1,3,-999.0,-999.0,-999,255;1573;1826;1827;1828;2131;2655,-999.0,-999.0,-999.0,-999.0,88832.74,43.31,37.91,40.61,18.51,11.39,14.95,50,258.83,73.0,0.003679644,69.79,138.16,554.89,972.55
Chiroptera,Rhinolophidae,Rhinolophus,eloquens,Rhinolophus eloquens,-999,19.15,57.0,-999.0,-999.0,-999.0,-999.0,-999.0,1,-999.0,-999.0,1,-999.0,-999.0,-999.0,-999.0,-999.0,-999.0,-999.0,-999.0,-999.0,-999.0,-999.0,-999.0,-999,2,3,-999.0,-999.0,-999,196;1658;2151;2655;2719,-999.0,-999.0,-999.0,-999.0,560935.75,6.38,-6.47,-0.04,43.6,28.75,36.18,1,91.85,4.0,0.11,85.48,224.68,1124.83,1579.27
Chiroptera,Vespertilionidae,Falsistrellus,tasmaniensis,Falsistrellus tasmaniensis,-999,22.54,49.99,-999.0,-999.0,-999.0,-999.0,-999.0,1,-999.0,-999.0,1,-999.0,-999.0,-999.0,-999.0,-999.0,-999.0,-999.0,-999.0,-999.0,-999.0,-999.0,-999.0,-999,2,3,-999.0,-999.0,-999,1658;2143;2151;2186;2655,-999.0,-999.0,-999.0,-999.0,436078.01,-26.5,-43.64,-35.07,153.63,141.2,147.42,0,32.38,1.0,0.04,69.83,136.54,677.9,1040.11
Artiodactyla,Bovidae,Connochaetes,gnou,Connochaetes gnou,2,156547.53,-999.0,1821.79,-999.0,912.5,-999.0,-999.0,2,-999.0,256.76,1,0.95,-999.0,-999.0,1.0,-999.0,240.0,10941.45,-999.0,34.62,-999.0,965.63,26.75,2,1,1,111.57,-999.0,-999,543;869;917;1297;1525;1848;2629;2655;2693;2956,-999.0,-999.0,-999.0,-999.0,132200.71,-26.92,-30.73,-28.83,29.61,24.14,26.87,2,21.86,2.0,0.11,47.98,154.29,637.43,1148.16
Chiroptera,Hipposideridae,Hipposideros,rotalis,Hipposideros rotalis,-999,-999.0,-999.0,-999.0,-999.0,-999.0,-999.0,-999.0,-999,-999.0,-999.0,-999,-999.0,-999.0,-999.0,-999.0,-999.0,-999.0,-999.0,-999.0,-999.0,-999.0,-999.0,-999.0,-999,-999,-999,-999.0,-999.0,-999,-999,-999.0,-999.0,-999.0,-999.0,20917.08,19.1,17.83,18.47,105.05,102.39,103.72,5,44.38,5.0,0.12,139.93,214.09,1020.33,1301.45
Chiroptera,Rhinolophidae,Rhinolophus,guineensis,Rhinolophus guineensis,-999,-999.0,46.5,-999.0,-999.0,-999.0,-999.0,-999.0,-999,-999.0,-999.0,1,-999.0,-999.0,-999.0,-999.0,-999.0,-999.0,-999.0,-999.0,-999.0,-999.0,-999.0,-999.0,-999,2,-999,-999.0,-999.0,-999,1658;2151,15.0,-999.0,-999.0,-999.0,116184.31,12.7,7.16,9.93,-8.3,-15.8,-12.05,3,31.0,8.0,0.07,187.1,253.96,1052.6,1481.43
Carnivora,Viverridae,Arctogalidia,trivirgata,Arctogalidia trivirgata,1,2323.79,-999.0,526.9,11.02,-999.0,690.0,2400.0,6,-999.0,45.95,1,-999.0,-999.0,182.5,2.79,-999.0,190.0,-999.0,-999.0,-999.0,-999.0,841.82,-999.0,-999,1,2,49.41,-999.0,-999,367;543;1113;1297;2655,-999.0,1.56,-999.0,-999.0,2766097.4,29.44,-7.64,10.9,119.26,91.5,105.38,1,97.79,4.0,0.12,199.26,232.1,1365.07,1588.8
Chiroptera,Hipposideridae,Hipposideros,commersoni,Hipposideros commersoni,1,89.99,95.99,127.5,-999.0,882.08,-999.0,-999.0,1,-999.0,150.34,1,-999.0,-999.0,-999.0,0.99,1.0,-999.0,28.0,-999.0,-999.0,20.0,742.46,-999.0,-999,2,3,151.03,-999.0,-999,44;196;632;1045;1048;1257;1297;1658;2143;2151;2622;2655;2719,-999.0,-999.0,-999.0,-999.0,17699930.41,17.49,-26.57,-4.54,50.48,-16.82,16.82,0,31.51,1.0,0.13,91.07,241.05,913.23,1553.76
Rodentia,Sciuridae,Tamias,townsendii,Tamias townsendii,3,79.12,-999.0,139.23,28.0,-999.0,-999.0,-999.0,8,-999.0,28.0,3,0.0072278,0.007261674,-999.0,3.75,1.0,84.0,3.52,42.69,260.0,-999.0,-999.0,-999.0,8,2,2,41.76,34.99,-999,730;1000;1058;1215;1297;1577;1578;1781;1977;2655;2765;2831;2870,-999.0,-999.0,-999.0,-999.0,151998.14,49.31,42.4,45.85,-120.18,-124.73,-122.45,0,59.68,1.0,0.09,100.27,73.13,444.55,685.32
Diprotodontia,Macropodidae,Thylogale,billardierii,Thylogale billardierii,-999,5865.86,-999.0,-999.0,-999.0,441.04,-999.0,-999.0,-999,-999.0,30.73,1,-999.0,-999.0,284.5,1.0,1.0,120.0,0.4,-999.0,250.0,-999.0,418.85,-999.0,-999,1,-999,289.17,1727.45,-999,543;955;1297;1412;1760;1848;2483;2484;2655;2986,-999.0,-999.0,-999.0,-999.0,66496.92,-39.58,-43.64,-41.61,148.48,143.83,146.15,0,5.75,0.0,-0.09,71.08,105.05,610.94,778.91
Chiroptera,Vespertilionidae,Plecotus,alpinus,Plecotus alpinus,-999,-999.0,-999.0,-999.0,-999.0,-999.0,-999.0,-999.0,-999,-999.0,-999.0,-999,-999.0,-999.0,-999.0,-999.0,-999.0,-999.0,-999.0,-999.0,-999.0,-999.0,-999.0,-999.0,-999,-999,-999,-999.0,-999.0,-999,-999,-999.0,-999.0,-999.0,-999.0,-999.0,-999.0,-999.0,-999.0,-999.0,-999.0,-999.0,-999,-999.0,-999.0,-999.0,-999.0,-999.0,-999.0,-999.0
Rodentia,Ctenomyidae,Ctenomys,sericeus,Ctenomys sericeus,-999,400.0,-999.0,-999.0,-999.0,-999.0,-999.0,-999.0,3,-999.0,-999.0,1,-999.0,-999.0,-999.0,-999.0,-999.0,-999.0,-999.0,-999.0,-999.0,-999.0,-999.0,-999.0,-999,1,1,-999.0,-999.0,-999,2151;2655,-999.0,-999.0,-999.0,-999.0,237955.24,-40.23,-48.99,-44.61,-64.84,-71.81,-68.33,0,1.51,0.0,0.07,11.71,95.26,239.79,561.42
Soricomorpha,Talpidae,Mogera,uchidai,Mogera uchidai,2,-999.0,-999.0,-999.0,-999.0,-999.0,-999.0,-999.0,1,-999.0,-999.0,1,-999.0,-999.0,-999.0,-999.0,-999.0,-999.0,-999.0,-999.0,-999.0,-999.0,-999.0,-999.0,-999,1,3,-999.0,-999.0,-999,1015,-999.0,-999.0,-999.0,-999.0,0.03,25.75,25.74,25.74,123.48,123.48,123.48,0,0.0,0.0,-999.0,-999.0,-999.0,-999.0,-999.0
Rodentia,Cricetidae,Handleyomys,fuscatus,Handleyomys fuscatus,-999,49.5,-999.0,-999.0,-999.0,-999.0,-999.0,-999.0,-999,-999.0,-999.0,-999,-999.0,-999.0,-999.0,-999.0,-999.0,-999.0,-999.0,-999.0,-999.0,-999.0,-999.0,-999.0,-999,-999,-999,-999.0,-999.0,-999,2655,-999.0,-999.0,-999.0,-999.0,79797.77,8.61,1.67,5.14,-73.92,-77.27,-75.6,6,82.11,10.0,0.09,192.38,201.2,1516.71,1597.12
Cetacea,Phocoenidae,Phocoena,sinus,Phocoena sinus,-999,43121.43,-999.0,1520.0,-999.0,-999.0,-999.0,-999.0,2,-999.0,-999.0,1,-999.0,-999.0,-999.0,0.97,-999.0,-999.0,-999.0,-999.0,-999.0,-999.0,-999.0,-999.0,-999,-999,3,-999.0,-999.0,-999,511;899;1217;1297;2655,-999.0,-999.0,-999.0,-999.0,-999.0,-999.0,-999.0,-999.0,-999.0,-999.0,-999.0,-999,-999.0,-999.0,-999.0,-999.0,-999.0,-999.0,-999.0
Cetacea,Delphinidae,Lissodelphis,peronii,Lissodelphis peronii,-999,116000.0,-999.0,-999.0,-999.0,-999.0,-999.0,-999.0,-999,-999.0,-999.0,1,-999.0,-999.0,-999.0,-999.0,-999.0,-999.0,-999.0,-999.0,-999.0,-999.0,-999.0,-999.0,-999,-999,-999,-999.0,-999.0,-999,2151;2655,-999.0,-999.0,-999.0,-999.0,-999.0,-999.0,-999.0,-999.0,-999.0,-999.0,-999.0,-999,-999.0,-999.0,-999.0,-999.0,-999.0,-999.0,-999.0
Primates,Atelidae,Alouatta,pigra,Alouatta pigra,3,7172.06,-999.0,566.94,-999.0,-999.0,-999.0,-999.0,2,-999.0,185.92,1,0.3,0.46,-999.0,1.01,-999.0,240.0,480.0,-999.0,8.53,-999.0,-999.0,5.5,-999,2,1,-999.0,-999.0,-999,543;702;730;905;1297;1544;1547;1848;2151;2344;2655;2660;2986,-999.0,-999.0,-999.0,-999.0,91384.8,21.6,16.0,18.8,-86.73,-92.43,-89.58,3,16.53,3.0,0.24,134.13,250.78,1373.84,1580.84
Primates,Cebidae,Cebus,capucinus,Cebus capucinus,3,3005.99,-999.0,377.82,-999.0,1460.0,-999.0,-999.0,4,-999.0,161.06,2,0.35,0.63,790.83,1.01,-999.0,657.6,238.36,-999.0,27.27,-999.0,2134.73,18.15,-999,2,2,514.07,1349.99,-999,208;543;730;890;1017;1052;1297;1544;1547;1767;1848;2151;2344;2463;2489;2493;2655;2660;2986,-999.0,0.74,-999.0,-999.0,431037.87,16.02,1.46,8.74,-74.85,-88.77,-81.81,2,50.9,3.0,0.14,216.57,240.5,1382.23,1666.97
Chiroptera,Mormoopidae,Pteronotus,macleayii,Pteronotus macleayii,-999,-999.0,43.5,-999.0,-999.0,-999.0,-999.0,-999.0,1,-999.0,-999.0,1,-999.0,-999.0,-999.0,-999.0,-999.0,-999.0,-999.0,-999.0,-999.0,-999.0,-999.0,-999.0,-999,2,3,-999.0,-999.0,-999,889;1658;2151,12.39,-999.0,-999.0,-999.0,120492.27,23.19,17.7,20.44,-74.13,-84.95,-79.54,2,118.67,18.0,0.02,108.01,251.47,1271.0,1782.03
Didelphimorphia,Didelphidae,Micoureus,regina,Micoureus regina,1,118.6,-999.0,230.0,-999.0,-999.0,-999.0,-999.0,-999,-999.0,-999.0,-999,-999.0,-999.0,-999.0,-999.0,-999.0,-999.0,-999.0,-999.0,-999.0,-999.0,-999.0,-999.0,-999,-999,-999,-999.0,-999.0,-999,889;890;1760;2655,-999.0,-999.0,-999.0,-999.0,668331.62,4.96,-14.24,-4.64,-68.81,-78.05,-73.43,0,16.97,0.0,0.12,197.15,235.89,1445.65,1497.13
Primates,Pitheciidae,Chiropotes,utahickae,Chiropotes utahickae,-999,-999.0,-999.0,-999.0,-999.0,-999.0,-999.0,-999.0,-999,-999.0,-999.0,-999,-999.0,-999.0,-999.0,-999.0,-999.0,-999.0,-999.0,-999.0,-999.0,-999.0,-999.0,-999.0,-999,-999,-999,-999.0,-999.0,-999,-999,-999.0,-999.0,-999.0,-999.0,-999.0,-999.0,-999.0,-999.0,-999.0,-999.0,-999.0,-999,-999.0,-999.0,-999.0,-999.0,-999.0,-999.0,-999.0
Rodentia,Heteromyidae,Perognathus,merriami,Perognathus merriami,1,6.94,-999.0,58.7,-999.0,-999.0,-999.0,-999.0,3,-999.0,-999.0,2,0.008251478,0.008842233,-999.0,4.18,-999.0,30.0,-999.0,-999.0,170.0,-999.0,-999.0,-999.0,-999,1,2,-999.0,-999.0,-999,333;1514;2655,-999.0,-999.0,-999.0,-999.0,695708.88,36.03,22.57,29.3,-97.05,-105.76,-101.41,0,17.15,0.0,0.06,42.58,189.98,609.92,1172.93
Diprotodontia,Phalangeridae,Phalanger,ornatus,Phalanger ornatus,1,1787.5,-999.0,-999.0,-999.0,-999.0,-999.0,-999.0,1,-999.0,-999.0,1,-999.0,-999.0,-999.0,-999.0,-999.0,-999.0,-999.0,-999.0,-999.0,-999.0,-999.0,-999.0,-999,2,1,-999.0,-999.0,-999,1760;1848;2655,-999.0,-999.0,-999.0,-999.0,22430.66,2.64,-0.92,0.86,128.9,127.28,128.09,5,31.59,5.0,0.05,192.66,250.11,-999.0,-999.0
Rodentia,Dipodidae,Sicista,napaea,Sicista napaea,-999,10.0,-999.0,-999.0,-999.0,-999.0,-999.0,-999.0,3,-999.0,20.0,-999,-999.0,-999.0,-999.0,3.49,1.0,-999.0,-999.0,-999.0,-999.0,-999.0,-999.0,-999.0,-999,-999,2,-999.0,-999.0,-999,1297;2151;2655,-999.0,-999.0,-999.0,-999.0,236088.44,53.54,47.33,50.44,89.3,79.08,84.19,1,9.71,1.0,0.01,33.22,-25.12,389.58,525.46
Dasyuromorphia,Dasyuridae,Sminthopsis,granulipes,Sminthopsis granulipes,2,25.0,-999.0,-999.0,-999.0,-999.0,-999.0,-999.0,-999,-999.0,-999.0,1,-999.0,-999.0,-999.0,-999.0,-999.0,-999.0,-999.0,-999.0,-999.0,-999.0,-999.0,-999.0,-999,1,-999,-999.0,-999.0,-999,1760;2655,-999.0,-999.0,-999.0,-999.0,76315.75,-30.14,-34.08,-32.11,119.95,115.65,117.8,0,11.76,0.0,-0.002499155,41.56,158.18,413.81,1151.29
Soricomorpha,Nesophontidae,Nesophontes,hypomicrus,Nesophontes hypomicrus,-999,-999.0,-999.0,-999.0,-999.0,-999.0,-999.0,-999.0,-999,-999.0,-999.0,-999,-999.0,-999.0,-999.0,-999.0,-999.0,-999.0,-999.0,-999.0,-999.0,-999.0,-999.0,-999.0,-999,-999,-999,-999.0,-999.0,-999,-999,-999.0,-999.0,-999.0,-999.0,-999.0,-999.0,-999.0,-999.0,-999.0,-999.0,-999.0,-999,-999.0,-999.0,-999.0,-999.0,-999.0,-999.0,-999.0
Diprotodontia,Macropodidae,Petrogale,burbidgei,Petrogale burbidgei,-999,1258.0,-999.0,-999.0,-999.0,-999.0,-999.0,-999.0,-999,-999.0,-999.0,1,-999.0,-999.0,-999.0,1.0,-999.0,-999.0,-999.0,-999.0,-999.0,-999.0,-999.0,-999.0,-999,1,-999,-999.0,-999.0,-999,1760;1848;2655,-999.0,-999.0,-999.0,-999.0,30601.39,-14.16,-16.42,-15.29,126.4,124.36,125.38,0,0.0,0.0,-999.0,90.56,287.45,847.54,1749.26
Carnivora,Felidae,Lynx,canadensis,Lynx canadensis,1,9682.82,-999.0,702.3,14.0,-999.0,-999.0,-999.0,1,-999.0,62.5,1,30.6,32.79,365.0,2.73,-999.0,321.0,204.0,-999.0,0.05,-999.0,672.9,-999.0,-999,1,3,111.36,-999.0,-999,542;730;1113;1297;1573;2655,-999.0,1.1,-999.0,-999.0,8252985.31,70.56,37.09,53.82,-52.63,-162.94,-107.79,0,3.31,0.0,0.04,43.45,-31.76,322.76,386.88
Rodentia,Capromyidae,Isolobodon,portoricensis,Isolobodon portoricensis,-999,-999.0,-999.0,-999.0,-999.0,-999.0,-999.0,-999.0,-999,-999.0,-999.0,-999,-999.0,-999.0,-999.0,-999.0,-999.0,-999.0,-999.0,-999.0,-999.0,-999.0,-999.0,-999.0,-999,-999,-999,-999.0,-999.0,-999,-999,-999.0,-999.0,-999.0,-999.0,-999.0,-999.0,-999.0,-999.0,-999.0,-999.0,-999.0,-999,-999.0,-999.0,-999.0,-999.0,-999.0,-999.0,-999.0
Carnivora,Felidae,Felis,silvestris,Felis silvestris,2,4573.08,-999.0,498.51,10.95,365.0,3184.2,4485.0,1,140.0,65.49,1,1.29,1.36,148.25,3.59,2.0,336.0,106.4,-999.0,0.36,-999.0,350.76,-999.0,-999,1,3,76.01,587.6,-999,367;543;679;730;1113;1297;1573;1577;2655,-999.0,-999.0,-999.0,-999.0,32110980.01,52.02,-34.83,8.59,112.13,-17.53,47.3,0,43.43,0.0,0.11,46.98,192.78,510.78,1278.91
Erinaceomorpha,Erinaceidae,Hylomys,suillus,Hylomys suillus,2,57.61,-999.0,132.49,-999.0,-999.0,-999.0,-999.0,2,-999.0,32.71,2,0.001894621,0.001838633,-999.0,2.29,2.0,-999.0,-999.0,-999.0,156.67,2.0,-999.0,-999.0,-999,2,2,-999.0,-999.0,-999,678;1086;1297;1456;1946;1973;2507;2508;2655;2786;3093,-999.0,-999.0,-999.0,-999.0,1564335.0,25.7,-8.78,8.46,117.49,95.35,106.42,1,157.8,8.0,0.1,182.74,229.18,1306.94,1593.36
Rodentia,Cricetidae,Akodon,sanctipaulensis,Akodon sanctipaulensis,-999,27.1,-999.0,88.25,-999.0,-999.0,-999.0,-999.0,-999,-999.0,-999.0,-999,-999.0,-999.0,-999.0,-999.0,-999.0,-999.0,-999.0,-999.0,-999.0,-999.0,-999.0,-999.0,-999,-999,-999,-999.0,-999.0,-999,618;2655,-999.0,-999.0,-999.0,-999.0,79134.33,-21.78,-25.04,-23.41,-44.79,-49.76,-47.28,8,247.12,12.0,0.08,143.72,189.66,1253.58,1329.77
Primates,Cebidae,Saguinus,fuscicollis,Saguinus fuscicollis,3,393.99,-999.0,-999.0,-999.0,850.45,-999.0,-999.0,5,-999.0,148.0,1,0.2,0.33,293.5,1.83,-999.0,294.0,39.18,-999.0,19.49,-999.0,406.61,6.0,-999,2,2,90.1,-999.0,-999,203;208;543;730;890;905;1125;1297;1544;1547;2151;2251;2344;2493;2520;2654;2655;2660;2663;2986,-999.0,1.22,-999.0,-999.0,1978748.26,3.18,-13.75,-5.28,-60.79,-78.01,-69.4,0,2.65,0.0,0.16,196.8,254.49,1450.05,1535.38
Rodentia,Dipodidae,Zapus,princeps,Zapus princeps,-999,27.2,-999.0,94.06,-999.0,-999.0,-999.0,-999.0,3,-999.0,18.11,-999,0.001944219,0.002479607,-999.0,5.04,1.0,-999.0,-999.0,-999.0,292.3,-999.0,-999.0,-999.0,-999,-999,2,29.04,-999.0,-999,480;483;730;1297;1849;2099;2151;2655;2922,-999.0,-999.0,-999.0,-999.0,3361363.77,62.26,32.54,47.4,-96.67,-136.16,-116.42,0,6.09,0.0,0.06,39.73,32.97,371.16,648.32
Primates,Cercopithecidae,Cercopithecus,hamlyni,Cercopithecus hamlyni,-999,-999.0,-999.0,-999.0,-999.0,-999.0,-999.0,-999.0,-999,-999.0,-999.0,-999,-999.0,-999.0,-999.0,-999.0,-999.0,-999.0,-999.0,-999.0,-999.0,-999.0,-999.0,-999.0,-999,-999,-999,-999.0,-999.0,-999,-999,-999.0,-999.0,-999.0,-999.0,328372.58,2.5,-6.02,-1.75,30.03,25.05,27.54,1,37.94,2.0,0.17,126.88,226.21,1442.29,1596.11
Rodentia,Spalacidae,Rhizomys,sumatrensis,Rhizomys sumatrensis,-999,2500.0,-999.0,-999.0,-999.0,-999.0,-999.0,-999.0,-999,-999.0,21.99,-999,-999.0,-999.0,-999.0,4.0,-999.0,-999.0,-999.0,-999.0,-999.0,-999.0,-999.0,-999.0,-999,-999,-999,69.25,-999.0,-999,1297;2655,-999.0,-999.0,-999.0,-999.0,1503754.2,23.33,1.26,12.29,109.46,96.78,103.12,2,120.9,8.0,0.09,161.82,239.06,1193.4,1570.15
Chiroptera,Pteropodidae,Dobsonia,minor,Dobsonia minor,-999,85.95,80.0,-999.0,-999.0,-999.0,92.01,80.35,1,-999.0,-999.0,1,-999.0,-999.0,-999.0,0.99,2.0,-999.0,-999.0,-999.0,-999.0,-999.0,-999.0,1.0,-999,2,1,-999.0,-999.0,-999,406;1297;1658;1822;1948;1950;2017;2151;2622;2655;2763,-999.0,-999.0,-999.0,-999.0,340450.08,-0.45,-9.8,-5.12,147.61,119.52,133.56,1,9.15,1.0,0.11,283.43,231.72,1665.88,1688.94
Primates,Cebidae,Callithrix,emiliae,Callithrix emiliae,-999,309.58,-999.0,-999.0,-999.0,-999.0,-999.0,-999.0,-999,-999.0,-999.0,-999,-999.0,-999.0,-999.0,-999.0,-999.0,-999.0,-999.0,-999.0,-999.0,-999.0,-999.0,-999.0,-999,-999,-999,-999.0,-999.0,-999,1547;2986,-999.0,-999.0,-999.0,-999.0,160568.97,-5.54,-13.49,-9.52,-53.34,-56.05,-54.7,0,1.68,1.0,0.17,193.59,249.26,1291.21,1525.99
Rodentia,Cricetidae,Peromyscus,melanotis,Peromyscus melanotis,1,39.59,-999.0,-999.0,-999.0,-999.0,-999.0,-999.0,-999,-999.0,25.01,-999,0.000513365,0.000442831,26.57,3.69,7.5,-999.0,1.66,-999.0,2045.14,-999.0,-999.0,-999.0,-999,-999,-999,-999.0,-999.0,-999,730;925;926;1297;2151;2655,-999.0,-999.0,-999.0,-999.0,495038.61,30.18,18.54,24.36,-96.81,-108.83,-102.82,2,88.8,3.0,0.09,53.0,162.13,731.01,1289.62
Diprotodontia,Macropodidae,Lagostrophus,fasciatus,Lagostrophus fasciatus,1,1933.48,-999.0,-999.0,-999.0,-999.0,-999.0,-999.0,4,-999.0,-999.0,1,-999.0,-999.0,365.0,0.9,-999.0,48.0,-999.0,-999.0,87.99,-999.0,391.96,-999.0,-999,1,1,269.23,359.99,-999,511;543;899;955;1297;1760;2655;2986,-999.0,1.1,-999.0,-999.0,708.99,-24.76,-26.16,-25.46,113.22,112.91,113.06,0,0.0,0.0,-999.0,-999.0,-999.0,-999.0,-999.0
Lagomorpha,Leporidae,Lepus,insularis,Lepus insularis,-999,-999.0,-999.0,-999.0,-999.0,-999.0,-999.0,-999.0,-999,-999.0,-999.0,-999,-999.0,-999.0,-999.0,-999.0,-999.0,-999.0,-999.0,-999.0,-999.0,-999.0,-999.0,-999.0,-999,-999,-999,-999.0,-999.0,-999,-999,-999.0,-999.0,-999.0,-999.0,82.65,24.53,24.39,24.46,-110.29,-110.39,-110.34,14,14.0,14.0,0.07,18.0,225.0,-999.0,-999.0
Artiodactyla,Bovidae,Eudorcas,thomsonii,Eudorcas thomsonii,2,22907.43,-999.0,885.0,-999.0,552.51,-999.0,-999.0,2,-999.0,166.14,1,-999.0,-999.0,193.9,1.0,-999.0,182.04,2500.0,-999.0,12.53,-999.0,418.38,-999.0,-999,1,1,93.25,-999.0,-999,543;730;869;917;1297;1525;1848;2655;2693;2986;3057,-999.0,1.51,-999.0,-999.0,515821.13,9.45,-5.61,1.91,38.38,30.41,34.4,0,50.73,3.0,0.15,72.57,227.28,947.32,1556.92
Rodentia,Gliridae,Glis,glis,Glis glis,2,128.09,-999.0,167.08,28.0,319.37,-999.0,-999.0,-999,-999.0,28.19,1,0.001479636,0.001244034,-999.0,5.17,1.0,108.0,-999.0,-999.0,3000.0,-999.0,339.31,-999.0,11,2,-999,27.84,27.72,-999,363;543;601;1297;2065;2151;2284;2655;2678,-999.0,-999.0,-999.0,-999.0,3545668.83,56.54,35.31,45.93,59.25,-9.29,24.98,2,107.0,12.0,0.01,56.59,73.6,498.45,649.12
Primates,Atelidae,Ateles,fusciceps,Ateles fusciceps,3,9067.94,-999.0,489.15,-999.0,1773.9,-999.0,-999.0,2,-999.0,224.7,1,-999.0,-999.0,851.66,1.01,-999.0,288.0,499.99,-999.0,-999.0,-999.0,1799.68,-999.0,-999,2,1,482.7,-999.0,-999,208;543;1297;1544;1547;1848;2151;2344;2489;2493;2655;2660;2986,-999.0,0.71,-999.0,-999.0,201579.73,11.11,1.77,6.44,-73.92,-79.12,-76.52,3,85.93,4.0,0.11,220.34,240.81,1483.74,1654.37
Carnivora,Mustelidae,Martes,melampus,Martes melampus,-999,1000.0,-999.0,440.51,-999.0,-999.0,-999.0,-999.0,-999,-999.0,-999.0,1,-999.0,-999.0,-999.0,-999.0,-999.0,-999.0,-999.0,-999.0,-999.0,-999.0,-999.0,-999.0,4,1,-999,-999.0,-999.0,-999,1113;2655,-999.0,-999.0,-999.0,-999.0,377250.77,41.54,30.98,36.26,142.07,126.11,134.09,74,400.13,93.0,0.004749278,132.97,103.02,779.57,857.11
Carnivora,Viverridae,Paguma,larvata,Paguma larvata,1,4300.0,-999.0,633.11,9.03,-999.0,-999.0,-999.0,6,-999.0,-999.0,1,2.88,2.7,182.5,2.16,-999.0,216.0,-999.0,-999.0,-999.0,-999.0,-999.0,-999.0,4,1,2,109.13,-999.0,-999,543;1113;1297;1573;2655,-999.0,1.56,-999.0,-999.0,5422715.54,36.55,-5.94,15.3,122.13,70.62,96.38,0,171.13,4.0,0.09,149.56,176.11,1125.07,1326.61
Chiroptera,Phyllostomidae,Glyphonycteris,sylvestris,Glyphonycteris sylvestris,-999,8.91,40.5,-999.0,-999.0,-999.0,-999.0,-999.0,2,-999.0,-999.0,1,-999.0,-999.0,-999.0,-999.0,-999.0,-999.0,-999.0,-999.0,-999.0,-999.0,-999.0,-999.0,-999,2,2,-999.0,-999.0,-999,889;1658;2151;2622;2655,-999.0,-999.0,-999.0,-999.0,7649954.44,23.67,-25.47,-0.89,-34.79,-106.8,-70.79,0,36.42,0.0,0.11,160.43,244.79,1365.8,1601.19
Lagomorpha,Ochotonidae,Ochotona,himalayana,Ochotona himalayana,-999,-999.0,-999.0,165.5,-999.0,-999.0,-999.0,-999.0,-999,-999.0,-999.0,1,-999.0,-999.0,-999.0,3.42,-999.0,-999.0,-999.0,-999.0,-999.0,-999.0,-999.0,-999.0,-999,1,-999,-999.0,-999.0,-999,2647;2988,132.9,-999.0,-999.0,-999.0,35498.06,30.41,27.91,29.16,97.42,84.02,90.72,0,21.4,0.0,0.06,102.73,-84.18,886.87,1097.05
Diprotodontia,Macropodidae,Macropus,parryi,Macropus parryi,1,12629.83,-999.0,-999.0,-999.0,-999.0,-999.0,-999.0,1,-999.0,37.14,1,-999.0,-999.0,266.0,1.0,-999.0,168.0,-999.0,-999.0,40.29,-999.0,763.62,-999.0,-999,1,1,443.42,-999.0,-999,543;730;955;1297;1760;1848;2655;2986,-999.0,1.29,-999.0,-999.0,364427.09,-16.18,-31.96,-24.07,153.63,145.25,149.44,0,12.8,0.0,0.08,78.38,196.36,904.66,1486.52
Rodentia,Chinchillidae,Lagostomus,crassus,Lagostomus crassus,-999,-999.0,-999.0,-999.0,-999.0,-999.0,-999.0,-999.0,-999,-999.0,-999.0,-999,-999.0,-999.0,-999.0,-999.0,-999.0,-999.0,-999.0,-999.0,-999.0,-999.0,-999.0,-999.0,-999,-999,-999,-999.0,-999.0,-999,-999,-999.0,-999.0,-999.0,-999.0,-999.0,-999.0,-999.0,-999.0,-999.0,-999.0,-999.0,-999,-999.0,-999.0,-999.0,-999.0,-999.0,-999.0,-999.0
Rodentia,Spalacidae,Tachyoryctes,spalacinus,Tachyoryctes spalacinus,-999,-999.0,-999.0,-999.0,-999.0,-999.0,-999.0,-999.0,-999,-999.0,-999.0,-999,-999.0,-999.0,-999.0,-999.0,-999.0,-999.0,-999.0,-999.0,-999.0,-999.0,-999.0,-999.0,-999,-999,-999,-999.0,-999.0,-999,-999,-999.0,-999.0,-999.0,-999.0,5845.53,-0.05,-0.94,-0.49,37.89,37.21,37.55,86,203.24,86.0,0.12,56.49,188.49,970.74,1519.99
Rodentia,Cricetidae,Oryzomys,nelsoni,Oryzomys nelsoni,-999,-999.0,-999.0,-999.0,-999.0,-999.0,-999.0,-999.0,-999,-999.0,-999.0,-999,-999.0,-999.0,-999.0,-999.0,-999.0,-999.0,-999.0,-999.0,-999.0,-999.0,-999.0,-999.0,-999,-999,-999,-999.0,-999.0,-999,-999,-999.0,-999.0,-999.0,-999.0,-999.0,-999.0,-999.0,-999.0,-999.0,-999.0,-999.0,-999,-999.0,-999.0,-999.0,-999.0,-999.0,-999.0,-999.0
Lagomorpha,Ochotonidae,Ochotona,forresti,Ochotona forresti,-999,-999.0,-999.0,-999.0,-999.0,-999.0,-999.0,-999.0,-999,-999.0,-999.0,-999,-999.0,-999.0,-999.0,-999.0,-999.0,-999.0,-999.0,-999.0,-999.0,-999.0,-999.0,-999.0,-999,-999,-999,-999.0,-999.0,-999,-999,-999.0,-999.0,-999.0,-999.0,312212.22,29.5,25.64,27.57,100.44,87.65,94.04,1,48.45,1.0,0.1,174.58,67.23,995.18,1180.14
Lagomorpha,Ochotonidae,Ochotona,roylei,Ochotona roylei,-999,260.0,-999.0,177.71,-999.0,-999.0,-999.0,-999.0,-999,-999.0,-999.0,1,-999.0,-999.0,-999.0,3.0,1.5,-999.0,7.0,-999.0,1172.6,-999.0,335.51,-999.0,4,1,-999,21.0,-999.0,-999,25;95;401;1297;2646;2647;2655,-999.0,-999.0,-999.0,-999.0,382682.29,37.27,27.42,32.34,87.65,73.11,80.38,0,33.44,0.0,0.09,48.02,-36.12,487.94,959.47
Diprotodontia,Petauridae,Dactylopsila,palpator,Dactylopsila palpator,1,369.87,-999.0,234.89,-999.0,-999.0,-999.0,-999.0,7,-999.0,-999.0,2,-999.0,-999.0,-999.0,1.02,-999.0,-999.0,-999.0,-999.0,-999.0,-999.0,-999.0,2.75,2,2,2,-999.0,-999.0,-999,661;955;975;977;1760;1848;1991;2152;2655,-999.0,-999.0,-999.0,-999.0,210628.5,-1.04,-10.19,-5.61,149.74,133.73,141.73,1,10.28,2.0,0.13,265.73,199.03,1688.88,1715.81
Didelphimorphia,Didelphidae,Caluromysiops,irrupta,Caluromysiops irrupta,1,257.48,-999.0,234.52,-999.0,-999.0,-999.0,-999.0,3,-999.0,-999.0,1,-999.0,-999.0,-999.0,2.0,-999.0,94.0,-999.0,-999.0,8.85,-999.0,-999.0,1.0,-999,2,2,-999.0,-999.0,-999,543;730;889;905;1297;2151;2655,-999.0,-999.0,-999.0,-999.0,188864.44,-9.34,-12.69,-11.01,-61.99,-73.48,-67.73,0,3.51,0.0,0.27,189.96,246.03,1362.63,1563.51
Chiroptera,Nycteridae,Nycteris,tragata,Nycteris tragata,-999,14.4,49.5,-999.0,-999.0,-999.0,-999.0,-999.0,2,-999.0,-999.0,1,-999.0,-999.0,-999.0,-999.0,-999.0,-999.0,-999.0,-999.0,-999.0,-999.0,-999.0,-999.0,-999,2,3,-999.0,-999.0,-999,196;679;1658;2151;2655,-999.0,-999.0,-999.0,-999.0,874536.94,13.94,-5.94,4.0,117.73,95.18,106.46,1,92.96,4.0,0.13,236.67,250.4,1668.71,1770.55
Primates,Cebidae,Callithrix,humilis,Callithrix humilis,-999,-999.0,-999.0,-999.0,-999.0,-999.0,-999.0,-999.0,-999,-999.0,-999.0,-999,-999.0,-999.0,-999.0,-999.0,-999.0,-999.0,-999.0,-999.0,-999.0,-999.0,-999.0,-999.0,-999,-999,-999,-999.0,-999.0,-999,-999,-999.0,-999.0,-999.0,-999.0,21239.49,-5.25,-7.65,-6.45,-60.13,-61.49,-60.81,0,0.6,0.0,0.0,172.58,260.07,1483.92,1601.22
Diprotodontia,Potoroidae,Potorous,tridactylus,Potorous tridactylus,1,1054.67,-999.0,-999.0,-999.0,399.21,487.46,1077.5,-999,-999.0,33.55,-999,-999.0,-999.0,133.0,1.0,2.0,144.0,0.31,-999.0,21.44,-999.0,413.84,-999.0,2,-999,-999,167.33,203.46,-999,543;730;955;1297;1412;1501;1760;1822;2483;2484;2655,-999.0,-999.0,-999.0,-999.0,125855.03,-26.81,-42.91,-34.86,153.63,140.67,147.15,0,44.79,1.0,0.02,76.57,136.69,671.95,1050.61
Rodentia,Sciuridae,Sundasciurus,juvencus,Sundasciurus juvencus,-999,-999.0,-999.0,210.0,-999.0,-999.0,-999.0,-999.0,-999,-999.0,-999.0,-999,-999.0,-999.0,-999.0,-999.0,-999.0,-999.0,-999.0,-999.0,-999.0,-999.0,-999.0,-999.0,5,-999,-999,-999.0,-999.0,-999,2152,264.3,-999.0,-999.0,-999.0,5587.9,11.42,9.57,10.5,119.71,118.51,119.11,26,51.67,26.0,0.2,219.66,253.66,-999.0,-999.0
Chiroptera,Pteropodidae,Dobsonia,exoleta,Dobsonia exoleta,-999,302.03,114.76,202.74,-999.0,-999.0,-999.0,-999.0,-999,-999.0,-999.0,1,-999.0,-999.0,-999.0,-999.0,-999.0,-999.0,-999.0,-999.0,-999.0,-999.0,-999.0,-999.0,-999,2,-999,-999.0,-999.0,-999,80;759;1658;2151;2655,-999.0,-999.0,-999.0,-999.0,174051.74,1.75,-5.7,-1.97,126.07,118.75,122.41,5,92.77,17.0,0.08,229.47,215.95,1812.6,1909.15
Chiroptera,Phyllostomidae,Artibeus,watsoni,Artibeus watsoni,-999,11.2,-999.0,-999.0,-999.0,-999.0,-999.0,-999.0,-999,-999.0,-999.0,-999,-999.0,-999.0,-999.0,1.0,-999.0,-999.0,-999.0,-999.0,-999.0,-999.0,-999.0,-999.0,-999,-999,-999,-999.0,-999.0,-999,748,-999.0,-999.0,-999.0,-999.0,415964.09,19.12,7.2,13.16,-77.19,-95.55,-86.37,2,36.81,3.0,0.15,185.4,242.27,1374.71,1643.46
Chiroptera,Pteropodidae,Pteropus,tokudae,Pteropus tokudae,-999,153.7,93.49,145.5,-999.0,-999.0,-999.0,-999.0,-999,-999.0,-999.0,1,-999.0,-999.0,-999.0,1.0,-999.0,-999.0,-999.0,-999.0,-999.0,-999.0,-999.0,-999.0,-999,2,-999,-999.0,-999.0,-999,1297;1658;2017;2143;2151;2655;3018,-999.0,-999.0,-999.0,-999.0,-999.0,-999.0,-999.0,-999.0,-999.0,-999.0,-999.0,-999,-999.0,-999.0,-999.0,-999.0,-999.0,-999.0,-999.0
Primates,Cebidae,Saimiri,sciureus,Saimiri sciureus,3,749.47,-999.0,322.0,-999.0,1073.25,738.81,850.0,3,-999.0,164.09,1,0.68,0.65,383.25,1.0,-999.0,324.0,107.5,-999.0,36.09,-999.0,1399.88,34.85,-999,2,2,177.41,418.0,-999,169;208;543;730;890;905;1167;1297;1544;1547;1577;1594;1611;1763;1767;1822;1848;2151;2251;2308;2344;2463;2489;2493;2511;2655;2660;2986;3086,-999.0,1.07,-999.0,-999.0,3166418.25,7.61,-8.91,-0.64,-44.29,-78.36,-61.33,0,4.63,0.0,0.11,186.86,253.03,1461.05,1606.65
Diprotodontia,Macropodidae,Macropus,agilis,Macropus agilis,-999,11815.75,-999.0,646.01,-999.0,410.62,-999.0,-999.0,4,-999.0,30.51,1,-999.0,-999.0,217.0,1.01,1.8,144.0,0.63,-999.0,17.71,-999.0,404.77,5.5,-999,1,1,321.74,2286.7,-999,543;730;955;977;1297;1760;1762;1848;1991;2152;2484;2655;2986,-999.0,-999.0,-999.0,-999.0,1144361.05,-2.55,-27.73,-15.14,153.54,121.72,137.63,0,3.42,0.0,0.11,86.21,255.78,855.79,1708.73
Carnivora,Otariidae,Phocarctos,hookeri,Phocarctos hookeri,-999,273499.99,-999.0,2018.97,0.0,-999.0,-999.0,-999.0,7,365.0,365.0,2,-999.0,-999.0,365.0,1.0,-999.0,-999.0,-999.0,-999.0,-999.0,-999.0,2030.0,-999.0,-999,1,2,252.01,-999.0,-999,367;905;1297;2151;2986,-999.0,1.1,-999.0,-999.0,-999.0,-999.0,-999.0,-999.0,-999.0,-999.0,-999.0,-999,-999.0,-999.0,-999.0,-999.0,-999.0,-999.0,-999.0
Rodentia,Muridae,Lemniscomys,barbarus,Lemniscomys barbarus,-999,26.15,-999.0,-999.0,-999.0,-999.0,-999.0,-999.0,-999,-999.0,-999.0,-999,-999.0,-999.0,-999.0,4.61,-999.0,-999.0,-999.0,-999.0,-999.0,-999.0,-999.0,-999.0,-999,-999,-999,-999.0,-999.0,-999,1297;2655,-999.0,-999.0,-999.0,-999.0,-999.0,-999.0,-999.0,-999.0,-999.0,-999.0,-999.0,-999,-999.0,-999.0,-999.0,-999.0,-999.0,-999.0,-999.0
Carnivora,Otariidae,Arctocephalus,forsteri,Arctocephalus forsteri,1,101249.99,-999.0,1701.17,0.0,-999.0,-999.0,-999.0,6,-999.0,242.47,2,-999.0,-999.0,365.0,1.0,-999.0,180.0,3700.0,-999.0,-999.0,16000.0,2668.42,-999.0,-999,1,2,323.72,12251.21,-999,367;905;1297;1763;2151;2655,-999.0,1.1,-999.0,-999.0,-999.0,-999.0,-999.0,-999.0,-999.0,-999.0,-999.0,-999,-999.0,-999.0,-999.0,-999.0,-999.0,-999.0,-999.0
Chiroptera,Rhinolophidae,Rhinolophus,sakejiensis,Rhinolophus sakejiensis,-999,-999.0,-999.0,-999.0,-999.0,-999.0,-999.0,-999.0,-999,-999.0,-999.0,-999,-999.0,-999.0,-999.0,-999.0,-999.0,-999.0,-999.0,-999.0,-999.0,-999.0,-999.0,-999.0,-999,-999,-999,-999.0,-999.0,-999,-999,-999.0,-999.0,-999.0,-999.0,47.78,-11.24,-11.31,-11.28,24.38,24.31,24.34,9,9.0,9.0,0.28,111.0,210.0,953.0,1404.0
Rodentia,Heptaxodontidae,Clidomys,osborni,Clidomys osborni,-999,-999.0,-999.0,-999.0,-999.0,-999.0,-999.0,-999.0,-999,-999.0,-999.0,-999,-999.0,-999.0,-999.0,-999.0,-999.0,-999.0,-999.0,-999.0,-999.0,-999.0,-999.0,-999.0,-999,-999,-999,-999.0,-999.0,-999,-999,-999.0,-999.0,-999.0,-999.0,-999.0,-999.0,-999.0,-999.0,-999.0,-999.0,-999.0,-999,-999.0,-999.0,-999.0,-999.0,-999.0,-999.0,-999.0
Carnivora,Canidae,Lycalopex,griseus,Lycalopex griseus,-999,-999.0,-999.0,-999.0,-999.0,-999.0,-999.0,-999.0,-999,-999.0,-999.0,-999,-999.0,-999.0,-999.0,-999.0,-999.0,-999.0,-999.0,-999.0,-999.0,-999.0,-999.0,-999.0,-999,-999,-999,-999.0,-999.0,-999,-999,-999.0,-999.0,-999.0,-999.0,1620863.23,-22.75,-55.06,-38.9,-60.77,-75.69,-68.23,0,12.37,0.0,0.1,49.69,111.39,432.37,794.76
Rodentia,Capromyidae,Geocapromys,thoracatus,Geocapromys thoracatus,2,1500.0,-999.0,337.49,-999.0,-999.0,-999.0,-999.0,1,-999.0,-999.0,2,-999.0,-999.0,-999.0,-999.0,-999.0,-999.0,-999.0,-999.0,-999.0,-999.0,-999.0,-999.0,4,2,1,-999.0,-999.0,-999,2058;2151;2655,-999.0,-999.0,-999.0,-999.0,-999.0,-999.0,-999.0,-999.0,-999.0,-999.0,-999.0,-999,-999.0,-999.0,-999.0,-999.0,-999.0,-999.0,-999.0
Rodentia,Caviidae,Cavia,fulgida,Cavia fulgida,-999,282.5,-999.0,-999.0,-999.0,-999.0,-999.0,-999.0,-999,-999.0,-999.0,1,-999.0,-999.0,-999.0,1.34,5.0,-999.0,-999.0,-999.0,-999.0,-999.0,-999.0,-999.0,2,1,-999,20.88,-999.0,-999,2151;2655,-999.0,-999.0,-999.0,-999.0,293803.2,-12.32,-24.22,-18.27,-38.12,-46.85,-42.48,7,207.08,13.0,0.06,125.59,210.43,1271.41,1476.92
Carnivora,Mustelidae,Melogale,everetti,Melogale everetti,2,-999.0,-999.0,-999.0,-999.0,-999.0,-999.0,-999.0,6,-999.0,-999.0,1,-999.0,-999.0,-999.0,2.0,-999.0,-999.0,-999.0,-999.0,-999.0,-999.0,-999.0,-999.0,-999,1,2,-999.0,-999.0,-999,1113,-999.0,-999.0,-999.0,-999.0,213.93,6.15,6.0,6.08,116.62,116.47,116.54,29,89.5,29.0,0.3,227.5,236.5,1840.0,1842.0
Carnivora,Mustelidae,Ictonyx,striatus,Ictonyx striatus,1,811.02,-999.0,334.0,35.16,304.16,-999.0,-999.0,6,-999.0,36.76,1,-999.0,-999.0,365.0,2.3,1.0,160.0,13.69,-999.0,-999.0,-999.0,447.7,-999.0,4,1,2,59.09,-999.0,-999,543;1113;1297;2655;2986,-999.0,-999.0,-999.0,-999.0,16688705.64,22.63,-34.83,-6.1,48.37,-17.53,15.42,0,28.73,0.0,0.12,63.09,235.22,696.38,1508.78
Primates,Cercopithecidae,Cercopithecus,campbelli,Cercopithecus campbelli,3,3627.73,-999.0,455.0,-999.0,-999.0,-999.0,-999.0,3,-999.0,180.8,-999,0.01,0.03,-999.0,1.02,-999.0,396.0,-999.0,-999.0,-999.0,-999.0,-999.0,11.0,-999,-999,1,362.93,-999.0,-999,208;543;681;730;1544;1547;1848;2344;2655;2660;2986,-999.0,-999.0,-999.0,-999.0,262404.57,12.7,4.35,8.53,-7.51,-16.79,-12.15,3,54.66,8.0,0.01,226.67,252.98,1144.22,1505.23
Chiroptera,Emballonuridae,Saccopteryx,leptura,Saccopteryx leptura,-999,-999.0,-999.0,-999.0,-999.0,-999.0,-999.0,-999.0,-999,-999.0,-999.0,-999,-999.0,-999.0,-999.0,-999.0,-999.0,-999.0,-999.0,-999.0,-999.0,-999.0,-999.0,-999.0,-999,-999,-999,-999.0,-999.0,-999,-999,-999.0,-999.0,-999.0,-999.0,10599499.36,16.5,-20.1,-1.79,-34.79,-93.84,-64.31,0,20.97,0.0,0.12,160.77,245.27,1328.5,1572.3
Primates,Galagidae,Otolemur,garnettii,Otolemur garnettii,-999,811.17,-999.0,-999.0,-999.0,576.7,-999.0,-999.0,3,-999.0,132.24,-999,0.12,0.13,215.95,1.02,-999.0,204.0,49.21,-999.0,38.0,-999.0,592.15,1.0,-999,-999,2,139.2,-999.0,-999,223;543;1544;1547;1768;1848;2344;2489;2493;2655,-999.0,1.43,-999.0,-999.0,781284.4,2.51,-11.74,-4.61,45.25,33.08,39.17,1,50.93,3.0,0.15,67.92,235.97,868.67,1602.36
Artiodactyla,Cervidae,Alces,americanus,Alces americanus,-999,541460.44,-999.0,2097.16,-999.0,-999.0,-999.0,-999.0,2,-999.0,245.0,-999,-999.0,-999.0,-999.0,1.0,-999.0,300.0,13499.99,-999.0,-999.0,-999.0,631.37,-999.0,-999,-999,1,182.5,-999.0,-999,495;1013;1404;2718;3009;3010,-999.0,-999.0,-999.0,-999.0,-999.0,-999.0,-999.0,-999.0,-999.0,-999.0,-999.0,-999,-999.0,-999.0,-999.0,-999.0,-999.0,-999.0,-999.0
Soricomorpha,Talpidae,Euroscaptor,klossi,Euroscaptor klossi,-999,-999.0,-999.0,-999.0,-999.0,-999.0,-999.0,-999.0,1,-999.0,34.99,2,-999.0,-999.0,-999.0,4.5,1.0,-999.0,-999.0,-999.0,-999.0,-999.0,-999.0,-999.0,-999,1,3,-999.0,-999.0,-999,2131;2741,-999.0,-999.0,-999.0,-999.0,106925.04,21.58,3.18,12.38,108.63,98.2,103.41,3,75.05,13.0,0.11,139.25,217.58,1212.99,1491.95
Chiroptera,Molossidae,Mops,trevori,Mops trevori,-999,-999.0,52.5,-999.0,-999.0,-999.0,-999.0,-999.0,-999,-999.0,-999.0,1,-999.0,-999.0,-999.0,0.98,-999.0,-999.0,-999.0,-999.0,-999.0,-999.0,-999.0,-999.0,-999,2,-999,-999.0,-999.0,-999,1297;1658;2151,21.23,-999.0,-999.0,-999.0,14117.02,4.33,2.84,3.58,31.38,29.61,30.5,9,54.26,9.0,0.16,123.91,236.99,1288.18,1636.67
Chiroptera,Emballonuridae,Peropteryx,trinitatis,Peropteryx trinitatis,-999,4.19,-999.0,-999.0,-999.0,-999.0,-999.0,-999.0,-999,-999.0,-999.0,-999,-999.0,-999.0,-999.0,-999.0,-999.0,-999.0,-999.0,-999.0,-999.0,-999.0,-999.0,-999.0,-999,-999,-999,-999.0,-999.0,-999,196,-999.0,-999.0,-999.0,-999.0,37561.11,12.63,7.25,9.94,-59.01,-70.06,-64.53,1,99.22,1.0,0.16,153.74,249.08,1590.33,1771.15
Cetacea,Physeteridae,Kogia,sima,Kogia sima,-999,183066.66,-999.0,2158.04,-999.0,-999.0,-999.0,-999.0,1,-999.0,273.75,1,-999.0,-999.0,-999.0,1.0,-999.0,-999.0,-999.0,-999.0,-999.0,2.0,-999.0,-999.0,-999,-999,3,-999.0,-999.0,-999,161;172;1217;1297;2151;2655,-999.0,-999.0,-999.0,-999.0,-999.0,-999.0,-999.0,-999.0,-999.0,-999.0,-999.0,-999,-999.0,-999.0,-999.0,-999.0,-999.0,-999.0,-999.0
Soricomorpha,Soricidae,Crocidura,susiana,Crocidura susiana,-999,-999.0,-999.0,-999.0,-999.0,-999.0,-999.0,-999.0,-999,-999.0,-999.0,-999,-999.0,-999.0,-999.0,-999.0,-999.0,-999.0,-999.0,-999.0,-999.0,-999.0,-999.0,-999.0,-999,-999,-999,-999.0,-999.0,-999,-999,-999.0,-999.0,-999.0,-999.0,73.72,32.24,32.14,32.19,48.24,48.14,48.19,57,57.0,57.0,0.16,31.0,229.0,298.0,1371.0
Diprotodontia,Phalangeridae,Trichosurus,johnstonii,Trichosurus johnstonii,-999,-999.0,-999.0,-999.0,-999.0,-999.0,-999.0,-999.0,-999,-999.0,-999.0,-999,-999.0,-999.0,-999.0,-999.0,-999.0,-999.0,-999.0,-999.0,-999.0,-999.0,-999.0,-999.0,-999,-999,-999,-999.0,-999.0,-999,-999,-999.0,-999.0,-999.0,-999.0,35590.32,-15.45,-19.47,-17.46,146.79,144.74,145.76,0,9.56,0.0,0.06,131.02,216.36,1126.18,1729.71
Rodentia,Heteromyidae,Liomys,irroratus,Liomys irroratus,-999,48.95,-999.0,115.55,-999.0,-999.0,53.87,48.1,-999,-999.0,-999.0,1,-999.0,-999.0,-999.0,4.22,-999.0,-999.0,-999.0,-999.0,-999.0,-999.0,-999.0,-999.0,-999,1,-999,-999.0,-999.0,-999,827;1297;1822;2151;2655,-999.0,-999.0,-999.0,-999.0,609782.6,27.98,15.8,21.89,-95.38,-106.41,-100.89,1,85.59,3.0,0.08,65.55,186.61,794.34,1370.17
Chiroptera,Vespertilionidae,Myotis,macrotarsus,Myotis macrotarsus,-999,12.64,47.0,-999.0,-999.0,-999.0,-999.0,-999.0,-999,-999.0,-999.0,1,-999.0,-999.0,-999.0,-999.0,-999.0,-999.0,-999.0,-999.0,-999.0,-999.0,-999.0,-999.0,-999,2,-999,-999.0,-999.0,-999,1439;1658;2151;2655,-999.0,-999.0,-999.0,-999.0,237568.76,18.65,4.44,11.54,126.6,117.17,121.88,19,210.89,29.0,0.11,202.61,241.04,1473.97,1733.49
Lagomorpha,Leporidae,Sylvilagus,cognatus,Sylvilagus cognatus,-999,-999.0,-999.0,385.99,-999.0,-999.0,-999.0,-999.0,-999,-999.0,-999.0,-999,-999.0,-999.0,-999.0,-999.0,-999.0,-999.0,-999.0,-999.0,-999.0,-999.0,-999.0,-999.0,-999,-999,-999,-999.0,-999.0,-999,2124,1532.15,-999.0,-999.0,-999.0,2477.48,35.37,34.41,34.89,-106.09,-106.51,-106.3,1,11.96,1.0,0.12,21.81,103.61,412.88,1056.47
Cetacea,Balaenidae,Eubalaena,australis,Eubalaena australis,-999,22999999.91,-999.0,14150.0,-999.0,3102.5,-999.0,-999.0,1,-999.0,361.98,1,-999.0,-999.0,1213.62,-999.0,-999.0,-999.0,-999.0,6099.99,-999.0,-999.0,-999.0,2.5,-999,-999,3,296.33,-999.0,5490,178;312;350;352;492;494;504;505;529;676;899;1672;2227;2487;2499;2655,-999.0,0.59,1409677.13,872755.7,-999.0,-999.0,-999.0,-999.0,-999.0,-999.0,-999.0,-999,-999.0,-999.0,-999.0,-999.0,-999.0,-999.0,-999.0
Primates,Cercopithecidae,Presbytis,melalophos,Presbytis melalophos,3,6439.12,-999.0,504.99,-999.0,-999.0,-999.0,-999.0,1,-999.0,-999.0,-999,0.12,-999.0,-999.0,1.01,-999.0,192.0,-999.0,-999.0,59.34,14.5,-999.0,14.0,-999,-999,1,-999.0,-999.0,-999,208;241;543;730;741;1297;1347;1544;1547;1848;2344;2655;2660;2748;2986,-999.0,-999.0,-999.0,-999.0,130402.58,-0.73,-5.94,-3.33,105.86,100.73,103.29,25,94.67,36.0,0.17,278.5,247.03,1828.29,1857.75
Diprotodontia,Phalangeridae,Ailurops,melanotis,Ailurops melanotis,-999,-999.0,-999.0,-999.0,-999.0,-999.0,-999.0,-999.0,-999,-999.0,-999.0,-999,-999.0,-999.0,-999.0,-999.0,-999.0,-999.0,-999.0,-999.0,-999.0,-999.0,-999.0,-999.0,-999,-999,-999,-999.0,-999.0,-999,-999,-999.0,-999.0,-999.0,-999.0,-999.0,-999.0,-999.0,-999.0,-999.0,-999.0,-999.0,-999,-999.0,-999.0,-999.0,-999.0,-999.0,-999.0,-999.0
Artiodactyla,Bovidae,Procapra,gutturosa,Procapra gutturosa,2,28274.27,-999.0,1243.28,-999.0,-999.0,-999.0,-999.0,1,-999.0,189.94,1,-999.0,-999.0,365.0,1.41,-999.0,84.0,2900.0,-999.0,-999.0,-999.0,893.06,-999.0,-999,1,1,38.97,-999.0,-999,511;543;1297;1525;1848;2042;2655;2670,-999.0,1.1,-999.0,-999.0,322170.9,49.45,42.09,45.77,117.77,91.47,104.62,0,1.55,1.0,0.03,23.87,6.27,281.7,520.8
Primates,Galagidae,Galago,nyasae,Galago nyasae,-999,-999.0,-999.0,-999.0,-999.0,-999.0,-999.0,-999.0,-999,-999.0,-999.0,-999,-999.0,-999.0,-999.0,-999.0,-999.0,-999.0,-999.0,-999.0,-999.0,-999.0,-999.0,-999.0,-999,-999,-999,-999.0,-999.0,-999,-999,-999.0,-999.0,-999.0,-999.0,74222.64,-14.44,-17.49,-15.97,36.54,33.78,35.16,7,66.99,9.0,0.18,85.56,233.38,979.42,1488.87
Rodentia,Geomyidae,Thomomys,clusius,Thomomys clusius,-999,-999.0,-999.0,-999.0,-999.0,-999.0,-999.0,-999.0,3,-999.0,-999.0,2,-999.0,-999.0,-999.0,6.5,-999.0,-999.0,-999.0,-999.0,-999.0,-999.0,-999.0,-999.0,-999,1,1,-999.0,-999.0,-999,1297;2151,-999.0,-999.0,-999.0,-999.0,23161.31,43.61,42.07,42.84,-109.93,-111.95,-110.94,0,2.92,0.0,0.05,30.77,17.79,361.64,765.83
Rodentia,Anomaluridae,Anomalurus,derbianus,Anomalurus derbianus,1,665.84,-999.0,356.94,-999.0,-999.0,-999.0,-999.0,1,-999.0,-999.0,1,0.04,0.04,-999.0,1.0,2.0,-999.0,-999.0,-999.0,50.43,-999.0,-999.0,1.0,-999,2,1,-999.0,-999.0,-999,904;1297;1535;2399;2655,-999.0,-999.0,-999.0,-999.0,7480085.38,9.11,-17.99,-4.44,39.51,-12.61,13.45,0,36.28,1.0,0.15,116.84,230.18,1113.67,1512.99
Primates,Cheirogaleidae,Allocebus,trichotis,Allocebus trichotis,2,78.09,-999.0,133.99,-999.0,-999.0,-999.0,-999.0,4,-999.0,-999.0,1,-999.0,-999.0,-999.0,1.0,1.0,-999.0,-999.0,-999.0,-999.0,2.0,-999.0,1.0,-999,2,2,-999.0,-999.0,125,899;1046;1261;1544;1547;1848;2151;2344;2655,-999.0,-999.0,-999.0,57.15,42488.06,-13.99,-19.18,-16.59,50.48,48.22,49.35,8,30.01,11.0,0.17,190.23,203.17,1388.15,1653.74
Chiroptera,Phyllostomidae,Chrotopterus,auritus,Chrotopterus auritus,-999,78.26,82.56,103.0,-999.0,-999.0,101.86,96.1,3,-999.0,86.09,1,-999.0,-999.0,-999.0,0.99,1.0,-999.0,-999.0,-999.0,-999.0,3.25,-999.0,-999.0,-999,2,2,-999.0,-999.0,-999,108;536;889;890;892;1297;1658;1822;1948;1966;1967;2143;2144;2151;2622;2655;3023,-999.0,-999.0,-999.0,-999.0,9155053.99,21.62,-31.49,-4.93,-38.87,-96.54,-67.71,0,26.42,0.0,0.12,145.4,233.69,1299.96,1511.66
Dasyuromorphia,Dasyuridae,Pseudantechinus,mimulus,Pseudantechinus mimulus,-999,-999.0,-999.0,-999.0,-999.0,-999.0,-999.0,-999.0,-999,-999.0,-999.0,-999,-999.0,-999.0,-999.0,-999.0,-999.0,-999.0,-999.0,-999.0,-999.0,-999.0,-999.0,-999.0,-999,-999,-999,-999.0,-999.0,-999,-999,-999.0,-999.0,-999.0,-999.0,230.43,-15.5,-15.77,-15.64,136.9,136.61,136.75,0,0.0,0.0,-999.0,70.0,268.0,726.0,1652.0
Carnivora,Viverridae,Genetta,maculata,Genetta maculata,1,1950.0,-999.0,-999.0,-999.0,-999.0,-999.0,-999.0,6,-999.0,-999.0,1,-999.0,-999.0,-999.0,2.12,-999.0,-999.0,-999.0,-999.0,-999.0,-999.0,-999.0,-999.0,-999,1,2,-999.0,-999.0,-999,1113;1297;2655,-999.0,-999.0,-999.0,-999.0,12805950.62,18.2,-30.0,-5.9,47.59,-1.4,23.09,0,34.65,1.0,0.14,96.79,233.19,993.46,1540.37
Afrosoricida,Chrysochloridae,Amblysomus,hottentotus,Amblysomus hottentotus,2,62.6,-999.0,121.49,-999.0,-999.0,84.7,70.0,2,-999.0,-999.0,2,0.000334208,0.000462683,-999.0,1.86,2.0,12.0,4.5,47.0,1000.0,1.0,-999.0,1.0,-999,1,2,-999.0,-999.0,-999,285;948;949;966;1297;1339;1664;1713;1714;1822;1848;2131;2629;2655;2786,-999.0,-999.0,-999.0,-999.0,256161.76,-26.13,-33.34,-29.74,30.97,24.74,27.85,2,42.92,3.0,0.1,55.31,146.14,798.1,1134.38
Chiroptera,Pteropodidae,Harpyionycteris,whiteheadi,Harpyionycteris whiteheadi,-999,135.48,85.47,152.15,-999.0,365.0,-999.0,-999.0,1,-999.0,132.74,1,-999.0,-999.0,-999.0,1.0,2.0,-999.0,-999.0,-999.0,-999.0,-999.0,-999.0,-999.0,-999,2,1,111.6,-999.0,-999,1314;1439;1658;2017;2151;2270;2655;2804;2885,-999.0,-999.0,-999.0,-999.0,231112.21,18.65,5.55,12.1,126.6,119.74,123.17,19,233.58,32.0,0.1,200.92,241.16,1470.69,1729.38
Chiroptera,Molossidae,Eumops,trumbulli,Eumops trumbulli,-999,-999.0,-999.0,-999.0,-999.0,-999.0,-999.0,-999.0,-999,-999.0,-999.0,-999,-999.0,-999.0,-999.0,-999.0,-999.0,-999.0,-999.0,-999.0,-999.0,-999.0,-999.0,-999.0,-999,-999,-999,-999.0,-999.0,-999,-999,-999.0,-999.0,-999.0,-999.0,7676222.32,11.11,-17.92,-3.4,-48.9,-81.32,-65.11,0,14.33,0.0,0.13,169.16,235.24,1367.82,1558.49
Carnivora,Felidae,Leopardus,tigrinus,Leopardus tigrinus,-999,-999.0,-999.0,-999.0,-999.0,-999.0,-999.0,-999.0,-999,-999.0,-999.0,-999,-999.0,-999.0,-999.0,-999.0,-999.0,-999.0,-999.0,-999.0,-999.0,-999.0,-999.0,-999.0,-999,-999,-999,-999.0,-999.0,-999,-999,-999.0,-999.0,-999.0,-999.0,11884529.12,12.46,-31.17,-9.35,-34.79,-84.38,-59.58,0,25.54,0.0,0.11,146.19,238.17,1284.44,1525.1
Rodentia,Capromyidae,Mesocapromys,nanus,Mesocapromys nanus,-999,-999.0,-999.0,-999.0,-999.0,-999.0,-999.0,-999.0,3,-999.0,-999.0,1,-999.0,-999.0,-999.0,1.0,-999.0,-999.0,-999.0,-999.0,-999.0,-999.0,-999.0,-999.0,4,2,2,-999.0,-999.0,-999,2151,-999.0,-999.0,-999.0,-999.0,3340.02,22.64,22.05,22.34,-81.13,-82.16,-81.64,2,33.14,2.0,0.005484038,113.97,257.99,-999.0,-999.0
Cetacea,Ziphiidae,Mesoplodon,carlhubbsi,Mesoplodon carlhubbsi,-999,3400000.0,-999.0,5396.8,-999.0,-999.0,-999.0,-999.0,-999,-999.0,365.0,1,-999.0,-999.0,-999.0,0.97,-999.0,-999.0,-999.0,-999.0,-999.0,-999.0,-999.0,-999.0,-999,-999,-999,-999.0,-999.0,-999,165;1217;1297;2151;2655,-999.0,-999.0,-999.0,-999.0,-999.0,-999.0,-999.0,-999.0,-999.0,-999.0,-999.0,-999,-999.0,-999.0,-999.0,-999.0,-999.0,-999.0,-999.0
Carnivora,Canidae,Lycalopex,culpaeus,Lycalopex culpaeus,1,8616.24,-999.0,720.34,-999.0,-999.0,-999.0,-999.0,2,-999.0,58.72,1,5.05,5.35,365.0,4.88,-999.0,-999.0,167.99,-999.0,1.01,-999.0,377.37,-999.0,-999,1,3,48.22,-999.0,-999,890;1113;1297;1473;1573;2655,-999.0,1.1,-999.0,-999.0,2809619.42,1.65,-55.05,-26.69,-63.1,-80.11,-71.61,0,17.94,0.0,0.09,56.2,88.75,553.71,1078.14
Chiroptera,Vespertilionidae,Miniopterus,manavi,Miniopterus manavi,-999,-999.0,37.03,-999.0,-999.0,-999.0,-999.0,-999.0,1,-999.0,-999.0,-999,-999.0,-999.0,-999.0,-999.0,-999.0,-999.0,-999.0,-999.0,-999.0,-999.0,-999.0,-999.0,-999,-999,3,-999.0,-999.0,-999,1048;1346;1658,7.81,-999.0,-999.0,-999.0,594962.84,-11.36,-25.6,-18.48,50.48,43.21,46.84,2,28.87,3.0,0.19,120.91,219.78,1075.65,1581.19
Chiroptera,Phyllostomidae,Anoura,geoffroyi,Anoura geoffroyi,-999,15.15,42.66,-999.0,-999.0,-999.0,-999.0,-999.0,3,-999.0,125.14,1,-999.0,-999.0,-999.0,0.99,1.0,120.0,4.99,-999.0,-999.0,-999.0,-999.0,-999.0,-999,2,2,62.5,8.24,-999,108;196;217;543;889;1297;1311;1325;1388;1658;2143;2151;2622;2655;2719;2763;3023;3037;3038,-999.0,-999.0,-999.0,-999.0,8631465.89,25.97,-25.46,0.25,-34.79,-108.83,-71.81,0,44.96,0.0,0.1,128.98,221.14,1191.28,1510.91
Chiroptera,Molossidae,Otomops,madagascariensis,Otomops madagascariensis,-999,-999.0,-999.0,-999.0,-999.0,-999.0,-999.0,-999.0,-999,-999.0,-999.0,-999,-999.0,-999.0,-999.0,-999.0,-999.0,-999.0,-999.0,-999.0,-999.0,-999.0,-999.0,-999.0,-999,-999,-999,-999.0,-999.0,-999,-999,-999.0,-999.0,-999.0,-999.0,215525.86,-11.94,-25.6,-18.77,50.02,43.22,46.62,2,15.28,2.0,0.19,92.01,239.23,932.01,1626.18
Soricomorpha,Soricidae,Crocidura,baileyi,Crocidura baileyi,-999,-999.0,-999.0,-999.0,-999.0,-999.0,-999.0,-999.0,-999,-999.0,-999.0,-999,-999.0,-999.0,-999.0,-999.0,-999.0,-999.0,-999.0,-999.0,-999.0,-999.0,-999.0,-999.0,-999,-999,-999,-999.0,-999.0,-999,-999,-999.0,-999.0,-999.0,-999.0,72438.02,13.2,9.44,11.32,39.84,37.09,38.46,28,111.12,30.0,0.14,98.83,164.98,928.3,1504.6
Rodentia,Bathyergidae,Cryptomys,darlingi,Cryptomys darlingi,-999,65.58,-999.0,-999.0,19.0,-999.0,67.23,81.0,-999,-999.0,57.82,1,-999.0,-999.0,133.0,1.84,-999.0,-999.0,7.54,-999.0,-999.0,7.0,-999.0,8.0,-999,1,-999,27.28,-999.0,-999,247;248;250;1035;1822;2557,-999.0,1.83,-999.0,-999.0,-999.0,-999.0,-999.0,-999.0,-999.0,-999.0,-999.0,-999,-999.0,-999.0,-999.0,-999.0,-999.0,-999.0,-999.0
